s,C,C,C,C,C,C,C,C,C,C,C,C,C,C,C,C,C,C,C,C,C,C,C,C,C,C,C,C,C,C,C,C,C,C,C,C,C,C,C,C,C,C,C,C,C,C,C,C,C,C,C,C,C,C,C,C,C,C,C,C,C,C,C,C,C,C,C,C,C,C,C,C,C,C,C,C,C,C,C,C,C,C,C,C,C,C,C,C,C,C,C,C,C,C,C,C,C,C,C,C,C,C,C,C,C,C,C,C,C,C,C,C,C,C,C,C,C,C,C,C,C,C,C,C,C,C,C,C,C,C,C,C,C,C,C,C,C,C,C,C,C,C,C,C,C,C,C,C,C,C,C,C,C,C,C,C,C,C,C,C,C,C,C,C,C,C,C,C,C,C,C,C,C,C,C,C,C,C,C,C,C,C,C,C,C,C,C,C,C,C,C,C,C,C,C,C,C,C,C,C,C,C,C,C,C,C,C,C,C,C,C,C,C,C,C,C,C,C,C,C,C,C,C,C,C,C,C,C,C,C,C,C,C,C,C,C,C,C,C,C,C,C,C,C,C,C,C,C,C,C,C,C,C,C
Time,"0.1_0.5","0.1_1.5","0.1_2.5","0.1_3.5","0.1_4.5","0.1_5.5","0.1_6.5","0.1_7.5","0.1_8.5","0.1_9.5","0.1_10.5","0.1_11.5","0.1_12.5","0.1_13.5","0.1_14.5","0.1_15.5","0.1_16.5","0.1_17.5","0.1_18.5","0.1_19.5","0.1_20.5","0.1_21.5","0.1_22.5","0.1_23.5","0.1_24.5","0.1_25.5","0.1_26.5","0.1_27.5","0.1_28.5","0.1_29.5","0.1_30.5","0.1_31.5","0.1_32.5","0.1_33.5","0.1_34.5","0.1_35.5","0.1_36.5","0.1_37.5","0.1_38.5","0.1_39.5","0.1_40.5","0.1_41.5","0.1_42.5","0.1_43.5","0.1_44.5","0.1_45.5","0.1_46.5","0.1_47.5","0.1_48.5","0.1_49.5","0.1_50.5","0.1_51.5","0.1_52.5","0.1_53.5","0.1_54.5","0.1_55.5","0.1_56.5","0.1_57.5","0.1_58.5","0.1_59.5","0.1_60.5","0.1_61.5","0.1_62.5","0.1_63.5","0.1_64.5","0.1_65.5","0.1_66.5","0.1_67.5","0.1_68.5","0.1_69.5","0.1_70.5","0.1_71.5","0.1_72.5","0.1_73.5","0.1_74.5","0.1_75.5","0.1_76.5","0.1_77.5","0.1_78.5","0.1_79.5","0.1_80.5","0.1_81.5","0.1_82.5","0.1_83.5","0.1_84.5","0.1_85.5","0.1_86.5","0.1_87.5","0.1_88.5","0.1_89.5","0.1_90.5","0.1_91.5","0.1_92.5","0.1_93.5","0.1_94.5","0.1_95.5","0.1_96.5","0.1_97.5","0.1_98.5","0.1_99.5","0.1_100.5","0.1_101.5","0.1_102.5","0.1_103.5","0.1_104.5","0.1_105.5","0.1_106.5","0.1_107.5","0.1_108.5","0.1_109.5","0.1_110.5","0.1_111.5","0.1_112.5","0.1_113.5","0.1_114.5","0.1_115.5","0.1_116.5","0.1_117.5","0.1_118.5","0.1_119.5","0.1_120.5","0.1_121.5","0.1_122.5","0.1_123.5","0.1_124.5","0.1_125.5","0.1_126.5","0.1_127.5","0.1_128.5","0.1_129.5","0.1_130.5","0.1_131.5","0.1_132.5","0.1_133.5","0.1_134.5","0.1_135.5","0.1_136.5","0.1_137.5","0.1_138.5","0.1_139.5","0.1_140.5","0.1_141.5","0.1_142.5","0.1_143.5","0.1_144.5","0.1_145.5","0.1_146.5","0.1_147.5","0.1_148.5","0.1_149.5","0.1_150.5","0.1_151.5","0.1_152.5","0.1_153.5","0.1_154.5","0.1_155.5","0.1_156.5","0.1_157.5","0.1_158.5","0.1_159.5","0.5_0.5","0.5_1.5","0.5_2.5","0.5_3.5","0.5_4.5","0.5_5.5","0.5_6.5","0.5_7.5","0.5_8.5","0.5_9.5","0.5_10.5","0.5_11.5","0.5_12.5","0.5_13.5","0.5_14.5","0.5_15.5","0.5_16.5","0.5_17.5","0.5_18.5","0.5_19.5","0.5_20.5","0.5_21.5","0.5_22.5","0.5_23.5","0.5_24.5","0.5_25.5","0.5_26.5","0.5_27.5","0.5_28.5","0.5_29.5","0.5_30.5","0.5_31.5","0.5_32.5","0.5_33.5","0.5_34.5","0.5_35.5","0.5_36.5","0.5_37.5","0.5_38.5","0.5_39.5","0.5_40.5","0.5_41.5","0.5_42.5","0.5_43.5","0.5_44.5","0.5_45.5","0.5_46.5","0.5_47.5","0.5_48.5","0.5_49.5","0.5_50.5","0.5_51.5","0.5_52.5","0.5_53.5","0.5_54.5","0.5_55.5","0.5_56.5","0.5_57.5","0.5_58.5","0.5_59.5","0.5_60.5","0.5_61.5","0.5_62.5","0.5_63.5","0.5_64.5","0.5_65.5","0.5_66.5","0.5_67.5","0.5_68.5","0.5_69.5","0.5_70.5","0.5_71.5","0.5_72.5","0.5_73.5","0.5_74.5","0.5_75.5","0.5_76.5","0.5_77.5","0.5_78.5","0.5_79.5","0.5_80.5","0.5_81.5","0.5_82.5","0.5_83.5","0.5_84.5","0.5_85.5","0.5_86.5","0.5_87.5","0.5_88.5","0.5_89.5","0.5_90.5","0.5_91.5","0.5_92.5","0.5_93.5"
 0.0000000E+000, 2.0000000E+001, 2.0000000E+001, 2.0000000E+001, 2.0000000E+001, 2.0000000E+001, 2.0000000E+001, 2.0000000E+001, 2.0000000E+001, 2.0000000E+001, 2.0000000E+001, 2.0000000E+001, 2.0000000E+001, 2.0000000E+001, 2.0000000E+001, 2.0000000E+001, 2.0000000E+001, 2.0000000E+001, 2.0000000E+001, 2.0000000E+001, 2.0000000E+001, 2.0000000E+001, 2.0000000E+001, 2.0000000E+001, 2.0000000E+001, 2.0000000E+001, 2.0000000E+001, 2.0000000E+001, 2.0000000E+001, 2.0000000E+001, 2.0000000E+001, 2.0000000E+001, 2.0000000E+001, 2.0000000E+001, 2.0000000E+001, 2.0000000E+001, 2.0000000E+001, 2.0000000E+001, 2.0000000E+001, 2.0000000E+001, 2.0000000E+001, 2.0000000E+001, 2.0000000E+001, 2.0000000E+001, 2.0000000E+001, 2.0000000E+001, 2.0000000E+001, 2.0000000E+001, 2.0000000E+001, 2.0000000E+001, 2.0000000E+001, 2.0000000E+001, 2.0000000E+001, 2.0000000E+001, 2.0000000E+001, 2.0000000E+001, 2.0000000E+001, 2.0000000E+001, 2.0000000E+001, 2.0000000E+001, 2.0000000E+001, 2.0000000E+001, 2.0000000E+001, 2.0000000E+001, 2.0000000E+001, 2.0000000E+001, 2.0000000E+001, 2.0000000E+001, 2.0000000E+001, 2.0000000E+001, 2.0000000E+001, 2.0000000E+001, 2.0000000E+001, 2.0000000E+001, 2.0000000E+001, 2.0000000E+001, 2.0000000E+001, 2.0000000E+001, 2.0000000E+001, 2.0000000E+001, 2.0000000E+001, 2.0000000E+001, 2.0000000E+001, 2.0000000E+001, 2.0000000E+001, 2.0000000E+001, 2.0000000E+001, 2.0000000E+001, 2.0000000E+001, 2.0000000E+001, 2.0000000E+001, 2.0000000E+001, 2.0000000E+001, 2.0000000E+001, 2.0000000E+001, 2.0000000E+001, 2.0000000E+001, 2.0000000E+001, 2.0000000E+001, 2.0000000E+001, 2.0000000E+001, 2.0000000E+001, 2.0000000E+001, 2.0000000E+001, 2.0000000E+001, 2.0000000E+001, 2.0000000E+001, 2.0000000E+001, 2.0000000E+001, 2.0000000E+001, 2.0000000E+001, 2.0000000E+001, 2.0000000E+001, 2.0000000E+001, 2.0000000E+001, 2.0000000E+001, 2.0000000E+001, 2.0000000E+001, 2.0000000E+001, 2.0000000E+001, 2.0000000E+001, 2.0000000E+001, 2.0000000E+001, 2.0000000E+001, 2.0000000E+001, 2.0000000E+001, 2.0000000E+001, 2.0000000E+001, 2.0000000E+001, 2.0000000E+001, 2.0000000E+001, 2.0000000E+001, 2.0000000E+001, 2.0000000E+001, 2.0000000E+001, 2.0000000E+001, 2.0000000E+001, 2.0000000E+001, 2.0000000E+001, 2.0000000E+001, 2.0000000E+001, 2.0000000E+001, 2.0000000E+001, 2.0000000E+001, 2.0000000E+001, 2.0000000E+001, 2.0000000E+001, 2.0000000E+001, 2.0000000E+001, 2.0000000E+001, 2.0000000E+001, 2.0000000E+001, 2.0000000E+001, 2.0000000E+001, 2.0000000E+001, 2.0000000E+001, 2.0000000E+001, 2.0000000E+001, 2.0000000E+001, 2.0000000E+001, 2.0000000E+001, 2.0000000E+001, 2.0000000E+001, 2.0000000E+001, 2.0000000E+001, 2.0000000E+001, 2.0000000E+001, 2.0000000E+001, 2.0000000E+001, 2.0000000E+001, 2.0000000E+001, 2.0000000E+001, 2.0000000E+001, 2.0000000E+001, 2.0000000E+001, 2.0000000E+001, 2.0000000E+001, 2.0000000E+001, 2.0000000E+001, 2.0000000E+001, 2.0000000E+001, 2.0000000E+001, 2.0000000E+001, 2.0000000E+001, 2.0000000E+001, 2.0000000E+001, 2.0000000E+001, 2.0000000E+001, 2.0000000E+001, 2.0000000E+001, 2.0000000E+001, 2.0000000E+001, 2.0000000E+001, 2.0000000E+001, 2.0000000E+001, 2.0000000E+001, 2.0000000E+001, 2.0000000E+001, 2.0000000E+001, 2.0000000E+001, 2.0000000E+001, 2.0000000E+001, 2.0000000E+001, 2.0000000E+001, 2.0000000E+001, 2.0000000E+001, 2.0000000E+001, 2.0000000E+001, 2.0000000E+001, 2.0000000E+001, 2.0000000E+001, 2.0000000E+001, 2.0000000E+001, 2.0000000E+001, 2.0000000E+001, 2.0000000E+001, 2.0000000E+001, 2.0000000E+001, 2.0000000E+001, 2.0000000E+001, 2.0000000E+001, 2.0000000E+001, 2.0000000E+001, 2.0000000E+001, 2.0000000E+001, 2.0000000E+001, 2.0000000E+001, 2.0000000E+001, 2.0000000E+001, 2.0000000E+001, 2.0000000E+001, 2.0000000E+001, 2.0000000E+001, 2.0000000E+001, 2.0000000E+001, 2.0000000E+001, 2.0000000E+001, 2.0000000E+001, 2.0000000E+001, 2.0000000E+001, 2.0000000E+001, 2.0000000E+001, 2.0000000E+001, 2.0000000E+001, 2.0000000E+001, 2.0000000E+001, 2.0000000E+001, 2.0000000E+001, 2.0000000E+001, 2.0000000E+001, 2.0000000E+001, 2.0000000E+001, 2.0000000E+001, 2.0000000E+001, 2.0000000E+001
 1.0108204E+000, 1.9999985E+001, 1.9999999E+001, 2.0000010E+001, 1.9999978E+001, 2.0000000E+001, 1.9999978E+001, 2.0000007E+001, 2.0000005E+001, 1.9999991E+001, 2.0000012E+001, 1.9999970E+001, 2.0000012E+001, 1.9999991E+001, 2.0000015E+001, 2.0000005E+001, 1.9999982E+001, 2.0000012E+001, 2.0000011E+001, 2.0000006E+001, 2.0000016E+001, 2.0000027E+001, 2.0000028E+001, 2.0000017E+001, 1.9999985E+001, 2.0000011E+001, 2.0000007E+001, 2.0000008E+001, 1.9999998E+001, 2.0000024E+001, 2.0000010E+001, 1.9999996E+001, 1.9999970E+001, 1.9999972E+001, 2.0000004E+001, 1.9999981E+001, 2.0000012E+001, 2.0000006E+001, 1.9999987E+001, 1.9999986E+001, 1.9999984E+001, 2.0000006E+001, 1.9999985E+001, 2.0000002E+001, 1.9999983E+001, 2.0000011E+001, 1.9999988E+001, 1.9999994E+001, 1.9999997E+001, 1.9999999E+001, 2.0000016E+001, 2.0000008E+001, 1.9999988E+001, 2.0000014E+001, 1.9999993E+001, 1.9999974E+001, 1.9999989E+001, 1.9999982E+001, 1.9999979E+001, 1.9999996E+001, 2.0000023E+001, 2.0000004E+001, 1.9999980E+001, 2.0000009E+001, 2.0000022E+001, 2.0000005E+001, 2.0000014E+001, 2.0000009E+001, 2.0000004E+001, 1.9999993E+001, 2.0000014E+001, 2.0000010E+001, 1.9999995E+001, 1.9999984E+001, 2.0000010E+001, 2.0000002E+001, 1.9999997E+001, 2.0000008E+001, 1.9999992E+001, 2.0000017E+001, 2.0000026E+001, 2.0000040E+001, 2.0000036E+001, 2.0000025E+001, 2.0000032E+001, 2.0000038E+001, 2.0000064E+001, 2.0012004E+001, 2.0014343E+001, 2.0015440E+001, 2.0015505E+001, 2.0016539E+001, 2.0019990E+001, 2.0023180E+001, 2.0025844E+001, 2.0032160E+001, 2.0031655E+001, 2.0035495E+001, 2.0031290E+001, 2.0029408E+001, 2.0025018E+001, 2.0021991E+001, 2.0018386E+001, 2.0014793E+001, 2.0013421E+001, 2.0013669E+001, 2.0013824E+001, 2.0000442E+001, 2.0000022E+001, 2.0000023E+001, 2.0000007E+001, 2.0000016E+001, 2.0000019E+001, 2.0000007E+001, 2.0000009E+001, 2.0000020E+001, 2.0000024E+001, 2.0000015E+001, 2.0000009E+001, 2.0000016E+001, 2.0000001E+001, 2.0000006E+001, 2.0000009E+001, 2.0000003E+001, 2.0000010E+001, 2.0000006E+001, 1.9999992E+001, 2.0000006E+001, 2.0000010E+001, 2.0000003E+001, 2.0000005E+001, 1.9999997E+001, 1.9999997E+001, 2.0000002E+001, 1.9999995E+001, 2.0000002E+001, 2.0000011E+001, 2.0000005E+001, 1.9999994E+001, 1.9999999E+001, 1.9999994E+001, 1.9999999E+001, 2.0000010E+001, 1.9999997E+001, 1.9999997E+001, 2.0000008E+001, 1.9999998E+001, 1.9999997E+001, 1.9999997E+001, 1.9999989E+001, 1.9999997E+001, 1.9999990E+001, 2.0000009E+001, 2.0000004E+001, 1.9999999E+001, 1.9999996E+001, 1.9999999E+001, 1.9999999E+001, 1.9999996E+001, 1.9999998E+001, 2.0000007E+001, 1.9999978E+001, 2.0000003E+001, 1.9999992E+001, 1.9999969E+001, 2.0000013E+001, 1.9999977E+001, 1.9999997E+001, 2.0000011E+001, 1.9999990E+001, 2.0000025E+001, 1.9999988E+001, 2.0000011E+001, 1.9999987E+001, 2.0000014E+001, 2.0000016E+001, 1.9999965E+001, 1.9999994E+001, 1.9999995E+001, 2.0000016E+001, 1.9999997E+001, 2.0000027E+001, 2.0000036E+001, 2.0000013E+001, 1.9999999E+001, 2.0000028E+001, 1.9999983E+001, 2.0000021E+001, 2.0000004E+001, 2.0000011E+001, 2.0000008E+001, 2.0000000E+001, 1.9999946E+001, 1.9999976E+001, 1.9999995E+001, 1.9999966E+001, 1.9999988E+001, 1.9999994E+001, 1.9999986E+001, 1.9999975E+001, 1.9999971E+001, 2.0000014E+001, 1.9999964E+001, 2.0000028E+001, 1.9999991E+001, 2.0000002E+001, 1.9999995E+001, 1.9999988E+001, 1.9999992E+001, 1.9999992E+001, 1.9999999E+001, 2.0000013E+001, 1.9999957E+001, 2.0000000E+001, 1.9999983E+001, 1.9999980E+001, 1.9999964E+001, 1.9999986E+001, 1.9999993E+001, 1.9999974E+001, 2.0000020E+001, 2.0000007E+001, 1.9999982E+001, 1.9999996E+001, 2.0000018E+001, 2.0000033E+001, 2.0000031E+001, 2.0000032E+001, 2.0000006E+001, 1.9999976E+001, 2.0000014E+001, 2.0000010E+001, 1.9999995E+001, 2.0000011E+001, 1.9999984E+001, 1.9999989E+001, 1.9999992E+001, 1.9999995E+001, 1.9999972E+001, 2.0000006E+001, 2.0000053E+001, 2.0000030E+001, 2.0000043E+001, 2.0000042E+001, 2.0000025E+001, 2.0000065E+001, 2.0000049E+001, 2.0010871E+001, 2.0014062E+001, 2.0016333E+001, 2.0017203E+001, 2.0018014E+001, 2.0020903E+001, 2.0024617E+001, 2.0027678E+001
 2.0206831E+000, 2.0000080E+001, 2.0000105E+001, 2.0000130E+001, 2.0000098E+001, 2.0000113E+001, 2.0000126E+001, 2.0000145E+001, 2.0000161E+001, 2.0000151E+001, 2.0000160E+001, 2.0000144E+001, 2.0000179E+001, 2.0000168E+001, 2.0000197E+001, 2.0000182E+001, 2.0000183E+001, 2.0000199E+001, 2.0000222E+001, 2.0000206E+001, 2.0000227E+001, 2.0000235E+001, 2.0000239E+001, 2.0000240E+001, 2.0000215E+001, 2.0000251E+001, 2.0000237E+001, 2.0000261E+001, 2.0000241E+001, 2.0000258E+001, 2.0000268E+001, 2.0000235E+001, 2.0000254E+001, 2.0000264E+001, 2.0000304E+001, 2.0000291E+001, 2.0000314E+001, 2.0000342E+001, 2.0000356E+001, 2.0000385E+001, 2.0000427E+001, 2.0000508E+001, 2.0000563E+001, 2.0000648E+001, 2.0000727E+001, 2.0000879E+001, 2.0000987E+001, 2.0001185E+001, 2.0001374E+001, 2.0001647E+001, 2.0001888E+001, 2.0002272E+001, 2.0002555E+001, 2.0003084E+001, 2.0003456E+001, 2.0004084E+001, 2.0004553E+001, 2.0005316E+001, 2.0005894E+001, 2.0006784E+001, 2.0007424E+001, 2.0008361E+001, 2.0009010E+001, 2.0009992E+001, 2.0010620E+001, 2.0011489E+001, 2.0012030E+001, 2.0012726E+001, 2.0013117E+001, 2.0013536E+001, 2.0013756E+001, 2.0013919E+001, 2.0013942E+001, 2.0013898E+001, 2.0013832E+001, 2.0013752E+001, 2.0013724E+001, 2.0013845E+001, 2.0014061E+001, 2.0014736E+001, 2.0015487E+001, 2.0017257E+001, 2.0019064E+001, 2.0023086E+001, 2.0027131E+001, 2.0035941E+001, 2.0044130E+001, 2.0093132E+001, 2.0169464E+001, 2.0199985E+001, 2.0221093E+001, 2.0241006E+001, 2.0276646E+001, 2.0327545E+001, 2.0372277E+001, 2.0435255E+001, 2.0498846E+001, 2.0521025E+001, 2.0535132E+001, 2.0505793E+001, 2.0452693E+001, 2.0395348E+001, 2.0343014E+001, 2.0288562E+001, 2.0242386E+001, 2.0214230E+001, 2.0198793E+001, 2.0149457E+001, 2.0099108E+001, 2.0055926E+001, 2.0047018E+001, 2.0036529E+001, 2.0030413E+001, 2.0023273E+001, 2.0019664E+001, 2.0015602E+001, 2.0013593E+001, 2.0011336E+001, 2.0010196E+001, 2.0008893E+001, 2.0008242E+001, 2.0007467E+001, 2.0007040E+001, 2.0006507E+001, 2.0006196E+001, 2.0005773E+001, 2.0005510E+001, 2.0005119E+001, 2.0004852E+001, 2.0004464E+001, 2.0004208E+001, 2.0003817E+001, 2.0003554E+001, 2.0003177E+001, 2.0002941E+001, 2.0002606E+001, 2.0002387E+001, 2.0002088E+001, 2.0001912E+001, 2.0001661E+001, 2.0001511E+001, 2.0001313E+001, 2.0001198E+001, 2.0001058E+001, 2.0000978E+001, 2.0000873E+001, 2.0000818E+001, 2.0000746E+001, 2.0000712E+001, 2.0000677E+001, 2.0000657E+001, 2.0000634E+001, 2.0000620E+001, 2.0000622E+001, 2.0000623E+001, 2.0000617E+001, 2.0000626E+001, 2.0000643E+001, 2.0000651E+001, 2.0000667E+001, 2.0000682E+001, 2.0000081E+001, 2.0000103E+001, 2.0000127E+001, 2.0000095E+001, 2.0000136E+001, 2.0000120E+001, 2.0000142E+001, 2.0000189E+001, 2.0000151E+001, 2.0000185E+001, 2.0000184E+001, 2.0000202E+001, 2.0000196E+001, 2.0000228E+001, 2.0000231E+001, 2.0000214E+001, 2.0000228E+001, 2.0000258E+001, 2.0000270E+001, 2.0000261E+001, 2.0000313E+001, 2.0000298E+001, 2.0000308E+001, 2.0000292E+001, 2.0000337E+001, 2.0000300E+001, 2.0000360E+001, 2.0000338E+001, 2.0000332E+001, 2.0000355E+001, 2.0000340E+001, 2.0000325E+001, 2.0000365E+001, 2.0000379E+001, 2.0000365E+001, 2.0000377E+001, 2.0000412E+001, 2.0000408E+001, 2.0000421E+001, 2.0000456E+001, 2.0000519E+001, 2.0000535E+001, 2.0000616E+001, 2.0000658E+001, 2.0000742E+001, 2.0000813E+001, 2.0000971E+001, 2.0001090E+001, 2.0001285E+001, 2.0001469E+001, 2.0001791E+001, 2.0001986E+001, 2.0002448E+001, 2.0002757E+001, 2.0003291E+001, 2.0003740E+001, 2.0004483E+001, 2.0005037E+001, 2.0005906E+001, 2.0006580E+001, 2.0007631E+001, 2.0008383E+001, 2.0009556E+001, 2.0010371E+001, 2.0011590E+001, 2.0012372E+001, 2.0013507E+001, 2.0014181E+001, 2.0015079E+001, 2.0015629E+001, 2.0016202E+001, 2.0016462E+001, 2.0016729E+001, 2.0016739E+001, 2.0016708E+001, 2.0016620E+001, 2.0016523E+001, 2.0016520E+001, 2.0016770E+001, 2.0017205E+001, 2.0018321E+001, 2.0019636E+001, 2.0022681E+001, 2.0025904E+001, 2.0033237E+001, 2.0040458E+001, 2.0086667E+001, 2.0163754E+001, 2.0201907E+001, 2.0232639E+001, 2.0257610E+001, 2.0291651E+001, 2.0344188E+001, 2.0396421E+001
 3.0126066E+000, 2.0000327E+001, 2.0000583E+001, 2.0000724E+001, 2.0000773E+001, 2.0000823E+001, 2.0000841E+001, 2.0000904E+001, 2.0000931E+001, 2.0001022E+001, 2.0001047E+001, 2.0001089E+001, 2.0001130E+001, 2.0001196E+001, 2.0001239E+001, 2.0001307E+001, 2.0001342E+001, 2.0001400E+001, 2.0001426E+001, 2.0001517E+001, 2.0001538E+001, 2.0001593E+001, 2.0001623E+001, 2.0001688E+001, 2.0001719E+001, 2.0001770E+001, 2.0001808E+001, 2.0001848E+001, 2.0001889E+001, 2.0001938E+001, 2.0001951E+001, 2.0002017E+001, 2.0002019E+001, 2.0002066E+001, 2.0002100E+001, 2.0002152E+001, 2.0002187E+001, 2.0002239E+001, 2.0002305E+001, 2.0002401E+001, 2.0002466E+001, 2.0002591E+001, 2.0002711E+001, 2.0002947E+001, 2.0003095E+001, 2.0003426E+001, 2.0003683E+001, 2.0004171E+001, 2.0004531E+001, 2.0005245E+001, 2.0005765E+001, 2.0006747E+001, 2.0007502E+001, 2.0008812E+001, 2.0009823E+001, 2.0011566E+001, 2.0012892E+001, 2.0015096E+001, 2.0016719E+001, 2.0019426E+001, 2.0021395E+001, 2.0024596E+001, 2.0026859E+001, 2.0030438E+001, 2.0032941E+001, 2.0036813E+001, 2.0039467E+001, 2.0043490E+001, 2.0046219E+001, 2.0050336E+001, 2.0053117E+001, 2.0057365E+001, 2.0060322E+001, 2.0065027E+001, 2.0068438E+001, 2.0074140E+001, 2.0078471E+001, 2.0085998E+001, 2.0091842E+001, 2.0102210E+001, 2.0110371E+001, 2.0125087E+001, 2.0136767E+001, 2.0158157E+001, 2.0175540E+001, 2.0208049E+001, 2.0235034E+001, 2.0283291E+001, 2.0392476E+001, 2.0533386E+001, 2.0634887E+001, 2.0729677E+001, 2.0835402E+001, 2.0967002E+001, 2.1129347E+001, 2.1303140E+001, 2.1502778E+001, 2.1709358E+001, 2.1832241E+001, 2.1886948E+001, 2.1880641E+001, 2.1778592E+001, 2.1577461E+001, 2.1363056E+001, 2.1165533E+001, 2.0981568E+001, 2.0823947E+001, 2.0652659E+001, 2.0553277E+001, 2.0421418E+001, 2.0341612E+001, 2.0257844E+001, 2.0224270E+001, 2.0186723E+001, 2.0164650E+001, 2.0137305E+001, 2.0122552E+001, 2.0104363E+001, 2.0094372E+001, 2.0081868E+001, 2.0074897E+001, 2.0066090E+001, 2.0061123E+001, 2.0054717E+001, 2.0051008E+001, 2.0046104E+001, 2.0043185E+001, 2.0039199E+001, 2.0036744E+001, 2.0033280E+001, 2.0031095E+001, 2.0027990E+001, 2.0026019E+001, 2.0023190E+001, 2.0021399E+001, 2.0018879E+001, 2.0017312E+001, 2.0015131E+001, 2.0013787E+001, 2.0011952E+001, 2.0010849E+001, 2.0009365E+001, 2.0008483E+001, 2.0007320E+001, 2.0006652E+001, 2.0005799E+001, 2.0005309E+001, 2.0004682E+001, 2.0004330E+001, 2.0003893E+001, 2.0003659E+001, 2.0003382E+001, 2.0003229E+001, 2.0003047E+001, 2.0002956E+001, 2.0002864E+001, 2.0002811E+001, 2.0002759E+001, 2.0002753E+001, 2.0002756E+001, 2.0002770E+001, 2.0000326E+001, 2.0000604E+001, 2.0000715E+001, 2.0000794E+001, 2.0000833E+001, 2.0000875E+001, 2.0000936E+001, 2.0000974E+001, 2.0001095E+001, 2.0001112E+001, 2.0001163E+001, 2.0001235E+001, 2.0001313E+001, 2.0001370E+001, 2.0001470E+001, 2.0001534E+001, 2.0001616E+001, 2.0001653E+001, 2.0001764E+001, 2.0001813E+001, 2.0001886E+001, 2.0001954E+001, 2.0002042E+001, 2.0002114E+001, 2.0002200E+001, 2.0002266E+001, 2.0002340E+001, 2.0002399E+001, 2.0002508E+001, 2.0002527E+001, 2.0002620E+001, 2.0002670E+001, 2.0002736E+001, 2.0002798E+001, 2.0002858E+001, 2.0002907E+001, 2.0002961E+001, 2.0003048E+001, 2.0003113E+001, 2.0003171E+001, 2.0003272E+001, 2.0003346E+001, 2.0003535E+001, 2.0003603E+001, 2.0003862E+001, 2.0004028E+001, 2.0004356E+001, 2.0004652E+001, 2.0005145E+001, 2.0005523E+001, 2.0006256E+001, 2.0006854E+001, 2.0007862E+001, 2.0008704E+001, 2.0010182E+001, 2.0011264E+001, 2.0013232E+001, 2.0014717E+001, 2.0017218E+001, 2.0019120E+001, 2.0022277E+001, 2.0024599E+001, 2.0028344E+001, 2.0031029E+001, 2.0035343E+001, 2.0038386E+001, 2.0043151E+001, 2.0046406E+001, 2.0051390E+001, 2.0054759E+001, 2.0059939E+001, 2.0063442E+001, 2.0068823E+001, 2.0072593E+001, 2.0078602E+001, 2.0082987E+001, 2.0090351E+001, 2.0096000E+001, 2.0105917E+001, 2.0113716E+001, 2.0127808E+001, 2.0139049E+001, 2.0159588E+001, 2.0176298E+001, 2.0207776E+001, 2.0233586E+001, 2.0281164E+001, 2.0389998E+001, 2.0535097E+001, 2.0646882E+001, 2.0755757E+001, 2.0874343E+001, 2.1013873E+001, 2.1188364E+001
 4.0035887E+000, 2.0000800E+001, 2.0001327E+001, 2.0001690E+001, 2.0001767E+001, 2.0001923E+001, 2.0001992E+001, 2.0002140E+001, 2.0002219E+001, 2.0002405E+001, 2.0002518E+001, 2.0002646E+001, 2.0002764E+001, 2.0002933E+001, 2.0003070E+001, 2.0003250E+001, 2.0003379E+001, 2.0003565E+001, 2.0003681E+001, 2.0003868E+001, 2.0004041E+001, 2.0004214E+001, 2.0004349E+001, 2.0004558E+001, 2.0004683E+001, 2.0004909E+001, 2.0005036E+001, 2.0005257E+001, 2.0005388E+001, 2.0005627E+001, 2.0005759E+001, 2.0005976E+001, 2.0006112E+001, 2.0006325E+001, 2.0006483E+001, 2.0006741E+001, 2.0006913E+001, 2.0007161E+001, 2.0007359E+001, 2.0007693E+001, 2.0007933E+001, 2.0008314E+001, 2.0008596E+001, 2.0009167E+001, 2.0009556E+001, 2.0010258E+001, 2.0010790E+001, 2.0011761E+001, 2.0012502E+001, 2.0013843E+001, 2.0014881E+001, 2.0016671E+001, 2.0018049E+001, 2.0020531E+001, 2.0022310E+001, 2.0025560E+001, 2.0027955E+001, 2.0032016E+001, 2.0035046E+001, 2.0040138E+001, 2.0043889E+001, 2.0049940E+001, 2.0054405E+001, 2.0061519E+001, 2.0066632E+001, 2.0074665E+001, 2.0080398E+001, 2.0089318E+001, 2.0095625E+001, 2.0105528E+001, 2.0112552E+001, 2.0123686E+001, 2.0131716E+001, 2.0144887E+001, 2.0154554E+001, 2.0170942E+001, 2.0183251E+001, 2.0204483E+001, 2.0220657E+001, 2.0248629E+001, 2.0270139E+001, 2.0307558E+001, 2.0336578E+001, 2.0387506E+001, 2.0427623E+001, 2.0499239E+001, 2.0555698E+001, 2.0652836E+001, 2.0798129E+001, 2.0996993E+001, 2.1225759E+001, 2.1425323E+001, 2.1652844E+001, 2.1916904E+001, 2.2232033E+001, 2.2583186E+001, 2.2966292E+001, 2.3364708E+001, 2.3655730E+001, 2.3858350E+001, 2.3930599E+001, 2.3936429E+001, 2.3897475E+001, 2.3595993E+001, 2.3210836E+001, 2.2767306E+001, 2.2304318E+001, 2.1803368E+001, 2.1541796E+001, 2.1214399E+001, 2.1036272E+001, 2.0813778E+001, 2.0689469E+001, 2.0547599E+001, 2.0482071E+001, 2.0407477E+001, 2.0364687E+001, 2.0309704E+001, 2.0279358E+001, 2.0241124E+001, 2.0219486E+001, 2.0191768E+001, 2.0175950E+001, 2.0155497E+001, 2.0143663E+001, 2.0128091E+001, 2.0118926E+001, 2.0106658E+001, 2.0099298E+001, 2.0089255E+001, 2.0083114E+001, 2.0074593E+001, 2.0069328E+001, 2.0061996E+001, 2.0057450E+001, 2.0051103E+001, 2.0047187E+001, 2.0041790E+001, 2.0038501E+001, 2.0033998E+001, 2.0031276E+001, 2.0027608E+001, 2.0025425E+001, 2.0022511E+001, 2.0020794E+001, 2.0018535E+001, 2.0017231E+001, 2.0015543E+001, 2.0014567E+001, 2.0013297E+001, 2.0012570E+001, 2.0011638E+001, 2.0011117E+001, 2.0010452E+001, 2.0010070E+001, 2.0009577E+001, 2.0009303E+001, 2.0008962E+001, 2.0008768E+001, 2.0008544E+001, 2.0008448E+001, 2.0000762E+001, 2.0001292E+001, 2.0001614E+001, 2.0001717E+001, 2.0001896E+001, 2.0001961E+001, 2.0002111E+001, 2.0002231E+001, 2.0002410E+001, 2.0002594E+001, 2.0002695E+001, 2.0002842E+001, 2.0003075E+001, 2.0003225E+001, 2.0003456E+001, 2.0003612E+001, 2.0003864E+001, 2.0004017E+001, 2.0004248E+001, 2.0004438E+001, 2.0004700E+001, 2.0004863E+001, 2.0005149E+001, 2.0005347E+001, 2.0005641E+001, 2.0005811E+001, 2.0006158E+001, 2.0006306E+001, 2.0006670E+001, 2.0006862E+001, 2.0007137E+001, 2.0007342E+001, 2.0007670E+001, 2.0007870E+001, 2.0008216E+001, 2.0008422E+001, 2.0008742E+001, 2.0008978E+001, 2.0009363E+001, 2.0009605E+001, 2.0010021E+001, 2.0010282E+001, 2.0010849E+001, 2.0011167E+001, 2.0011782E+001, 2.0012252E+001, 2.0013026E+001, 2.0013663E+001, 2.0014781E+001, 2.0015606E+001, 2.0017083E+001, 2.0018184E+001, 2.0020308E+001, 2.0021784E+001, 2.0024613E+001, 2.0026637E+001, 2.0030312E+001, 2.0033047E+001, 2.0037787E+001, 2.0041388E+001, 2.0047235E+001, 2.0051713E+001, 2.0058858E+001, 2.0064278E+001, 2.0072763E+001, 2.0078982E+001, 2.0088843E+001, 2.0095791E+001, 2.0106885E+001, 2.0114653E+001, 2.0127021E+001, 2.0135757E+001, 2.0149750E+001, 2.0159894E+001, 2.0176569E+001, 2.0188894E+001, 2.0209746E+001, 2.0225604E+001, 2.0253055E+001, 2.0274229E+001, 2.0311245E+001, 2.0340043E+001, 2.0390864E+001, 2.0430812E+001, 2.0502119E+001, 2.0558127E+001, 2.0658048E+001, 2.0805744E+001, 2.1003121E+001, 2.1245612E+001, 2.1463858E+001, 2.1713802E+001, 2.2001492E+001, 2.2340313E+001
 5.0116425E+000, 2.0000686E+001, 2.0001714E+001, 2.0002606E+001, 2.0002831E+001, 2.0003065E+001, 2.0003240E+001, 2.0003450E+001, 2.0003633E+001, 2.0003882E+001, 2.0004097E+001, 2.0004395E+001, 2.0004562E+001, 2.0004870E+001, 2.0005084E+001, 2.0005415E+001, 2.0005661E+001, 2.0006008E+001, 2.0006257E+001, 2.0006577E+001, 2.0006878E+001, 2.0007270E+001, 2.0007524E+001, 2.0007906E+001, 2.0008196E+001, 2.0008624E+001, 2.0008910E+001, 2.0009346E+001, 2.0009643E+001, 2.0010094E+001, 2.0010415E+001, 2.0010847E+001, 2.0011189E+001, 2.0011677E+001, 2.0012011E+001, 2.0012548E+001, 2.0012919E+001, 2.0013492E+001, 2.0013876E+001, 2.0014546E+001, 2.0015029E+001, 2.0015795E+001, 2.0016348E+001, 2.0017281E+001, 2.0018026E+001, 2.0019199E+001, 2.0020108E+001, 2.0021652E+001, 2.0022873E+001, 2.0024926E+001, 2.0026546E+001, 2.0029243E+001, 2.0031357E+001, 2.0035022E+001, 2.0037788E+001, 2.0042537E+001, 2.0046103E+001, 2.0052208E+001, 2.0056817E+001, 2.0064503E+001, 2.0070143E+001, 2.0079442E+001, 2.0086342E+001, 2.0097555E+001, 2.0105582E+001, 2.0118538E+001, 2.0127738E+001, 2.0142517E+001, 2.0152948E+001, 2.0169680E+001, 2.0181533E+001, 2.0200697E+001, 2.0214421E+001, 2.0236901E+001, 2.0253462E+001, 2.0281154E+001, 2.0301966E+001, 2.0337353E+001, 2.0364404E+001, 2.0410591E+001, 2.0445998E+001, 2.0506963E+001, 2.0554039E+001, 2.0635703E+001, 2.0699255E+001, 2.0810373E+001, 2.0895397E+001, 2.1020704E+001, 2.1207165E+001, 2.1445317E+001, 2.1762044E+001, 2.2103722E+001, 2.2460948E+001, 2.2892395E+001, 2.3435605E+001, 2.4119405E+001, 2.4882758E+001, 1.2065064E+002, 1.0903649E+002, 5.6816382E+001, 2.9889070E+001, 2.5903317E+001, 2.5727902E+001, 2.5376468E+001, 3.4009200E+001, 9.1790794E+001, 9.2860934E+001, 8.3955356E+001, 6.6509978E+001, 3.7226139E+001, 2.3575834E+001, 2.1658270E+001, 2.1386084E+001, 2.1078469E+001, 2.0919936E+001, 2.0737717E+001, 2.0650721E+001, 2.0552784E+001, 2.0498045E+001, 2.0426520E+001, 2.0386422E+001, 2.0335763E+001, 2.0306828E+001, 2.0269401E+001, 2.0247885E+001, 2.0219801E+001, 2.0203380E+001, 2.0181593E+001, 2.0168675E+001, 2.0151274E+001, 2.0140786E+001, 2.0126443E+001, 2.0117673E+001, 2.0105546E+001, 2.0098088E+001, 2.0087757E+001, 2.0081392E+001, 2.0072577E+001, 2.0067177E+001, 2.0059782E+001, 2.0055300E+001, 2.0049195E+001, 2.0045521E+001, 2.0040577E+001, 2.0037637E+001, 2.0033713E+001, 2.0031397E+001, 2.0028341E+001, 2.0026561E+001, 2.0024231E+001, 2.0022871E+001, 2.0021081E+001, 2.0020038E+001, 2.0018682E+001, 2.0017900E+001, 2.0016877E+001, 2.0016278E+001, 2.0015486E+001, 2.0015032E+001, 2.0014457E+001, 2.0014172E+001, 2.0000604E+001, 2.0001612E+001, 2.0002513E+001, 2.0002694E+001, 2.0002965E+001, 2.0003128E+001, 2.0003359E+001, 2.0003554E+001, 2.0003814E+001, 2.0004071E+001, 2.0004412E+001, 2.0004565E+001, 2.0004954E+001, 2.0005202E+001, 2.0005583E+001, 2.0005865E+001, 2.0006301E+001, 2.0006606E+001, 2.0006991E+001, 2.0007342E+001, 2.0007838E+001, 2.0008143E+001, 2.0008639E+001, 2.0008987E+001, 2.0009526E+001, 2.0009899E+001, 2.0010478E+001, 2.0010869E+001, 2.0011431E+001, 2.0011865E+001, 2.0012427E+001, 2.0012842E+001, 2.0013504E+001, 2.0013923E+001, 2.0014604E+001, 2.0015057E+001, 2.0015751E+001, 2.0016194E+001, 2.0016989E+001, 2.0017519E+001, 2.0018327E+001, 2.0018924E+001, 2.0019857E+001, 2.0020601E+001, 2.0021672E+001, 2.0022520E+001, 2.0023926E+001, 2.0024945E+001, 2.0026785E+001, 2.0028164E+001, 2.0030472E+001, 2.0032280E+001, 2.0035466E+001, 2.0037820E+001, 2.0041920E+001, 2.0045167E+001, 2.0050606E+001, 2.0054768E+001, 2.0061893E+001, 2.0067166E+001, 2.0076150E+001, 2.0082887E+001, 2.0094015E+001, 2.0102240E+001, 2.0115576E+001, 2.0125324E+001, 2.0140985E+001, 2.0152384E+001, 2.0170607E+001, 2.0183614E+001, 2.0204201E+001, 2.0219089E+001, 2.0243223E+001, 2.0260599E+001, 2.0289051E+001, 2.0310323E+001, 2.0345950E+001, 2.0372601E+001, 2.0418553E+001, 2.0453647E+001, 2.0514880E+001, 2.0561603E+001, 2.0643995E+001, 2.0708104E+001, 2.0820025E+001, 2.0904932E+001, 2.1037644E+001, 2.1229131E+001, 2.1472815E+001, 2.1791167E+001, 2.2159337E+001, 2.2547101E+001, 2.3011301E+001, 2.3588519E+001
 6.0001730E+000, 2.0000448E+001, 2.0001308E+001, 2.0002791E+001, 2.0003400E+001, 2.0003763E+001, 2.0003967E+001, 2.0004270E+001, 2.0004479E+001, 2.0004802E+001, 2.0005044E+001, 2.0005451E+001, 2.0005703E+001, 2.0006071E+001, 2.0006331E+001, 2.0006783E+001, 2.0007077E+001, 2.0007558E+001, 2.0007878E+001, 2.0008366E+001, 2.0008668E+001, 2.0009250E+001, 2.0009604E+001, 2.0010132E+001, 2.0010510E+001, 2.0011103E+001, 2.0011517E+001, 2.0012123E+001, 2.0012564E+001, 2.0013209E+001, 2.0013668E+001, 2.0014377E+001, 2.0014836E+001, 2.0015602E+001, 2.0016109E+001, 2.0016907E+001, 2.0017481E+001, 2.0018390E+001, 2.0019013E+001, 2.0020014E+001, 2.0020749E+001, 2.0021952E+001, 2.0022807E+001, 2.0024188E+001, 2.0025253E+001, 2.0027037E+001, 2.0028353E+001, 2.0030575E+001, 2.0032239E+001, 2.0035124E+001, 2.0037273E+001, 2.0040996E+001, 2.0043787E+001, 2.0048577E+001, 2.0052290E+001, 2.0058413E+001, 2.0063142E+001, 2.0071074E+001, 2.0076942E+001, 2.0086833E+001, 2.0094145E+001, 2.0106323E+001, 2.0115070E+001, 2.0129649E+001, 2.0140161E+001, 2.0157242E+001, 2.0169391E+001, 2.0189077E+001, 2.0203055E+001, 2.0225556E+001, 2.0241626E+001, 2.0267705E+001, 2.0286413E+001, 2.0317008E+001, 2.0339553E+001, 2.0376861E+001, 2.0404960E+001, 2.0452348E+001, 2.0488157E+001, 2.0549797E+001, 2.0596558E+001, 2.0677345E+001, 2.0738874E+001, 2.0846625E+001, 2.0929514E+001, 2.1074750E+001, 2.1182968E+001, 2.1338459E+001, 2.1550032E+001, 2.1830458E+001, 2.2196116E+001, 2.2675224E+001, 2.3204222E+001, 2.3890628E+001, 6.1786123E+001, 2.5745473E+002, 4.8299465E+002, 5.8033546E+002, 3.6640549E+002, 3.6800648E+002, 3.6970237E+002, 3.3634921E+002, 2.2932988E+002, 1.8203078E+002, 1.3843169E+002, 1.7224243E+002, 2.4414778E+002, 1.5772677E+002, 1.5543537E+002, 1.4710173E+002, 1.4042920E+002, 1.1324540E+002, 9.1240404E+001, 5.8469931E+001, 3.6773411E+001, 2.1281441E+001, 2.1076237E+001, 2.0855327E+001, 2.0751430E+001, 2.0637789E+001, 2.0576526E+001, 2.0496249E+001, 2.0450658E+001, 2.0393082E+001, 2.0360183E+001, 2.0317378E+001, 2.0292660E+001, 2.0260191E+001, 2.0241079E+001, 2.0215586E+001, 2.0200391E+001, 2.0179826E+001, 2.0167387E+001, 2.0150341E+001, 2.0139912E+001, 2.0125506E+001, 2.0116664E+001, 2.0104443E+001, 2.0096933E+001, 2.0086570E+001, 2.0080246E+001, 2.0071608E+001, 2.0066381E+001, 2.0059277E+001, 2.0055008E+001, 2.0049264E+001, 2.0045845E+001, 2.0041278E+001, 2.0038577E+001, 2.0034999E+001, 2.0032905E+001, 2.0030143E+001, 2.0028521E+001, 2.0026370E+001, 2.0025108E+001, 2.0023448E+001, 2.0022479E+001, 2.0021197E+001, 2.0020440E+001, 2.0019443E+001, 2.0018934E+001, 2.0000372E+001, 2.0001172E+001, 2.0002678E+001, 2.0003273E+001, 2.0003578E+001, 2.0003829E+001, 2.0004143E+001, 2.0004350E+001, 2.0004720E+001, 2.0004926E+001, 2.0005438E+001, 2.0005700E+001, 2.0006064E+001, 2.0006387E+001, 2.0006894E+001, 2.0007236E+001, 2.0007781E+001, 2.0008165E+001, 2.0008745E+001, 2.0009108E+001, 2.0009741E+001, 2.0010191E+001, 2.0010796E+001, 2.0011263E+001, 2.0011967E+001, 2.0012461E+001, 2.0013185E+001, 2.0013740E+001, 2.0014521E+001, 2.0015047E+001, 2.0015927E+001, 2.0016465E+001, 2.0017339E+001, 2.0017966E+001, 2.0018884E+001, 2.0019557E+001, 2.0020562E+001, 2.0021256E+001, 2.0022329E+001, 2.0023120E+001, 2.0024340E+001, 2.0025194E+001, 2.0026570E+001, 2.0027590E+001, 2.0029278E+001, 2.0030454E+001, 2.0032467E+001, 2.0033961E+001, 2.0036447E+001, 2.0038374E+001, 2.0041615E+001, 2.0044070E+001, 2.0048186E+001, 2.0051535E+001, 2.0056904E+001, 2.0061085E+001, 2.0068323E+001, 2.0073685E+001, 2.0082781E+001, 2.0089676E+001, 2.0101469E+001, 2.0110045E+001, 2.0124532E+001, 2.0135031E+001, 2.0152503E+001, 2.0165113E+001, 2.0185878E+001, 2.0200814E+001, 2.0225104E+001, 2.0242354E+001, 2.0270303E+001, 2.0290494E+001, 2.0323483E+001, 2.0347183E+001, 2.0386240E+001, 2.0415001E+001, 2.0463677E+001, 2.0499853E+001, 2.0561181E+001, 2.0608359E+001, 2.0689361E+001, 2.0751974E+001, 2.0860107E+001, 2.0944714E+001, 2.1092258E+001, 2.1198795E+001, 2.1366781E+001, 2.1585485E+001, 2.1875435E+001, 2.2243521E+001, 2.2732514E+001, 2.3303073E+001, 2.4023140E+001, 2.8701732E+001
 7.0113386E+000, 2.0000478E+001, 2.0001047E+001, 2.0002450E+001, 2.0003452E+001, 2.0004411E+001, 2.0004665E+001, 2.0005028E+001, 2.0005273E+001, 2.0005665E+001, 2.0005929E+001, 2.0006369E+001, 2.0006712E+001, 2.0007168E+001, 2.0007483E+001, 2.0007988E+001, 2.0008351E+001, 2.0008915E+001, 2.0009303E+001, 2.0009906E+001, 2.0010296E+001, 2.0010917E+001, 2.0011383E+001, 2.0012053E+001, 2.0012478E+001, 2.0013194E+001, 2.0013676E+001, 2.0014441E+001, 2.0014951E+001, 2.0015759E+001, 2.0016303E+001, 2.0017161E+001, 2.0017749E+001, 2.0018632E+001, 2.0019272E+001, 2.0020235E+001, 2.0020919E+001, 2.0022009E+001, 2.0022784E+001, 2.0023973E+001, 2.0024843E+001, 2.0026265E+001, 2.0027292E+001, 2.0028968E+001, 2.0030156E+001, 2.0032252E+001, 2.0033790E+001, 2.0036363E+001, 2.0038283E+001, 2.0041581E+001, 2.0044080E+001, 2.0048312E+001, 2.0051552E+001, 2.0057014E+001, 2.0061121E+001, 2.0068281E+001, 2.0073567E+001, 2.0082543E+001, 2.0089269E+001, 2.0100590E+001, 2.0108996E+001, 2.0122930E+001, 2.0133120E+001, 2.0149808E+001, 2.0162080E+001, 2.0181972E+001, 2.0196376E+001, 2.0219354E+001, 2.0235980E+001, 2.0262515E+001, 2.0281742E+001, 2.0312578E+001, 2.0335103E+001, 2.0371730E+001, 2.0398329E+001, 2.0442831E+001, 2.0475661E+001, 2.0531616E+001, 2.0573531E+001, 2.0645594E+001, 2.0700203E+001, 2.0793874E+001, 2.0865643E+001, 2.0989664E+001, 2.1086218E+001, 2.1252920E+001, 2.1376555E+001, 2.1567766E+001, 2.1788535E+001, 2.2093356E+001, 2.2488838E+001, 2.3073217E+001, 7.6302364E+001, 2.4505632E+002, 4.3325037E+002, 3.6167254E+002, 3.2561424E+002, 3.2502702E+002, 2.9921922E+002, 2.6103205E+002, 2.6128342E+002, 2.2599093E+002, 2.4292009E+002, 2.2246402E+002, 2.0353840E+002, 2.0709469E+002, 2.1085814E+002, 1.7048350E+002, 1.6382257E+002, 1.6506592E+002, 1.3871679E+002, 1.1131192E+002, 1.0656920E+002, 1.1449212E+002, 1.2257510E+002, 1.1565291E+002, 9.4276892E+001, 6.0034459E+001, 3.7822603E+001, 2.0978548E+001, 2.0820593E+001, 2.0690099E+001, 2.0623529E+001, 2.0538617E+001, 2.0489795E+001, 2.0428068E+001, 2.0393009E+001, 2.0347311E+001, 2.0320786E+001, 2.0285779E+001, 2.0265075E+001, 2.0237334E+001, 2.0220727E+001, 2.0198157E+001, 2.0184464E+001, 2.0165664E+001, 2.0154153E+001, 2.0138259E+001, 2.0128514E+001, 2.0115060E+001, 2.0106810E+001, 2.0095457E+001, 2.0088550E+001, 2.0079134E+001, 2.0073447E+001, 2.0065739E+001, 2.0061116E+001, 2.0054901E+001, 2.0051206E+001, 2.0046274E+001, 2.0043358E+001, 2.0039495E+001, 2.0037229E+001, 2.0034233E+001, 2.0032470E+001, 2.0030130E+001, 2.0028751E+001, 2.0026931E+001, 2.0025866E+001, 2.0024465E+001, 2.0023734E+001, 2.0000447E+001, 2.0000900E+001, 2.0002272E+001, 2.0003332E+001, 2.0004280E+001, 2.0004481E+001, 2.0004883E+001, 2.0005147E+001, 2.0005540E+001, 2.0005854E+001, 2.0006305E+001, 2.0006723E+001, 2.0007179E+001, 2.0007519E+001, 2.0008131E+001, 2.0008522E+001, 2.0009162E+001, 2.0009605E+001, 2.0010327E+001, 2.0010772E+001, 2.0011498E+001, 2.0011998E+001, 2.0012816E+001, 2.0013325E+001, 2.0014168E+001, 2.0014740E+001, 2.0015644E+001, 2.0016243E+001, 2.0017247E+001, 2.0017890E+001, 2.0018902E+001, 2.0019605E+001, 2.0020627E+001, 2.0021348E+001, 2.0022491E+001, 2.0023264E+001, 2.0024508E+001, 2.0025352E+001, 2.0026633E+001, 2.0027550E+001, 2.0029052E+001, 2.0030075E+001, 2.0031740E+001, 2.0032903E+001, 2.0034920E+001, 2.0036355E+001, 2.0038668E+001, 2.0040431E+001, 2.0043344E+001, 2.0045552E+001, 2.0049350E+001, 2.0052133E+001, 2.0057010E+001, 2.0060646E+001, 2.0067011E+001, 2.0071710E+001, 2.0079983E+001, 2.0086063E+001, 2.0096509E+001, 2.0104435E+001, 2.0117836E+001, 2.0127739E+001, 2.0144267E+001, 2.0156656E+001, 2.0176688E+001, 2.0191653E+001, 2.0215782E+001, 2.0232964E+001, 2.0261359E+001, 2.0281847E+001, 2.0315296E+001, 2.0338877E+001, 2.0377479E+001, 2.0406273E+001, 2.0452854E+001, 2.0486632E+001, 2.0544009E+001, 2.0587116E+001, 2.0659497E+001, 2.0714404E+001, 2.0808901E+001, 2.0882098E+001, 2.1007933E+001, 2.1105854E+001, 2.1275312E+001, 2.1399188E+001, 2.1604114E+001, 2.1840704E+001, 2.2149749E+001, 2.2567110E+001, 2.3124919E+001, 4.4072546E+001, 1.8106386E+002, 3.3998984E+002
 8.0045042E+000, 2.0000537E+001, 2.0001204E+001, 2.0002214E+001, 2.0003208E+001, 2.0004726E+001, 2.0005397E+001, 2.0005865E+001, 2.0006163E+001, 2.0006618E+001, 2.0006944E+001, 2.0007435E+001, 2.0007811E+001, 2.0008425E+001, 2.0008797E+001, 2.0009364E+001, 2.0009798E+001, 2.0010462E+001, 2.0010929E+001, 2.0011643E+001, 2.0012153E+001, 2.0012869E+001, 2.0013401E+001, 2.0014236E+001, 2.0014789E+001, 2.0015610E+001, 2.0016196E+001, 2.0017108E+001, 2.0017731E+001, 2.0018687E+001, 2.0019348E+001, 2.0020347E+001, 2.0021067E+001, 2.0022141E+001, 2.0022881E+001, 2.0024057E+001, 2.0024853E+001, 2.0026117E+001, 2.0027015E+001, 2.0028444E+001, 2.0029433E+001, 2.0031044E+001, 2.0032227E+001, 2.0034145E+001, 2.0035539E+001, 2.0037791E+001, 2.0039531E+001, 2.0042408E+001, 2.0044571E+001, 2.0048194E+001, 2.0050961E+001, 2.0055605E+001, 2.0059207E+001, 2.0065223E+001, 2.0069810E+001, 2.0077607E+001, 2.0083460E+001, 2.0093313E+001, 2.0100856E+001, 2.0113447E+001, 2.0122699E+001, 2.0138211E+001, 2.0149787E+001, 2.0168663E+001, 2.0182371E+001, 2.0205035E+001, 2.0221351E+001, 2.0247905E+001, 2.0266881E+001, 2.0297809E+001, 2.0319815E+001, 2.0355861E+001, 2.0381904E+001, 2.0424747E+001, 2.0455943E+001, 2.0507561E+001, 2.0545855E+001, 2.0610037E+001, 2.0658720E+001, 2.0740732E+001, 2.0803388E+001, 2.0910157E+001, 2.0991845E+001, 2.1132928E+001, 2.1241533E+001, 2.1431043E+001, 2.1575661E+001, 2.1776410E+001, 2.2045017E+001, 2.2391515E+001, 6.7943681E+001, 2.2772331E+002, 3.7699112E+002, 3.7879265E+002, 3.5871580E+002, 3.4883794E+002, 3.5539194E+002, 3.2453811E+002, 2.5048976E+002, 2.2194509E+002, 2.2078128E+002, 2.1437124E+002, 2.2349575E+002, 2.1428346E+002, 1.8308412E+002, 1.7383754E+002, 1.8258673E+002, 1.7260387E+002, 1.6964656E+002, 1.6492479E+002, 1.6942100E+002, 1.7998617E+002, 1.8151378E+002, 1.5050109E+002, 1.2949859E+002, 1.1008680E+002, 1.0894294E+002, 1.1205540E+002, 1.1961141E+002, 1.1090008E+002, 8.7612162E+001, 5.3219194E+001, 3.1610235E+001, 2.0724872E+001, 2.0654499E+001, 2.0564036E+001, 2.0512915E+001, 2.0447975E+001, 2.0411470E+001, 2.0364127E+001, 2.0336547E+001, 2.0300040E+001, 2.0278411E+001, 2.0249367E+001, 2.0231935E+001, 2.0208198E+001, 2.0193776E+001, 2.0173966E+001, 2.0161839E+001, 2.0145116E+001, 2.0134875E+001, 2.0120753E+001, 2.0112113E+001, 2.0100254E+001, 2.0093057E+001, 2.0083262E+001, 2.0077358E+001, 2.0069374E+001, 2.0064596E+001, 2.0058181E+001, 2.0054373E+001, 2.0049296E+001, 2.0046298E+001, 2.0042324E+001, 2.0039992E+001, 2.0036906E+001, 2.0035090E+001, 2.0032677E+001, 2.0031258E+001, 2.0029393E+001, 2.0028431E+001, 2.0000495E+001, 2.0001118E+001, 2.0001977E+001, 2.0003002E+001, 2.0004602E+001, 2.0005247E+001, 2.0005701E+001, 2.0005998E+001, 2.0006480E+001, 2.0006826E+001, 2.0007342E+001, 2.0007769E+001, 2.0008475E+001, 2.0008864E+001, 2.0009473E+001, 2.0009980E+001, 2.0010730E+001, 2.0011242E+001, 2.0012051E+001, 2.0012672E+001, 2.0013522E+001, 2.0014113E+001, 2.0015089E+001, 2.0015725E+001, 2.0016691E+001, 2.0017392E+001, 2.0018464E+001, 2.0019206E+001, 2.0020353E+001, 2.0021166E+001, 2.0022339E+001, 2.0023198E+001, 2.0024482E+001, 2.0025332E+001, 2.0026679E+001, 2.0027619E+001, 2.0029073E+001, 2.0030100E+001, 2.0031665E+001, 2.0032735E+001, 2.0034451E+001, 2.0035711E+001, 2.0037638E+001, 2.0039038E+001, 2.0041270E+001, 2.0042958E+001, 2.0045657E+001, 2.0047625E+001, 2.0050976E+001, 2.0053451E+001, 2.0057585E+001, 2.0060864E+001, 2.0066251E+001, 2.0070294E+001, 2.0077256E+001, 2.0082663E+001, 2.0091508E+001, 2.0098581E+001, 2.0110176E+001, 2.0118769E+001, 2.0133528E+001, 2.0144573E+001, 2.0163319E+001, 2.0177028E+001, 2.0199780E+001, 2.0216344E+001, 2.0243469E+001, 2.0263615E+001, 2.0295712E+001, 2.0319349E+001, 2.0357241E+001, 2.0385020E+001, 2.0429528E+001, 2.0462161E+001, 2.0516321E+001, 2.0556490E+001, 2.0622271E+001, 2.0672075E+001, 2.0756699E+001, 2.0819671E+001, 2.0928132E+001, 2.1010307E+001, 2.1155449E+001, 2.1265476E+001, 2.1458063E+001, 2.1603920E+001, 2.1822304E+001, 2.2112601E+001, 2.2470943E+001, 3.1454991E+001, 1.9411485E+002, 3.6343730E+002, 3.6481383E+002, 4.2468373E+002
 9.0126577E+000, 2.0000342E+001, 2.0000827E+001, 2.0001836E+001, 2.0002508E+001, 2.0003930E+001, 2.0004980E+001, 2.0006203E+001, 2.0006644E+001, 2.0007116E+001, 2.0007463E+001, 2.0008017E+001, 2.0008395E+001, 2.0009023E+001, 2.0009492E+001, 2.0010157E+001, 2.0010589E+001, 2.0011316E+001, 2.0011825E+001, 2.0012620E+001, 2.0013164E+001, 2.0014028E+001, 2.0014588E+001, 2.0015478E+001, 2.0016113E+001, 2.0017072E+001, 2.0017704E+001, 2.0018698E+001, 2.0019395E+001, 2.0020467E+001, 2.0021202E+001, 2.0022344E+001, 2.0023112E+001, 2.0024336E+001, 2.0025167E+001, 2.0026442E+001, 2.0027343E+001, 2.0028729E+001, 2.0029697E+001, 2.0031247E+001, 2.0032346E+001, 2.0034069E+001, 2.0035300E+001, 2.0037329E+001, 2.0038800E+001, 2.0041199E+001, 2.0042932E+001, 2.0045914E+001, 2.0048116E+001, 2.0051848E+001, 2.0054604E+001, 2.0059362E+001, 2.0062898E+001, 2.0069042E+001, 2.0073639E+001, 2.0081455E+001, 2.0087437E+001, 2.0097557E+001, 2.0105049E+001, 2.0117802E+001, 2.0127434E+001, 2.0143369E+001, 2.0155123E+001, 2.0174768E+001, 2.0189132E+001, 2.0212564E+001, 2.0229771E+001, 2.0257820E+001, 2.0278057E+001, 2.0310733E+001, 2.0334424E+001, 2.0372667E+001, 2.0400348E+001, 2.0445725E+001, 2.0478932E+001, 2.0533585E+001, 2.0573945E+001, 2.0641213E+001, 2.0691357E+001, 2.0776901E+001, 2.0841265E+001, 2.0951724E+001, 2.1035680E+001, 2.1181232E+001, 2.1292891E+001, 2.1488921E+001, 2.1642853E+001, 2.1861125E+001, 2.3592212E+001, 1.4385649E+002, 3.4943088E+002, 2.9939508E+002, 3.0663317E+002, 3.2325691E+002, 3.2886696E+002, 3.1022127E+002, 2.7468802E+002, 2.2742039E+002, 2.1780157E+002, 2.0660334E+002, 2.5197089E+002, 2.7235055E+002, 2.7028203E+002, 2.2153410E+002, 2.0855481E+002, 1.7830505E+002, 1.5962375E+002, 1.7222872E+002, 1.8531745E+002, 1.9159869E+002, 1.9815616E+002, 1.8929310E+002, 1.8365220E+002, 1.9450760E+002, 1.9995017E+002, 1.9785057E+002, 1.9323200E+002, 1.7831625E+002, 1.6317565E+002, 1.4394049E+002, 1.3441769E+002, 1.1872140E+002, 1.1691951E+002, 9.6140843E+001, 7.5408206E+001, 4.3668689E+001, 2.5311630E+001, 2.0579926E+001, 2.0527942E+001, 2.0459203E+001, 2.0421178E+001, 2.0372544E+001, 2.0344274E+001, 2.0306805E+001, 2.0284645E+001, 2.0254895E+001, 2.0237030E+001, 2.0212704E+001, 2.0197930E+001, 2.0177649E+001, 2.0165251E+001, 2.0148181E+001, 2.0137740E+001, 2.0123362E+001, 2.0114579E+001, 2.0102550E+001, 2.0095260E+001, 2.0085346E+001, 2.0079379E+001, 2.0071320E+001, 2.0066501E+001, 2.0060034E+001, 2.0056195E+001, 2.0051078E+001, 2.0048056E+001, 2.0044046E+001, 2.0041687E+001, 2.0038562E+001, 2.0036722E+001, 2.0034288E+001, 2.0033025E+001, 2.0000323E+001, 2.0000775E+001, 2.0001725E+001, 2.0002294E+001, 2.0003703E+001, 2.0004836E+001, 2.0006080E+001, 2.0006511E+001, 2.0006985E+001, 2.0007347E+001, 2.0007945E+001, 2.0008342E+001, 2.0009020E+001, 2.0009560E+001, 2.0010271E+001, 2.0010727E+001, 2.0011560E+001, 2.0012137E+001, 2.0013027E+001, 2.0013635E+001, 2.0014644E+001, 2.0015305E+001, 2.0016300E+001, 2.0017044E+001, 2.0018169E+001, 2.0018896E+001, 2.0020071E+001, 2.0020885E+001, 2.0022151E+001, 2.0023009E+001, 2.0024392E+001, 2.0025296E+001, 2.0026734E+001, 2.0027710E+001, 2.0029184E+001, 2.0030199E+001, 2.0031808E+001, 2.0032913E+001, 2.0034674E+001, 2.0035877E+001, 2.0037734E+001, 2.0039036E+001, 2.0041182E+001, 2.0042671E+001, 2.0045071E+001, 2.0046796E+001, 2.0049683E+001, 2.0051777E+001, 2.0055216E+001, 2.0057780E+001, 2.0062127E+001, 2.0065285E+001, 2.0070884E+001, 2.0075074E+001, 2.0082131E+001, 2.0087503E+001, 2.0096867E+001, 2.0103684E+001, 2.0115565E+001, 2.0124652E+001, 2.0139588E+001, 2.0150958E+001, 2.0169992E+001, 2.0184114E+001, 2.0207750E+001, 2.0225079E+001, 2.0253663E+001, 2.0274372E+001, 2.0308637E+001, 2.0332929E+001, 2.0373279E+001, 2.0402344E+001, 2.0450408E+001, 2.0484680E+001, 2.0541552E+001, 2.0583753E+001, 2.0654078E+001, 2.0705306E+001, 2.0792992E+001, 2.0859276E+001, 2.0971139E+001, 2.1056659E+001, 2.1204895E+001, 2.1321169E+001, 2.1521177E+001, 2.1676084E+001, 2.1914325E+001, 2.2233710E+001, 1.1718278E+002, 2.4493224E+002, 3.7348096E+002, 4.3032763E+002, 4.6301340E+002, 4.1232383E+002
 1.0000803E+001, 2.0000397E+001, 2.0000865E+001, 2.0001676E+001, 2.0002349E+001, 2.0003414E+001, 2.0004342E+001, 2.0005956E+001, 2.0006908E+001, 2.0007848E+001, 2.0008236E+001, 2.0008818E+001, 2.0009252E+001, 2.0009921E+001, 2.0010404E+001, 2.0011213E+001, 2.0011747E+001, 2.0012529E+001, 2.0013088E+001, 2.0013977E+001, 2.0014602E+001, 2.0015565E+001, 2.0016242E+001, 2.0017251E+001, 2.0017942E+001, 2.0019047E+001, 2.0019802E+001, 2.0020932E+001, 2.0021708E+001, 2.0022928E+001, 2.0023766E+001, 2.0025053E+001, 2.0025944E+001, 2.0027298E+001, 2.0028246E+001, 2.0029707E+001, 2.0030697E+001, 2.0032260E+001, 2.0033336E+001, 2.0035021E+001, 2.0036212E+001, 2.0038117E+001, 2.0039450E+001, 2.0041587E+001, 2.0043140E+001, 2.0045691E+001, 2.0047542E+001, 2.0050552E+001, 2.0052835E+001, 2.0056658E+001, 2.0059521E+001, 2.0064323E+001, 2.0067976E+001, 2.0074138E+001, 2.0078855E+001, 2.0086900E+001, 2.0092884E+001, 2.0103145E+001, 2.0110962E+001, 2.0124032E+001, 2.0133800E+001, 2.0150347E+001, 2.0162612E+001, 2.0182969E+001, 2.0198059E+001, 2.0222957E+001, 2.0240987E+001, 2.0270681E+001, 2.0292300E+001, 2.0327492E+001, 2.0352790E+001, 2.0394011E+001, 2.0423806E+001, 2.0472425E+001, 2.0507880E+001, 2.0566552E+001, 2.0609429E+001, 2.0680975E+001, 2.0734130E+001, 2.0823510E+001, 2.0891020E+001, 2.1005673E+001, 2.1093552E+001, 2.1244887E+001, 2.1362905E+001, 2.1572381E+001, 2.1747516E+001, 7.8945206E+001, 2.6256086E+002, 3.3499528E+002, 3.1577740E+002, 3.4362664E+002, 3.1554872E+002, 2.7033442E+002, 2.6959514E+002, 2.7531718E+002, 2.3360220E+002, 1.9554695E+002, 2.0573691E+002, 2.4874280E+002, 2.5648400E+002, 2.4624533E+002, 2.5470735E+002, 2.5246465E+002, 2.2892113E+002, 1.8009017E+002, 1.7442094E+002, 1.3331732E+002, 1.3179959E+002, 1.3574469E+002, 1.3707934E+002, 1.4780985E+002, 1.6049032E+002, 1.8714189E+002, 2.0361136E+002, 2.1000060E+002, 2.0331955E+002, 2.0148053E+002, 1.9907532E+002, 1.9319862E+002, 1.9046506E+002, 1.8607749E+002, 1.7292326E+002, 1.4886137E+002, 1.3409556E+002, 1.1489980E+002, 1.0596884E+002, 8.1319692E+001, 6.1731960E+001, 3.2141048E+001, 2.1031062E+001, 2.0469013E+001, 2.0429218E+001, 2.0378563E+001, 2.0349610E+001, 2.0311255E+001, 2.0288639E+001, 2.0258353E+001, 2.0240176E+001, 2.0215445E+001, 2.0200440E+001, 2.0179863E+001, 2.0167304E+001, 2.0150045E+001, 2.0139499E+001, 2.0124995E+001, 2.0116151E+001, 2.0104059E+001, 2.0096738E+001, 2.0086793E+001, 2.0080812E+001, 2.0072743E+001, 2.0067922E+001, 2.0061457E+001, 2.0057618E+001, 2.0052499E+001, 2.0049476E+001, 2.0045463E+001, 2.0043098E+001, 2.0039972E+001, 2.0038355E+001, 2.0000362E+001, 2.0000793E+001, 2.0001565E+001, 2.0002208E+001, 2.0003156E+001, 2.0004035E+001, 2.0005774E+001, 2.0006765E+001, 2.0007711E+001, 2.0008091E+001, 2.0008692E+001, 2.0009163E+001, 2.0009879E+001, 2.0010395E+001, 2.0011309E+001, 2.0011890E+001, 2.0012731E+001, 2.0013354E+001, 2.0014362E+001, 2.0015064E+001, 2.0016137E+001, 2.0016926E+001, 2.0018113E+001, 2.0018895E+001, 2.0020164E+001, 2.0021042E+001, 2.0022348E+001, 2.0023260E+001, 2.0024699E+001, 2.0025687E+001, 2.0027199E+001, 2.0028273E+001, 2.0029884E+001, 2.0031002E+001, 2.0032716E+001, 2.0033875E+001, 2.0035652E+001, 2.0036898E+001, 2.0038831E+001, 2.0040197E+001, 2.0042310E+001, 2.0043764E+001, 2.0046036E+001, 2.0047694E+001, 2.0050328E+001, 2.0052186E+001, 2.0055186E+001, 2.0057418E+001, 2.0061083E+001, 2.0063744E+001, 2.0068215E+001, 2.0071601E+001, 2.0077194E+001, 2.0081497E+001, 2.0088829E+001, 2.0094306E+001, 2.0103662E+001, 2.0110944E+001, 2.0123034E+001, 2.0132210E+001, 2.0147852E+001, 2.0159405E+001, 2.0178968E+001, 2.0193659E+001, 2.0218465E+001, 2.0236606E+001, 2.0266568E+001, 2.0288553E+001, 2.0324662E+001, 2.0351353E+001, 2.0394168E+001, 2.0425352E+001, 2.0476231E+001, 2.0513823E+001, 2.0574428E+001, 2.0618802E+001, 2.0693419E+001, 2.0749089E+001, 2.0841212E+001, 2.0910637E+001, 2.1030228E+001, 2.1119703E+001, 2.1276510E+001, 2.1396919E+001, 2.1615126E+001, 2.1789973E+001, 6.7063785E+001, 2.1282630E+002, 3.5682757E+002, 3.9528824E+002, 4.4846249E+002, 4.1792294E+002, 3.3431835E+002, 1.3316252E+002
 1.1003214E+001, 2.0000487E+001, 2.0001072E+001, 2.0001880E+001, 2.0002464E+001, 2.0003508E+001, 2.0004252E+001, 2.0005715E+001, 2.0006850E+001, 2.0008354E+001, 2.0009059E+001, 2.0009770E+001, 2.0010216E+001, 2.0010974E+001, 2.0011488E+001, 2.0012346E+001, 2.0012965E+001, 2.0013894E+001, 2.0014500E+001, 2.0015480E+001, 2.0016165E+001, 2.0017248E+001, 2.0017988E+001, 2.0019161E+001, 2.0019941E+001, 2.0021146E+001, 2.0022001E+001, 2.0023304E+001, 2.0024181E+001, 2.0025524E+001, 2.0026465E+001, 2.0027914E+001, 2.0028908E+001, 2.0030447E+001, 2.0031488E+001, 2.0033131E+001, 2.0034255E+001, 2.0035983E+001, 2.0037191E+001, 2.0039068E+001, 2.0040373E+001, 2.0042457E+001, 2.0043938E+001, 2.0046285E+001, 2.0047956E+001, 2.0050703E+001, 2.0052713E+001, 2.0056003E+001, 2.0058397E+001, 2.0062468E+001, 2.0065512E+001, 2.0070650E+001, 2.0074487E+001, 2.0081035E+001, 2.0085966E+001, 2.0094406E+001, 2.0100838E+001, 2.0111649E+001, 2.0119821E+001, 2.0133748E+001, 2.0144093E+001, 2.0161592E+001, 2.0174650E+001, 2.0196407E+001, 2.0212395E+001, 2.0239052E+001, 2.0258509E+001, 2.0290355E+001, 2.0313542E+001, 2.0351598E+001, 2.0379039E+001, 2.0423796E+001, 2.0456073E+001, 2.0508843E+001, 2.0547171E+001, 2.0610453E+001, 2.0657124E+001, 2.0734179E+001, 2.0791440E+001, 2.0887411E+001, 2.0959493E+001, 2.1083118E+001, 2.1178104E+001, 2.1348880E+001, 2.5187138E+001, 1.0841115E+002, 2.1803759E+002, 2.8640684E+002, 2.8415440E+002, 2.6429909E+002, 2.2928371E+002, 1.9228943E+002, 1.7911749E+002, 1.7390380E+002, 1.5553931E+002, 2.1770154E+002, 2.0167975E+002, 2.1205680E+002, 2.3702524E+002, 2.2455767E+002, 2.1085792E+002, 1.9548714E+002, 1.6311964E+002, 1.6638916E+002, 1.6887349E+002, 1.7258752E+002, 1.8034365E+002, 1.7137985E+002, 1.5354457E+002, 1.2451603E+002, 1.1077393E+002, 1.1938736E+002, 1.2205256E+002, 1.2476226E+002, 1.2571282E+002, 1.4229103E+002, 1.6070959E+002, 1.8641171E+002, 1.9941987E+002, 2.0411418E+002, 2.0635470E+002, 2.0384186E+002, 2.0003357E+002, 1.9535363E+002, 1.9151042E+002, 1.8521795E+002, 1.7499321E+002, 1.5125228E+002, 1.3824664E+002, 1.2035758E+002, 1.0139277E+002, 6.6463782E+001, 4.8012195E+001, 2.3880182E+001, 2.0440002E+001, 2.0385757E+001, 2.0355286E+001, 2.0315685E+001, 2.0292479E+001, 2.0261555E+001, 2.0243054E+001, 2.0217920E+001, 2.0202700E+001, 2.0181847E+001, 2.0169148E+001, 2.0151721E+001, 2.0141086E+001, 2.0126470E+001, 2.0117573E+001, 2.0105430E+001, 2.0098083E+001, 2.0088104E+001, 2.0082111E+001, 2.0074039E+001, 2.0069215E+001, 2.0062741E+001, 2.0058900E+001, 2.0053784E+001, 2.0050761E+001, 2.0046750E+001, 2.0044678E+001, 2.0000430E+001, 2.0001000E+001, 2.0001761E+001, 2.0002299E+001, 2.0003302E+001, 2.0003961E+001, 2.0005375E+001, 2.0006617E+001, 2.0008199E+001, 2.0008921E+001, 2.0009651E+001, 2.0010106E+001, 2.0010925E+001, 2.0011466E+001, 2.0012392E+001, 2.0013098E+001, 2.0014105E+001, 2.0014755E+001, 2.0015864E+001, 2.0016639E+001, 2.0017842E+001, 2.0018692E+001, 2.0020023E+001, 2.0020957E+001, 2.0022337E+001, 2.0023323E+001, 2.0024828E+001, 2.0025854E+001, 2.0027432E+001, 2.0028539E+001, 2.0030242E+001, 2.0031407E+001, 2.0033247E+001, 2.0034493E+001, 2.0036412E+001, 2.0037726E+001, 2.0039739E+001, 2.0041105E+001, 2.0043253E+001, 2.0044740E+001, 2.0047116E+001, 2.0048744E+001, 2.0051287E+001, 2.0053032E+001, 2.0055949E+001, 2.0057985E+001, 2.0061287E+001, 2.0063634E+001, 2.0067566E+001, 2.0070480E+001, 2.0075267E+001, 2.0078803E+001, 2.0084863E+001, 2.0089368E+001, 2.0097063E+001, 2.0102932E+001, 2.0112883E+001, 2.0120338E+001, 2.0133371E+001, 2.0142969E+001, 2.0159495E+001, 2.0172084E+001, 2.0192870E+001, 2.0208382E+001, 2.0234644E+001, 2.0253999E+001, 2.0286357E+001, 2.0310154E+001, 2.0349029E+001, 2.0377239E+001, 2.0424101E+001, 2.0458064E+001, 2.0513236E+001, 2.0553184E+001, 2.0620272E+001, 2.0668462E+001, 2.0748420E+001, 2.0808917E+001, 2.0909793E+001, 2.0985273E+001, 2.1113535E+001, 2.1214467E+001, 2.1390631E+001, 2.2888863E+001, 9.4228385E+001, 2.0750901E+002, 3.4843289E+002, 3.9684849E+002, 4.3919884E+002, 3.6736428E+002, 2.0300405E+002, 1.1234577E+002, 8.2408460E+001, 4.6460830E+001
 1.2007795E+001, 2.0000652E+001, 2.0001333E+001, 2.0002303E+001, 2.0002878E+001, 2.0003862E+001, 2.0004615E+001, 2.0005826E+001, 2.0006913E+001, 2.0008715E+001, 2.0009778E+001, 2.0010917E+001, 2.0011431E+001, 2.0012230E+001, 2.0012827E+001, 2.0013726E+001, 2.0014410E+001, 2.0015492E+001, 2.0016205E+001, 2.0017272E+001, 2.0018034E+001, 2.0019239E+001, 2.0020069E+001, 2.0021371E+001, 2.0022271E+001, 2.0023624E+001, 2.0024549E+001, 2.0026024E+001, 2.0027017E+001, 2.0028523E+001, 2.0029557E+001, 2.0031178E+001, 2.0032280E+001, 2.0033986E+001, 2.0035160E+001, 2.0036951E+001, 2.0038209E+001, 2.0040128E+001, 2.0041450E+001, 2.0043525E+001, 2.0044961E+001, 2.0047209E+001, 2.0048826E+001, 2.0051395E+001, 2.0053222E+001, 2.0056165E+001, 2.0058322E+001, 2.0061892E+001, 2.0064496E+001, 2.0068809E+001, 2.0072070E+001, 2.0077585E+001, 2.0081723E+001, 2.0088724E+001, 2.0094003E+001, 2.0103034E+001, 2.0109881E+001, 2.0121597E+001, 2.0130293E+001, 2.0145231E+001, 2.0156488E+001, 2.0175231E+001, 2.0189287E+001, 2.0212792E+001, 2.0230130E+001, 2.0258714E+001, 2.0279950E+001, 2.0314481E+001, 2.0339599E+001, 2.0380589E+001, 2.0410612E+001, 2.0458999E+001, 2.0494136E+001, 2.0551118E+001, 2.0592501E+001, 2.0660315E+001, 2.0710081E+001, 2.0792719E+001, 2.0853672E+001, 2.0957381E+001, 2.1036023E+001, 2.1180913E+001, 2.6513234E+001, 8.7245746E+001, 1.9754354E+002, 2.1563537E+002, 2.2260311E+002, 1.8145096E+002, 1.4634223E+002, 1.3946050E+002, 1.3939898E+002, 1.2081919E+002, 1.5560611E+002, 1.4391491E+002, 1.8164226E+002, 2.0639669E+002, 2.1083445E+002, 2.0519818E+002, 1.8458959E+002, 1.8474405E+002, 1.5907321E+002, 1.8225551E+002, 1.7784006E+002, 1.5871311E+002, 1.6548431E+002, 1.6815912E+002, 1.6171453E+002, 1.4552114E+002, 1.3777192E+002, 1.3280388E+002, 1.3733762E+002, 1.2766601E+002, 1.2372186E+002, 1.1663917E+002, 1.1741004E+002, 1.1878209E+002, 1.1827410E+002, 1.1559762E+002, 1.1784678E+002, 1.3520577E+002, 1.4695614E+002, 1.6447655E+002, 1.7098335E+002, 1.7738163E+002, 1.8215049E+002, 1.9075989E+002, 1.9627764E+002, 1.9662854E+002, 1.9251079E+002, 1.8558110E+002, 1.8064961E+002, 1.6484453E+002, 1.4975291E+002, 1.2683670E+002, 9.9670502E+001, 5.6644618E+001, 3.6331850E+001, 2.0648674E+001, 2.0362071E+001, 2.0321371E+001, 2.0296961E+001, 2.0264975E+001, 2.0245977E+001, 2.0220299E+001, 2.0204793E+001, 2.0183617E+001, 2.0170750E+001, 2.0153126E+001, 2.0142386E+001, 2.0127656E+001, 2.0118703E+001, 2.0106493E+001, 2.0099117E+001, 2.0089117E+001, 2.0083111E+001, 2.0075015E+001, 2.0070187E+001, 2.0063725E+001, 2.0059888E+001, 2.0054783E+001, 2.0052148E+001, 2.0000602E+001, 2.0001217E+001, 2.0002173E+001, 2.0002701E+001, 2.0003650E+001, 2.0004370E+001, 2.0005414E+001, 2.0006517E+001, 2.0008470E+001, 2.0009603E+001, 2.0010794E+001, 2.0011336E+001, 2.0012142E+001, 2.0012809E+001, 2.0013767E+001, 2.0014500E+001, 2.0015729E+001, 2.0016508E+001, 2.0017684E+001, 2.0018540E+001, 2.0019921E+001, 2.0020827E+001, 2.0022325E+001, 2.0023355E+001, 2.0024970E+001, 2.0026041E+001, 2.0027748E+001, 2.0028906E+001, 2.0030677E+001, 2.0031896E+001, 2.0033818E+001, 2.0035122E+001, 2.0037155E+001, 2.0038556E+001, 2.0040703E+001, 2.0042171E+001, 2.0044433E+001, 2.0045977E+001, 2.0048337E+001, 2.0049964E+001, 2.0052550E+001, 2.0054359E+001, 2.0057155E+001, 2.0059140E+001, 2.0062182E+001, 2.0064489E+001, 2.0068044E+001, 2.0070657E+001, 2.0074791E+001, 2.0077902E+001, 2.0083152E+001, 2.0086955E+001, 2.0093397E+001, 2.0098201E+001, 2.0106394E+001, 2.0112653E+001, 2.0123368E+001, 2.0131290E+001, 2.0145122E+001, 2.0155634E+001, 2.0173330E+001, 2.0186637E+001, 2.0209146E+001, 2.0226019E+001, 2.0253906E+001, 2.0275268E+001, 2.0310263E+001, 2.0335966E+001, 2.0378138E+001, 2.0408913E+001, 2.0459989E+001, 2.0496512E+001, 2.0556988E+001, 2.0600844E+001, 2.0672912E+001, 2.0726615E+001, 2.0813213E+001, 2.0877642E+001, 2.0988679E+001, 2.1073161E+001, 2.1220050E+001, 2.6504079E+001, 1.0706421E+002, 2.6157528E+002, 3.5248064E+002, 3.7384398E+002, 3.1816468E+002, 2.4685737E+002, 1.1045920E+002, 9.6970141E+001, 1.0187139E+002, 4.9124263E+001, 7.7337157E+001, 5.2879423E+001
 1.3008133E+001, 2.0000627E+001, 2.0001486E+001, 2.0002602E+001, 2.0003277E+001, 2.0004236E+001, 2.0004976E+001, 2.0006158E+001, 2.0007060E+001, 2.0008835E+001, 2.0010087E+001, 2.0011680E+001, 2.0012448E+001, 2.0013315E+001, 2.0013932E+001, 2.0014918E+001, 2.0015611E+001, 2.0016762E+001, 2.0017563E+001, 2.0018735E+001, 2.0019545E+001, 2.0020815E+001, 2.0021716E+001, 2.0023089E+001, 2.0024060E+001, 2.0025537E+001, 2.0026525E+001, 2.0028072E+001, 2.0029149E+001, 2.0030779E+001, 2.0031874E+001, 2.0033577E+001, 2.0034754E+001, 2.0036553E+001, 2.0037800E+001, 2.0039706E+001, 2.0041010E+001, 2.0043068E+001, 2.0044459E+001, 2.0046645E+001, 2.0048169E+001, 2.0050550E+001, 2.0052232E+001, 2.0054950E+001, 2.0056881E+001, 2.0059995E+001, 2.0062260E+001, 2.0066014E+001, 2.0068808E+001, 2.0073393E+001, 2.0076834E+001, 2.0082674E+001, 2.0087095E+001, 2.0094544E+001, 2.0100220E+001, 2.0109824E+001, 2.0117085E+001, 2.0129542E+001, 2.0138956E+001, 2.0154725E+001, 2.0166680E+001, 2.0186708E+001, 2.0201561E+001, 2.0226459E+001, 2.0244876E+001, 2.0275186E+001, 2.0297337E+001, 2.0333972E+001, 2.0360397E+001, 2.0403457E+001, 2.0434660E+001, 2.0485536E+001, 2.0522217E+001, 2.0581827E+001, 2.0625060E+001, 2.0695947E+001, 2.0748062E+001, 2.0836341E+001, 2.0903880E+001, 2.1025420E+001, 2.1191588E+001, 5.0724294E+001, 1.1464624E+002, 1.9740967E+002, 2.0616565E+002, 1.6176453E+002, 1.3349142E+002, 9.4178229E+001, 8.6382457E+001, 7.8807335E+001, 1.0309436E+002, 1.1775115E+002, 1.3804875E+002, 1.7906071E+002, 1.8752456E+002, 2.1686525E+002, 2.4560251E+002, 2.8411620E+002, 2.5872325E+002, 1.7997360E+002, 2.1404103E+002, 2.1766260E+002, 1.8571405E+002, 1.6715548E+002, 1.5090333E+002, 1.6587094E+002, 1.6400483E+002, 1.6522814E+002, 1.6124123E+002, 1.5574195E+002, 1.5032762E+002, 1.4617148E+002, 1.4332266E+002, 1.4118795E+002, 1.3491028E+002, 1.3235228E+002, 1.3926992E+002, 1.4449362E+002, 1.4732727E+002, 1.4629505E+002, 1.3695543E+002, 1.2385601E+002, 1.2110903E+002, 1.2367006E+002, 1.2879374E+002, 1.3665978E+002, 1.4252835E+002, 1.5126568E+002, 1.5967272E+002, 1.7397149E+002, 1.8348534E+002, 1.9363954E+002, 1.9289554E+002, 1.8657275E+002, 1.8169802E+002, 1.7202970E+002, 1.5850121E+002, 1.2573666E+002, 9.5895601E+001, 5.3611817E+001, 2.9930627E+001, 2.0329788E+001, 2.0303820E+001, 2.0269798E+001, 2.0249858E+001, 2.0223275E+001, 2.0207323E+001, 2.0185648E+001, 2.0172538E+001, 2.0154645E+001, 2.0143764E+001, 2.0128855E+001, 2.0119821E+001, 2.0107539E+001, 2.0100120E+001, 2.0090050E+001, 2.0084020E+001, 2.0075924E+001, 2.0071092E+001, 2.0064630E+001, 2.0061293E+001, 2.0000604E+001, 2.0001401E+001, 2.0002470E+001, 2.0003139E+001, 2.0004029E+001, 2.0004747E+001, 2.0005881E+001, 2.0006611E+001, 2.0008513E+001, 2.0009851E+001, 2.0011558E+001, 2.0012386E+001, 2.0013290E+001, 2.0013942E+001, 2.0015033E+001, 2.0015774E+001, 2.0017052E+001, 2.0017964E+001, 2.0019250E+001, 2.0020157E+001, 2.0021598E+001, 2.0022647E+001, 2.0024217E+001, 2.0025317E+001, 2.0027069E+001, 2.0028247E+001, 2.0030043E+001, 2.0031308E+001, 2.0033232E+001, 2.0034527E+001, 2.0036556E+001, 2.0037967E+001, 2.0040106E+001, 2.0041599E+001, 2.0043879E+001, 2.0045451E+001, 2.0047822E+001, 2.0049488E+001, 2.0051982E+001, 2.0053711E+001, 2.0056371E+001, 2.0058273E+001, 2.0061233E+001, 2.0063322E+001, 2.0066576E+001, 2.0068852E+001, 2.0072694E+001, 2.0075394E+001, 2.0079767E+001, 2.0083051E+001, 2.0088530E+001, 2.0092575E+001, 2.0099211E+001, 2.0104500E+001, 2.0113168E+001, 2.0119710E+001, 2.0130933E+001, 2.0139687E+001, 2.0154097E+001, 2.0165346E+001, 2.0184193E+001, 2.0198269E+001, 2.0222319E+001, 2.0240308E+001, 2.0270276E+001, 2.0292224E+001, 2.0329310E+001, 2.0356582E+001, 2.0401329E+001, 2.0434354E+001, 2.0487186E+001, 2.0526512E+001, 2.0590176E+001, 2.0636787E+001, 2.0712031E+001, 2.0768697E+001, 2.0862877E+001, 2.0933258E+001, 2.1060887E+001, 2.3772817E+001, 8.3359603E+001, 1.9654420E+002, 3.2147220E+002, 3.1596251E+002, 2.4127011E+002, 1.7960434E+002, 1.0098936E+002, 7.6332214E+001, 4.3549894E+001, 4.7090351E+001, 1.1433027E+002, 8.2679207E+001, 1.4792663E+002, 2.0626319E+002
 1.4005996E+001, 2.0000342E+001, 2.0000966E+001, 2.0002235E+001, 2.0003046E+001, 2.0004139E+001, 2.0004823E+001, 2.0005950E+001, 2.0006759E+001, 2.0008132E+001, 2.0009319E+001, 2.0011232E+001, 2.0012381E+001, 2.0013715E+001, 2.0014380E+001, 2.0015349E+001, 2.0016049E+001, 2.0017156E+001, 2.0017966E+001, 2.0019242E+001, 2.0020084E+001, 2.0021370E+001, 2.0022262E+001, 2.0023680E+001, 2.0024648E+001, 2.0026173E+001, 2.0027215E+001, 2.0028788E+001, 2.0029869E+001, 2.0031557E+001, 2.0032701E+001, 2.0034431E+001, 2.0035621E+001, 2.0037464E+001, 2.0038721E+001, 2.0040673E+001, 2.0042006E+001, 2.0044066E+001, 2.0045505E+001, 2.0047720E+001, 2.0049262E+001, 2.0051687E+001, 2.0053378E+001, 2.0056077E+001, 2.0058026E+001, 2.0061173E+001, 2.0063448E+001, 2.0067167E+001, 2.0069923E+001, 2.0074546E+001, 2.0077953E+001, 2.0083701E+001, 2.0088056E+001, 2.0095488E+001, 2.0101049E+001, 2.0110566E+001, 2.0117758E+001, 2.0129974E+001, 2.0139229E+001, 2.0154916E+001, 2.0166590E+001, 2.0186394E+001, 2.0201105E+001, 2.0225567E+001, 2.0243667E+001, 2.0273664E+001, 2.0295528E+001, 2.0331405E+001, 2.0357599E+001, 2.0400141E+001, 2.0430814E+001, 2.0480913E+001, 2.0517174E+001, 2.0576404E+001, 2.0619520E+001, 2.0691096E+001, 2.0744894E+001, 2.0838813E+001, 2.0917120E+001, 3.0443052E+001, 6.2788221E+001, 1.5787060E+002, 1.8146133E+002, 1.5735889E+002, 1.3329851E+002, 1.1472655E+002, 1.0261695E+002, 8.2666369E+001, 6.6280902E+001, 5.8659036E+001, 7.4604468E+001, 1.1507107E+002, 1.8754539E+002, 2.1960331E+002, 2.8494959E+002, 2.7027287E+002, 2.4484156E+002, 2.0750305E+002, 2.0811556E+002, 2.2081782E+002, 2.3147180E+002, 2.4849839E+002, 2.2820218E+002, 2.2518482E+002, 2.1520897E+002, 2.0754631E+002, 1.9016726E+002, 1.9409023E+002, 2.2210258E+002, 2.5189828E+002, 2.4285498E+002, 2.1897565E+002, 2.0476173E+002, 1.8450754E+002, 1.7418577E+002, 1.6082468E+002, 1.5356620E+002, 1.5503248E+002, 1.5128215E+002, 1.4516129E+002, 1.4856279E+002, 1.5250784E+002, 1.5619558E+002, 1.5975568E+002, 1.5461278E+002, 1.4213104E+002, 1.3428934E+002, 1.2928981E+002, 1.2668102E+002, 1.3308992E+002, 1.3888722E+002, 1.4222458E+002, 1.5051988E+002, 1.6426775E+002, 1.7311732E+002, 1.8437961E+002, 1.8703915E+002, 1.8503299E+002, 1.8188529E+002, 1.7439582E+002, 1.6554991E+002, 1.2810486E+002, 9.8247942E+001, 5.5569503E+001, 3.0146232E+001, 2.0277677E+001, 2.0256613E+001, 2.0228074E+001, 2.0211273E+001, 2.0188713E+001, 2.0175169E+001, 2.0156766E+001, 2.0145632E+001, 2.0130462E+001, 2.0121284E+001, 2.0108805E+001, 2.0101296E+001, 2.0091159E+001, 2.0085084E+001, 2.0076934E+001, 2.0072722E+001, 2.0000325E+001, 2.0000940E+001, 2.0002162E+001, 2.0002945E+001, 2.0004017E+001, 2.0004669E+001, 2.0005764E+001, 2.0006546E+001, 2.0007759E+001, 2.0009012E+001, 2.0011081E+001, 2.0012327E+001, 2.0013783E+001, 2.0014492E+001, 2.0015535E+001, 2.0016303E+001, 2.0017490E+001, 2.0018402E+001, 2.0019856E+001, 2.0020790E+001, 2.0022236E+001, 2.0023245E+001, 2.0024880E+001, 2.0025997E+001, 2.0027745E+001, 2.0028972E+001, 2.0030848E+001, 2.0032118E+001, 2.0034101E+001, 2.0035447E+001, 2.0037487E+001, 2.0038896E+001, 2.0041093E+001, 2.0042574E+001, 2.0044880E+001, 2.0046451E+001, 2.0048896E+001, 2.0050537E+001, 2.0053100E+001, 2.0054848E+001, 2.0057535E+001, 2.0059391E+001, 2.0062333E+001, 2.0064426E+001, 2.0067712E+001, 2.0070029E+001, 2.0073735E+001, 2.0076463E+001, 2.0080871E+001, 2.0084066E+001, 2.0089388E+001, 2.0093446E+001, 2.0100270E+001, 2.0105229E+001, 2.0113910E+001, 2.0120452E+001, 2.0131568E+001, 2.0139987E+001, 2.0154552E+001, 2.0165361E+001, 2.0184176E+001, 2.0198255E+001, 2.0221910E+001, 2.0239671E+001, 2.0269372E+001, 2.0291278E+001, 2.0327699E+001, 2.0354571E+001, 2.0399062E+001, 2.0431251E+001, 2.0484202E+001, 2.0522333E+001, 2.0585694E+001, 2.0631594E+001, 2.0708800E+001, 2.0764546E+001, 2.0864621E+001, 2.0944137E+001, 2.8229636E+001, 8.5809357E+001, 2.3492252E+002, 2.8842886E+002, 2.3757922E+002, 1.4643802E+002, 9.6929659E+001, 1.0154306E+002, 8.4254132E+001, 8.0473070E+001, 5.4481071E+001, 4.4630827E+001, 1.0881563E+002, 1.8117600E+002, 2.1982680E+002, 2.4581389E+002
 1.5000311E+001, 2.0000361E+001, 2.0000785E+001, 2.0001734E+001, 2.0002589E+001, 2.0003876E+001, 2.0004661E+001, 2.0005758E+001, 2.0006540E+001, 2.0007789E+001, 2.0008704E+001, 2.0010492E+001, 2.0011817E+001, 2.0013651E+001, 2.0014642E+001, 2.0015773E+001, 2.0016469E+001, 2.0017586E+001, 2.0018370E+001, 2.0019664E+001, 2.0020577E+001, 2.0021936E+001, 2.0022854E+001, 2.0024286E+001, 2.0025294E+001, 2.0026843E+001, 2.0027923E+001, 2.0029585E+001, 2.0030699E+001, 2.0032424E+001, 2.0033615E+001, 2.0035434E+001, 2.0036656E+001, 2.0038539E+001, 2.0039840E+001, 2.0041832E+001, 2.0043209E+001, 2.0045322E+001, 2.0046775E+001, 2.0049057E+001, 2.0050619E+001, 2.0053075E+001, 2.0054798E+001, 2.0057521E+001, 2.0059442E+001, 2.0062577E+001, 2.0064846E+001, 2.0068546E+001, 2.0071242E+001, 2.0075744E+001, 2.0079122E+001, 2.0084745E+001, 2.0088947E+001, 2.0096112E+001, 2.0101575E+001, 2.0110790E+001, 2.0117750E+001, 2.0129594E+001, 2.0138496E+001, 2.0153702E+001, 2.0165115E+001, 2.0184182E+001, 2.0198495E+001, 2.0222352E+001, 2.0239918E+001, 2.0269072E+001, 2.0290527E+001, 2.0325547E+001, 2.0351052E+001, 2.0392899E+001, 2.0423242E+001, 2.0472508E+001, 2.0508541E+001, 2.0567960E+001, 2.0611990E+001, 2.0687415E+001, 2.0746764E+001, 2.1065735E+001, 3.9463528E+001, 1.0480231E+002, 1.3625100E+002, 1.5485027E+002, 1.2957134E+002, 9.4911852E+001, 9.8026774E+001, 1.0304204E+002, 9.6305483E+001, 7.9171163E+001, 6.5833610E+001, 5.7156998E+001, 1.0647708E+002, 1.8966151E+002, 2.4911080E+002, 2.4736441E+002, 2.1393835E+002, 2.1302206E+002, 2.2473870E+002, 2.3751644E+002, 2.4339536E+002, 2.3750760E+002, 2.3748730E+002, 2.3321899E+002, 2.0335560E+002, 1.9064082E+002, 1.8978221E+002, 2.0061961E+002, 1.8661127E+002, 1.6326158E+002, 1.5794381E+002, 1.5238061E+002, 1.6919652E+002, 2.0210846E+002, 2.2947941E+002, 2.5731964E+002, 2.5667468E+002, 2.5206661E+002, 2.4519227E+002, 2.2686343E+002, 2.1544064E+002, 1.9878241E+002, 1.8761248E+002, 1.7397055E+002, 1.6325921E+002, 1.4654655E+002, 1.4368876E+002, 1.4675229E+002, 1.4973866E+002, 1.5548363E+002, 1.5972669E+002, 1.4845835E+002, 1.3829765E+002, 1.3167642E+002, 1.3227785E+002, 1.3770889E+002, 1.3648818E+002, 1.3676153E+002, 1.4132643E+002, 1.5176725E+002, 1.5849726E+002, 1.6900117E+002, 1.7513868E+002, 1.7890654E+002, 1.7837292E+002, 1.7479279E+002, 1.6874319E+002, 1.3121780E+002, 1.0043074E+002, 5.5633336E+001, 2.9345824E+001, 2.0235773E+001, 2.0217992E+001, 2.0193597E+001, 2.0179233E+001, 2.0159994E+001, 2.0148424E+001, 2.0132718E+001, 2.0123291E+001, 2.0110580E+001, 2.0102931E+001, 2.0092620E+001, 2.0087291E+001, 2.0000348E+001, 2.0000736E+001, 2.0001686E+001, 2.0002520E+001, 2.0003775E+001, 2.0004556E+001, 2.0005620E+001, 2.0006379E+001, 2.0007585E+001, 2.0008399E+001, 2.0010225E+001, 2.0011658E+001, 2.0013654E+001, 2.0014750E+001, 2.0015992E+001, 2.0016734E+001, 2.0017961E+001, 2.0018811E+001, 2.0020247E+001, 2.0021295E+001, 2.0022818E+001, 2.0023841E+001, 2.0025479E+001, 2.0026627E+001, 2.0028430E+001, 2.0029665E+001, 2.0031607E+001, 2.0032939E+001, 2.0034963E+001, 2.0036366E+001, 2.0038502E+001, 2.0039945E+001, 2.0042164E+001, 2.0043711E+001, 2.0046057E+001, 2.0047670E+001, 2.0050143E+001, 2.0051867E+001, 2.0054456E+001, 2.0056255E+001, 2.0059033E+001, 2.0060915E+001, 2.0063848E+001, 2.0065909E+001, 2.0069201E+001, 2.0071567E+001, 2.0075307E+001, 2.0077933E+001, 2.0082299E+001, 2.0085530E+001, 2.0090823E+001, 2.0094667E+001, 2.0101246E+001, 2.0106328E+001, 2.0114620E+001, 2.0120980E+001, 2.0131811E+001, 2.0140017E+001, 2.0153969E+001, 2.0164770E+001, 2.0182762E+001, 2.0196363E+001, 2.0219518E+001, 2.0236687E+001, 2.0265679E+001, 2.0287277E+001, 2.0322916E+001, 2.0348873E+001, 2.0391951E+001, 2.0424021E+001, 2.0476197E+001, 2.0514194E+001, 2.0576731E+001, 2.0623965E+001, 2.0704370E+001, 2.0768245E+001, 2.0901329E+001, 3.5849015E+001, 1.5847393E+002, 2.3061332E+002, 2.8206185E+002, 2.1033029E+002, 8.1595885E+001, 6.4084056E+001, 7.6074500E+001, 9.2161588E+001, 8.2372675E+001, 6.9496315E+001, 6.4947447E+001, 4.9017578E+001, 1.9695026E+002, 2.3731220E+002, 2.2689384E+002, 2.1466071E+002
 1.6013912E+001, 2.0000356E+001, 2.0000814E+001, 2.0001515E+001, 2.0002138E+001, 2.0003416E+001, 2.0004321E+001, 2.0005590E+001, 2.0006362E+001, 2.0007584E+001, 2.0008446E+001, 2.0009840E+001, 2.0011059E+001, 2.0013101E+001, 2.0014408E+001, 2.0016053E+001, 2.0016893E+001, 2.0018023E+001, 2.0018816E+001, 2.0020073E+001, 2.0020995E+001, 2.0022457E+001, 2.0023431E+001, 2.0024902E+001, 2.0025920E+001, 2.0027526E+001, 2.0028626E+001, 2.0030348E+001, 2.0031531E+001, 2.0033320E+001, 2.0034542E+001, 2.0036441E+001, 2.0037735E+001, 2.0039691E+001, 2.0041022E+001, 2.0043096E+001, 2.0044503E+001, 2.0046702E+001, 2.0048198E+001, 2.0050526E+001, 2.0052153E+001, 2.0054666E+001, 2.0056428E+001, 2.0059211E+001, 2.0061159E+001, 2.0064293E+001, 2.0066548E+001, 2.0070268E+001, 2.0072958E+001, 2.0077399E+001, 2.0080674E+001, 2.0086235E+001, 2.0090365E+001, 2.0097315E+001, 2.0102544E+001, 2.0111534E+001, 2.0118273E+001, 2.0129727E+001, 2.0138361E+001, 2.0152906E+001, 2.0163899E+001, 2.0182433E+001, 2.0196135E+001, 2.0219205E+001, 2.0236264E+001, 2.0264419E+001, 2.0285100E+001, 2.0319374E+001, 2.0344205E+001, 2.0385060E+001, 2.0414890E+001, 2.0464198E+001, 2.0500255E+001, 2.0561619E+001, 2.0609115E+001, 2.0699158E+001, 2.1289848E+001, 6.6012603E+001, 1.0232776E+002, 1.3948267E+002, 1.3093586E+002, 9.7911424E+001, 8.0300389E+001, 6.2014449E+001, 7.1805214E+001, 9.7089488E+001, 9.5614419E+001, 8.0831369E+001, 6.2566903E+001, 1.4861061E+002, 2.1119440E+002, 2.1865593E+002, 2.2474070E+002, 2.2561524E+002, 2.3230291E+002, 2.3283445E+002, 2.3394213E+002, 2.4112996E+002, 2.4023701E+002, 2.2127573E+002, 2.0777093E+002, 1.9616862E+002, 1.8126718E+002, 1.6292969E+002, 1.6938094E+002, 1.6755851E+002, 1.7065905E+002, 1.6679527E+002, 1.5811203E+002, 1.4841952E+002, 1.4545757E+002, 1.3400697E+002, 1.3092482E+002, 1.4698913E+002, 1.7076968E+002, 2.0274513E+002, 2.2156501E+002, 2.4005962E+002, 2.3913436E+002, 2.3786358E+002, 2.3916557E+002, 2.4054145E+002, 2.4013943E+002, 2.3753913E+002, 2.3109807E+002, 2.1744385E+002, 2.0668027E+002, 1.8957376E+002, 1.7701616E+002, 1.6367774E+002, 1.5522790E+002, 1.5488041E+002, 1.5174500E+002, 1.3692623E+002, 1.3109264E+002, 1.2951431E+002, 1.2884896E+002, 1.2841050E+002, 1.2902867E+002, 1.3024898E+002, 1.3223268E+002, 1.3966014E+002, 1.4604162E+002, 1.5571609E+002, 1.6252624E+002, 1.6993191E+002, 1.7199609E+002, 1.7191344E+002, 1.6757089E+002, 1.2981769E+002, 9.8643578E+001, 5.4200295E+001, 2.8576945E+001, 2.0202039E+001, 2.0186603E+001, 2.0165441E+001, 2.0153016E+001, 2.0136463E+001, 2.0126596E+001, 2.0113367E+001, 2.0106548E+001, 2.0000320E+001, 2.0000783E+001, 2.0001454E+001, 2.0002078E+001, 2.0003328E+001, 2.0004222E+001, 2.0005496E+001, 2.0006263E+001, 2.0007443E+001, 2.0008306E+001, 2.0009561E+001, 2.0010791E+001, 2.0012982E+001, 2.0014407E+001, 2.0016236E+001, 2.0017180E+001, 2.0018397E+001, 2.0019272E+001, 2.0020623E+001, 2.0021646E+001, 2.0023320E+001, 2.0024419E+001, 2.0026048E+001, 2.0027228E+001, 2.0029067E+001, 2.0030343E+001, 2.0032309E+001, 2.0033685E+001, 2.0035811E+001, 2.0037250E+001, 2.0039477E+001, 2.0040989E+001, 2.0043290E+001, 2.0044848E+001, 2.0047293E+001, 2.0048941E+001, 2.0051498E+001, 2.0053217E+001, 2.0055957E+001, 2.0057756E+001, 2.0060632E+001, 2.0062593E+001, 2.0065645E+001, 2.0067712E+001, 2.0071022E+001, 2.0073360E+001, 2.0077215E+001, 2.0079894E+001, 2.0084237E+001, 2.0087368E+001, 2.0092651E+001, 2.0096533E+001, 2.0102982E+001, 2.0107780E+001, 2.0116110E+001, 2.0122233E+001, 2.0132812E+001, 2.0140770E+001, 2.0154301E+001, 2.0164457E+001, 2.0182095E+001, 2.0195347E+001, 2.0217630E+001, 2.0234465E+001, 2.0262319E+001, 2.0283011E+001, 2.0317854E+001, 2.0343349E+001, 2.0385465E+001, 2.0415976E+001, 2.0467790E+001, 2.0506512E+001, 2.0570923E+001, 2.0620979E+001, 2.0716077E+001, 2.1035514E+001, 9.8201496E+001, 1.6878617E+002, 2.4868408E+002, 2.3559688E+002, 1.2628061E+002, 7.7981590E+001, 4.3547629E+001, 3.5909487E+001, 7.1625502E+001, 8.7044744E+001, 9.0532832E+001, 6.8466033E+001, 1.0640904E+002, 2.0324646E+002, 2.2986404E+002, 2.3375368E+002, 2.2802097E+002, 2.3124404E+002
 1.7003644E+001, 2.0000491E+001, 2.0000944E+001, 2.0001712E+001, 2.0002191E+001, 2.0003173E+001, 2.0004077E+001, 2.0005499E+001, 2.0006406E+001, 2.0007641E+001, 2.0008503E+001, 2.0009856E+001, 2.0010787E+001, 2.0012705E+001, 2.0014134E+001, 2.0016187E+001, 2.0017362E+001, 2.0018729E+001, 2.0019519E+001, 2.0020798E+001, 2.0021688E+001, 2.0023176E+001, 2.0024223E+001, 2.0025787E+001, 2.0026826E+001, 2.0028465E+001, 2.0029603E+001, 2.0031360E+001, 2.0032575E+001, 2.0034458E+001, 2.0035718E+001, 2.0037660E+001, 2.0038996E+001, 2.0041042E+001, 2.0042419E+001, 2.0044525E+001, 2.0045990E+001, 2.0048215E+001, 2.0049775E+001, 2.0052148E+001, 2.0053799E+001, 2.0056381E+001, 2.0058172E+001, 2.0060999E+001, 2.0063016E+001, 2.0066172E+001, 2.0068462E+001, 2.0072157E+001, 2.0074923E+001, 2.0079390E+001, 2.0082695E+001, 2.0088207E+001, 2.0092379E+001, 2.0099327E+001, 2.0104558E+001, 2.0113435E+001, 2.0120185E+001, 2.0131544E+001, 2.0140089E+001, 2.0154552E+001, 2.0165330E+001, 2.0183649E+001, 2.0197280E+001, 2.0219879E+001, 2.0236696E+001, 2.0264571E+001, 2.0285036E+001, 2.0318772E+001, 2.0343719E+001, 2.0384470E+001, 2.0414798E+001, 2.0465821E+001, 2.0504963E+001, 2.0576211E+001, 2.0637526E+001, 3.5941139E+001, 6.5987742E+001, 1.1160103E+002, 1.2041344E+002, 1.0217513E+002, 8.7579924E+001, 6.7494690E+001, 6.1215661E+001, 5.6929374E+001, 5.5634010E+001, 8.9484631E+001, 8.7923987E+001, 8.8041327E+001, 1.7324257E+002, 2.1406570E+002, 2.1434245E+002, 2.2147620E+002, 2.3569692E+002, 2.4337099E+002, 2.4653268E+002, 2.4975492E+002, 2.4121984E+002, 2.2504999E+002, 2.0254924E+002, 1.9207092E+002, 1.8805633E+002, 2.0137318E+002, 1.6411652E+002, 1.6877509E+002, 1.6237664E+002, 1.5478775E+002, 1.4921211E+002, 1.5787061E+002, 1.6677706E+002, 1.7024782E+002, 1.6294378E+002, 1.4973465E+002, 1.3075057E+002, 1.1833477E+002, 1.2599505E+002, 1.3709876E+002, 1.3865443E+002, 1.4341014E+002, 1.5795852E+002, 1.7690396E+002, 1.8582700E+002, 2.0105259E+002, 2.0703268E+002, 2.0437985E+002, 2.0344227E+002, 2.0635189E+002, 2.0933906E+002, 2.1481379E+002, 2.1865478E+002, 2.2297735E+002, 2.2389373E+002, 2.0764334E+002, 1.9067094E+002, 1.6445062E+002, 1.5140222E+002, 1.3910497E+002, 1.3229463E+002, 1.2798081E+002, 1.2694412E+002, 1.2671749E+002, 1.2660279E+002, 1.2611425E+002, 1.2584937E+002, 1.2568604E+002, 1.2610223E+002, 1.3065593E+002, 1.3627538E+002, 1.4632698E+002, 1.5274550E+002, 1.6065688E+002, 1.6418621E+002, 1.6617150E+002, 1.6279705E+002, 1.2554620E+002, 9.4943526E+001, 5.0110421E+001, 2.5864913E+001, 2.0173840E+001, 2.0160376E+001, 2.0141947E+001, 2.0132705E+001, 2.0000452E+001, 2.0000851E+001, 2.0001662E+001, 2.0002098E+001, 2.0003101E+001, 2.0003968E+001, 2.0005405E+001, 2.0006319E+001, 2.0007538E+001, 2.0008388E+001, 2.0009754E+001, 2.0010569E+001, 2.0012464E+001, 2.0014037E+001, 2.0016279E+001, 2.0017595E+001, 2.0019162E+001, 2.0020002E+001, 2.0021427E+001, 2.0022394E+001, 2.0024053E+001, 2.0025255E+001, 2.0027039E+001, 2.0028159E+001, 2.0030074E+001, 2.0031359E+001, 2.0033433E+001, 2.0034815E+001, 2.0037011E+001, 2.0038521E+001, 2.0040802E+001, 2.0042393E+001, 2.0044789E+001, 2.0046418E+001, 2.0048875E+001, 2.0050607E+001, 2.0053208E+001, 2.0055023E+001, 2.0057712E+001, 2.0059690E+001, 2.0062528E+001, 2.0064562E+001, 2.0067708E+001, 2.0069875E+001, 2.0073103E+001, 2.0075541E+001, 2.0079280E+001, 2.0082132E+001, 2.0086434E+001, 2.0089673E+001, 2.0094919E+001, 2.0098810E+001, 2.0105316E+001, 2.0110135E+001, 2.0118304E+001, 2.0124587E+001, 2.0134872E+001, 2.0142863E+001, 2.0156286E+001, 2.0166575E+001, 2.0183867E+001, 2.0196943E+001, 2.0218992E+001, 2.0235267E+001, 2.0263033E+001, 2.0283759E+001, 2.0318043E+001, 2.0343549E+001, 2.0385544E+001, 2.0417140E+001, 2.0469967E+001, 2.0510627E+001, 2.0585951E+001, 2.0648576E+001, 4.9295412E+001, 1.0133731E+002, 1.9058069E+002, 2.1429839E+002, 1.4958718E+002, 1.0023647E+002, 6.3796661E+001, 3.9934951E+001, 3.6636186E+001, 3.6615555E+001, 7.1095826E+001, 8.6866618E+001, 8.7248421E+001, 1.5778629E+002, 2.1804058E+002, 2.2039396E+002, 2.3836096E+002, 2.3641062E+002, 2.3158274E+002, 2.3166283E+002
 1.8011656E+001, 2.0000391E+001, 2.0000901E+001, 2.0001734E+001, 2.0002275E+001, 2.0003072E+001, 2.0003729E+001, 2.0005087E+001, 2.0006078E+001, 2.0007529E+001, 2.0008423E+001, 2.0009776E+001, 2.0010725E+001, 2.0012200E+001, 2.0013499E+001, 2.0015710E+001, 2.0017157E+001, 2.0019075E+001, 2.0020101E+001, 2.0021411E+001, 2.0022325E+001, 2.0023764E+001, 2.0024827E+001, 2.0026507E+001, 2.0027631E+001, 2.0029312E+001, 2.0030482E+001, 2.0032302E+001, 2.0033557E+001, 2.0035502E+001, 2.0036842E+001, 2.0038866E+001, 2.0040247E+001, 2.0042383E+001, 2.0043834E+001, 2.0046035E+001, 2.0047524E+001, 2.0049852E+001, 2.0051420E+001, 2.0053899E+001, 2.0055573E+001, 2.0058213E+001, 2.0060049E+001, 2.0062927E+001, 2.0064936E+001, 2.0068176E+001, 2.0070432E+001, 2.0074122E+001, 2.0076766E+001, 2.0081248E+001, 2.0084481E+001, 2.0089851E+001, 2.0093847E+001, 2.0100673E+001, 2.0105718E+001, 2.0114233E+001, 2.0120681E+001, 2.0131695E+001, 2.0139921E+001, 2.0153847E+001, 2.0164267E+001, 2.0181710E+001, 2.0194853E+001, 2.0216840E+001, 2.0233041E+001, 2.0260157E+001, 2.0280109E+001, 2.0313223E+001, 2.0337734E+001, 2.0379178E+001, 2.0410134E+001, 2.0465051E+001, 2.0509869E+001, 2.3374888E+001, 3.9414058E+001, 8.2877226E+001, 1.0760271E+002, 1.1210979E+002, 9.5692662E+001, 6.6407075E+001, 5.6177374E+001, 6.1893894E+001, 5.8929266E+001, 5.7030689E+001, 5.3556938E+001, 7.8950148E+001, 8.7305213E+001, 1.9925148E+002, 1.9982849E+002, 2.1094997E+002, 2.2872537E+002, 2.3415460E+002, 2.3159523E+002, 2.3099761E+002, 2.3010384E+002, 2.3000895E+002, 2.2259739E+002, 2.1135054E+002, 1.9215947E+002, 1.8555478E+002, 1.9058348E+002, 2.6240011E+002, 1.6562028E+002, 1.6374151E+002, 1.5328750E+002, 1.5087601E+002, 1.3934298E+002, 1.1777947E+002, 1.2200673E+002, 1.4136563E+002, 1.5176326E+002, 1.4984606E+002, 1.5046632E+002, 1.4249614E+002, 1.3394516E+002, 1.3230070E+002, 1.4577809E+002, 1.6187034E+002, 1.6212732E+002, 1.5885150E+002, 1.5460565E+002, 1.4546387E+002, 1.4378607E+002, 1.5217229E+002, 1.5630252E+002, 1.5789516E+002, 1.5823661E+002, 1.6009901E+002, 1.6164042E+002, 1.6410635E+002, 1.6580336E+002, 1.7150891E+002, 1.7809477E+002, 1.9193553E+002, 1.9584492E+002, 1.8314277E+002, 1.6860496E+002, 1.4638320E+002, 1.3588642E+002, 1.3265132E+002, 1.3108812E+002, 1.2757294E+002, 1.2637106E+002, 1.2807516E+002, 1.2963947E+002, 1.3042595E+002, 1.2934312E+002, 1.2595923E+002, 1.2482417E+002, 1.2721021E+002, 1.3139157E+002, 1.4014149E+002, 1.4595306E+002, 1.5315711E+002, 1.5661301E+002, 1.5978337E+002, 1.5626923E+002, 1.1955298E+002, 9.0752167E+001, 4.6528314E+001, 2.3139645E+001, 2.0000331E+001, 2.0000821E+001, 2.0001604E+001, 2.0002188E+001, 2.0002944E+001, 2.0003619E+001, 2.0004939E+001, 2.0005961E+001, 2.0007444E+001, 2.0008332E+001, 2.0009689E+001, 2.0010651E+001, 2.0011992E+001, 2.0013239E+001, 2.0015643E+001, 2.0017228E+001, 2.0019377E+001, 2.0020563E+001, 2.0022012E+001, 2.0023016E+001, 2.0024576E+001, 2.0025765E+001, 2.0027680E+001, 2.0028988E+001, 2.0030858E+001, 2.0032223E+001, 2.0034310E+001, 2.0035783E+001, 2.0038014E+001, 2.0039570E+001, 2.0041990E+001, 2.0043607E+001, 2.0046143E+001, 2.0047841E+001, 2.0050438E+001, 2.0052174E+001, 2.0054923E+001, 2.0056761E+001, 2.0059617E+001, 2.0061501E+001, 2.0064584E+001, 2.0066592E+001, 2.0069825E+001, 2.0072047E+001, 2.0075543E+001, 2.0077824E+001, 2.0081693E+001, 2.0084309E+001, 2.0088891E+001, 2.0092064E+001, 2.0097155E+001, 2.0100955E+001, 2.0107428E+001, 2.0112058E+001, 2.0119933E+001, 2.0125911E+001, 2.0136253E+001, 2.0143749E+001, 2.0156843E+001, 2.0166528E+001, 2.0183092E+001, 2.0195609E+001, 2.0217002E+001, 2.0233121E+001, 2.0259903E+001, 2.0279811E+001, 2.0313142E+001, 2.0338150E+001, 2.0380612E+001, 2.0412332E+001, 2.0468038E+001, 2.0514334E+001, 2.2584106E+001, 4.8703047E+001, 1.2581325E+002, 1.7896294E+002, 1.9766595E+002, 1.5284852E+002, 8.1900187E+001, 4.2971053E+001, 3.8859757E+001, 3.9752951E+001, 3.4588548E+001, 3.5775064E+001, 7.0504793E+001, 9.9820256E+001, 1.7569681E+002, 2.1473429E+002, 2.3211288E+002, 2.4083043E+002, 2.3581138E+002, 2.2940756E+002, 2.0470087E+002, 2.0314057E+002
 1.9011413E+001, 2.0000436E+001, 2.0001012E+001, 2.0001874E+001, 2.0002463E+001, 2.0003354E+001, 2.0003936E+001, 2.0005024E+001, 2.0005974E+001, 2.0007530E+001, 2.0008554E+001, 2.0010003E+001, 2.0010974E+001, 2.0012467E+001, 2.0013523E+001, 2.0015565E+001, 2.0017106E+001, 2.0019363E+001, 2.0020714E+001, 2.0022387E+001, 2.0023352E+001, 2.0024833E+001, 2.0025875E+001, 2.0027603E+001, 2.0028808E+001, 2.0030629E+001, 2.0031842E+001, 2.0033741E+001, 2.0035049E+001, 2.0037075E+001, 2.0038472E+001, 2.0040627E+001, 2.0042082E+001, 2.0044306E+001, 2.0045839E+001, 2.0048175E+001, 2.0049750E+001, 2.0052163E+001, 2.0053827E+001, 2.0056383E+001, 2.0058164E+001, 2.0060890E+001, 2.0062798E+001, 2.0065780E+001, 2.0067881E+001, 2.0071201E+001, 2.0073580E+001, 2.0077342E+001, 2.0080079E+001, 2.0084545E+001, 2.0087884E+001, 2.0093367E+001, 2.0097414E+001, 2.0104188E+001, 2.0109326E+001, 2.0117935E+001, 2.0124320E+001, 2.0135264E+001, 2.0143512E+001, 2.0157360E+001, 2.0167749E+001, 2.0185187E+001, 2.0198123E+001, 2.0220021E+001, 2.0236226E+001, 2.0263206E+001, 2.0283377E+001, 2.0317148E+001, 2.0342476E+001, 2.0386575E+001, 2.0421840E+001, 2.0513214E+001, 2.5329084E+001, 6.4556337E+001, 8.6429662E+001, 1.0834472E+002, 9.9008895E+001, 6.9810005E+001, 5.9738902E+001, 5.7775841E+001, 5.2065442E+001, 5.4391200E+001, 5.7260640E+001, 5.6736063E+001, 5.5146906E+001, 1.0826375E+002, 1.4404951E+002, 1.9899789E+002, 2.1169666E+002, 2.1040355E+002, 2.0439968E+002, 1.9638679E+002, 1.8663036E+002, 2.0784343E+002, 2.0478174E+002, 2.0866776E+002, 2.1570635E+002, 1.9810688E+002, 1.8570257E+002, 1.8460925E+002, 2.1814875E+002, 2.1626611E+002, 1.6489527E+002, 1.4785320E+002, 1.5197059E+002, 1.5296058E+002, 1.3752150E+002, 1.1906933E+002, 1.0632825E+002, 9.5138618E+001, 1.0118244E+002, 1.1277701E+002, 1.2157028E+002, 1.3129501E+002, 1.3612249E+002, 1.4101253E+002, 1.3902197E+002, 1.5281502E+002, 1.6960275E+002, 1.6521740E+002, 1.6671853E+002, 1.6599033E+002, 1.6395612E+002, 1.5863562E+002, 1.5387505E+002, 1.4832673E+002, 1.4566555E+002, 1.4245794E+002, 1.4113091E+002, 1.4037118E+002, 1.4120577E+002, 1.4210605E+002, 1.4165564E+002, 1.4024054E+002, 1.3983718E+002, 1.4369399E+002, 1.5321632E+002, 1.6607177E+002, 1.6909008E+002, 1.6260619E+002, 1.5487891E+002, 1.4102236E+002, 1.3710237E+002, 1.3561791E+002, 1.3233791E+002, 1.2803165E+002, 1.2739855E+002, 1.3146573E+002, 1.3490336E+002, 1.3722835E+002, 1.3571643E+002, 1.2987581E+002, 1.2661754E+002, 1.2620439E+002, 1.2852749E+002, 1.3613387E+002, 1.4157330E+002, 1.4847559E+002, 1.5238947E+002, 1.5806158E+002, 1.5087547E+002, 2.0000383E+001, 2.0000917E+001, 2.0001706E+001, 2.0002295E+001, 2.0003232E+001, 2.0003804E+001, 2.0004895E+001, 2.0005798E+001, 2.0007388E+001, 2.0008452E+001, 2.0009900E+001, 2.0010889E+001, 2.0012387E+001, 2.0013375E+001, 2.0015364E+001, 2.0017036E+001, 2.0019514E+001, 2.0021036E+001, 2.0022961E+001, 2.0024050E+001, 2.0025696E+001, 2.0026817E+001, 2.0028764E+001, 2.0030136E+001, 2.0032218E+001, 2.0033585E+001, 2.0035775E+001, 2.0037276E+001, 2.0039657E+001, 2.0041264E+001, 2.0043774E+001, 2.0045513E+001, 2.0048151E+001, 2.0049967E+001, 2.0052720E+001, 2.0054577E+001, 2.0057405E+001, 2.0059362E+001, 2.0062356E+001, 2.0064386E+001, 2.0067485E+001, 2.0069693E+001, 2.0073004E+001, 2.0075319E+001, 2.0078930E+001, 2.0081502E+001, 2.0085333E+001, 2.0088183E+001, 2.0092619E+001, 2.0096002E+001, 2.0101290E+001, 2.0105228E+001, 2.0111555E+001, 2.0116430E+001, 2.0124546E+001, 2.0130398E+001, 2.0140565E+001, 2.0148364E+001, 2.0161209E+001, 2.0171083E+001, 2.0187690E+001, 2.0200161E+001, 2.0221314E+001, 2.0237148E+001, 2.0263868E+001, 2.0284053E+001, 2.0317923E+001, 2.0343576E+001, 2.0388178E+001, 2.0423303E+001, 2.0494117E+001, 2.4482870E+001, 9.0157342E+001, 1.3768307E+002, 1.9848413E+002, 1.8994663E+002, 9.3452708E+001, 4.8315623E+001, 4.2149965E+001, 3.9155045E+001, 3.2390269E+001, 3.5661571E+001, 4.2755598E+001, 4.5094022E+001, 9.5376881E+001, 1.5517184E+002, 2.1868314E+002, 2.3154530E+002, 2.2777524E+002, 2.1178903E+002, 1.9543724E+002, 1.6080544E+002, 1.0166381E+002, 1.0276998E+002
 2.0002941E+001, 2.0000673E+001, 2.0001389E+001, 2.0002336E+001, 2.0002955E+001, 2.0003935E+001, 2.0004585E+001, 2.0005582E+001, 2.0006451E+001, 2.0008031E+001, 2.0009141E+001, 2.0010764E+001, 2.0011792E+001, 2.0013390E+001, 2.0014443E+001, 2.0016290E+001, 2.0017836E+001, 2.0020272E+001, 2.0021836E+001, 2.0023890E+001, 2.0025035E+001, 2.0026623E+001, 2.0027720E+001, 2.0029489E+001, 2.0030775E+001, 2.0032746E+001, 2.0034060E+001, 2.0036064E+001, 2.0037449E+001, 2.0039594E+001, 2.0041065E+001, 2.0043350E+001, 2.0044899E+001, 2.0047257E+001, 2.0048867E+001, 2.0051342E+001, 2.0053024E+001, 2.0055560E+001, 2.0057315E+001, 2.0059998E+001, 2.0061861E+001, 2.0064734E+001, 2.0066717E+001, 2.0069853E+001, 2.0072043E+001, 2.0075520E+001, 2.0078008E+001, 2.0081978E+001, 2.0084827E+001, 2.0089462E+001, 2.0092942E+001, 2.0098702E+001, 2.0102928E+001, 2.0109963E+001, 2.0115305E+001, 2.0124282E+001, 2.0130983E+001, 2.0142232E+001, 2.0150799E+001, 2.0165173E+001, 2.0175917E+001, 2.0193996E+001, 2.0207417E+001, 2.0229970E+001, 2.0246918E+001, 2.0275302E+001, 2.0296729E+001, 2.0333804E+001, 2.0363050E+001, 2.0420950E+001, 2.1047441E+001, 5.1688609E+001, 7.1733759E+001, 9.4413589E+001, 9.2942339E+001, 7.0527695E+001, 5.9235257E+001, 4.9514692E+001, 4.6710629E+001, 5.3172693E+001, 5.1421789E+001, 5.1778531E+001, 5.5700618E+001, 1.1501126E+002, 1.7562887E+002, 1.9308424E+002, 1.9243886E+002, 1.8222666E+002, 1.8092481E+002, 1.8069118E+002, 1.6857587E+002, 1.4453295E+002, 1.5483245E+002, 1.9112043E+002, 1.9228266E+002, 2.0673970E+002, 1.9485845E+002, 1.8221008E+002, 1.8856964E+002, 1.7983031E+002, 1.8437322E+002, 1.9209352E+002, 2.0477427E+002, 1.9985736E+002, 1.7061858E+002, 1.5660662E+002, 1.5561609E+002, 1.4392073E+002, 1.3174869E+002, 1.0772546E+002, 1.0218166E+002, 1.2800146E+002, 1.3232657E+002, 1.2153768E+002, 1.1556026E+002, 1.1278497E+002, 1.1824782E+002, 1.3064684E+002, 1.3822317E+002, 1.5539454E+002, 1.4641734E+002, 1.4300165E+002, 1.4424206E+002, 1.4605164E+002, 1.4938666E+002, 1.5569972E+002, 1.5968371E+002, 1.6198099E+002, 1.6035192E+002, 1.5306120E+002, 1.4721632E+002, 1.4063511E+002, 1.3835089E+002, 1.3707792E+002, 1.3678713E+002, 1.3644176E+002, 1.3568751E+002, 1.3484952E+002, 1.3465651E+002, 1.3556502E+002, 1.4094409E+002, 1.5602526E+002, 1.6140446E+002, 1.6623119E+002, 1.5733914E+002, 1.4449188E+002, 1.3920648E+002, 1.3592902E+002, 1.3248790E+002, 1.2845120E+002, 1.2884742E+002, 1.3368747E+002, 1.3761697E+002, 1.4073942E+002, 1.3942822E+002, 1.3184963E+002, 1.2714654E+002, 1.2447353E+002, 1.2855093E+002, 1.4052039E+002, 1.4654683E+002, 2.0000611E+001, 2.0001250E+001, 2.0002155E+001, 2.0002722E+001, 2.0003748E+001, 2.0004424E+001, 2.0005425E+001, 2.0006257E+001, 2.0007829E+001, 2.0008966E+001, 2.0010656E+001, 2.0011674E+001, 2.0013333E+001, 2.0014388E+001, 2.0016049E+001, 2.0017671E+001, 2.0020327E+001, 2.0022060E+001, 2.0024421E+001, 2.0025761E+001, 2.0027552E+001, 2.0028784E+001, 2.0030724E+001, 2.0032188E+001, 2.0034471E+001, 2.0035963E+001, 2.0038285E+001, 2.0039879E+001, 2.0042403E+001, 2.0044136E+001, 2.0046788E+001, 2.0048634E+001, 2.0051459E+001, 2.0053393E+001, 2.0056337E+001, 2.0058338E+001, 2.0061349E+001, 2.0063414E+001, 2.0066580E+001, 2.0068788E+001, 2.0071994E+001, 2.0074325E+001, 2.0077878E+001, 2.0080269E+001, 2.0084056E+001, 2.0086771E+001, 2.0090937E+001, 2.0093778E+001, 2.0098446E+001, 2.0101925E+001, 2.0107625E+001, 2.0111643E+001, 2.0118234E+001, 2.0123315E+001, 2.0131689E+001, 2.0137970E+001, 2.0148215E+001, 2.0156419E+001, 2.0169801E+001, 2.0180032E+001, 2.0197174E+001, 2.0210199E+001, 2.0231891E+001, 2.0248326E+001, 2.0276574E+001, 2.0297784E+001, 2.0334771E+001, 2.0363851E+001, 2.0420322E+001, 2.0601234E+001, 6.5410896E+001, 1.0718273E+002, 1.7053112E+002, 1.8054506E+002, 1.0191485E+002, 5.8783353E+001, 4.2071381E+001, 3.2339840E+001, 3.3271997E+001, 3.7338071E+001, 3.8000756E+001, 4.1597768E+001, 9.3638492E+001, 1.7771286E+002, 2.1859599E+002, 2.2466712E+002, 2.2128646E+002, 2.2172877E+002, 2.1931247E+002, 2.0022583E+002, 1.4078813E+002, 1.0865759E+002, 8.9761412E+001, 1.0570278E+002
 2.1008524E+001, 2.0000418E+001, 2.0001184E+001, 2.0002342E+001, 2.0003011E+001, 2.0003995E+001, 2.0004698E+001, 2.0005742E+001, 2.0006457E+001, 2.0007834E+001, 2.0008945E+001, 2.0010684E+001, 2.0011826E+001, 2.0013478E+001, 2.0014602E+001, 2.0016273E+001, 2.0017575E+001, 2.0019981E+001, 2.0021668E+001, 2.0024097E+001, 2.0025535E+001, 2.0027371E+001, 2.0028499E+001, 2.0030245E+001, 2.0031512E+001, 2.0033549E+001, 2.0034942E+001, 2.0037029E+001, 2.0038447E+001, 2.0040646E+001, 2.0042158E+001, 2.0044490E+001, 2.0046099E+001, 2.0048552E+001, 2.0050208E+001, 2.0052762E+001, 2.0054502E+001, 2.0057161E+001, 2.0058948E+001, 2.0061730E+001, 2.0063617E+001, 2.0066597E+001, 2.0068629E+001, 2.0071833E+001, 2.0074071E+001, 2.0077635E+001, 2.0080139E+001, 2.0084226E+001, 2.0087120E+001, 2.0091850E+001, 2.0095238E+001, 2.0101028E+001, 2.0105313E+001, 2.0112416E+001, 2.0117626E+001, 2.0126576E+001, 2.0133278E+001, 2.0144474E+001, 2.0152833E+001, 2.0167137E+001, 2.0177780E+001, 2.0195703E+001, 2.0209119E+001, 2.0231617E+001, 2.0248651E+001, 2.0277986E+001, 2.0300614E+001, 2.0342557E+001, 2.0380081E+001, 2.8821855E+001, 5.1884289E+001, 8.0103543E+001, 9.4292120E+001, 8.5491429E+001, 7.2161680E+001, 5.4391078E+001, 4.6108788E+001, 4.6687682E+001, 4.3151928E+001, 4.8458378E+001, 5.1190856E+001, 5.5963010E+001, 1.2501211E+002, 1.6868538E+002, 1.8540466E+002, 2.0096068E+002, 2.0637600E+002, 2.0105737E+002, 1.9743122E+002, 1.8672291E+002, 1.7503846E+002, 1.4133935E+002, 1.3600637E+002, 1.7977814E+002, 1.9709781E+002, 1.8799639E+002, 1.7026979E+002, 1.7368339E+002, 2.0209304E+002, 2.0337670E+002, 2.0870803E+002, 2.3744389E+002, 2.6438166E+002, 2.7446411E+002, 2.7607213E+002, 2.4913187E+002, 2.2131077E+002, 2.1155522E+002, 1.9325888E+002, 1.6645849E+002, 1.5129536E+002, 1.2152962E+002, 1.1568890E+002, 1.2577082E+002, 1.3794929E+002, 1.3836760E+002, 1.3015164E+002, 1.1723515E+002, 1.1208322E+002, 1.1415377E+002, 1.2643748E+002, 1.3752874E+002, 1.4521792E+002, 1.4660062E+002, 1.4460587E+002, 1.3995586E+002, 1.3656990E+002, 1.3624971E+002, 1.3835637E+002, 1.4471346E+002, 1.4976701E+002, 1.5465815E+002, 1.5474020E+002, 1.4965739E+002, 1.4522539E+002, 1.4024766E+002, 1.3779816E+002, 1.3531877E+002, 1.3410635E+002, 1.3271139E+002, 1.3211671E+002, 1.3045858E+002, 1.2928004E+002, 1.2618139E+002, 1.4136887E+002, 1.7055359E+002, 1.8695846E+002, 1.7492023E+002, 1.6581184E+002, 1.5381657E+002, 1.4516311E+002, 1.3397828E+002, 1.3140053E+002, 1.2937697E+002, 1.3034994E+002, 1.3414701E+002, 1.3821430E+002, 1.4150712E+002, 1.3661067E+002, 1.2534084E+002, 1.2443702E+002, 2.0000381E+001, 2.0001098E+001, 2.0002162E+001, 2.0002816E+001, 2.0003744E+001, 2.0004498E+001, 2.0005577E+001, 2.0006329E+001, 2.0007635E+001, 2.0008761E+001, 2.0010563E+001, 2.0011754E+001, 2.0013430E+001, 2.0014598E+001, 2.0016244E+001, 2.0017421E+001, 2.0019940E+001, 2.0021779E+001, 2.0024484E+001, 2.0026147E+001, 2.0028297E+001, 2.0029572E+001, 2.0031501E+001, 2.0032921E+001, 2.0035225E+001, 2.0036864E+001, 2.0039251E+001, 2.0040901E+001, 2.0043431E+001, 2.0045220E+001, 2.0047968E+001, 2.0049824E+001, 2.0052740E+001, 2.0054712E+001, 2.0057758E+001, 2.0059830E+001, 2.0062992E+001, 2.0065088E+001, 2.0068356E+001, 2.0070555E+001, 2.0074005E+001, 2.0076244E+001, 2.0079922E+001, 2.0082418E+001, 2.0086255E+001, 2.0088922E+001, 2.0093332E+001, 2.0096243E+001, 2.0101081E+001, 2.0104386E+001, 2.0110052E+001, 2.0114284E+001, 2.0121061E+001, 2.0125858E+001, 2.0134282E+001, 2.0140610E+001, 2.0151108E+001, 2.0158725E+001, 2.0172456E+001, 2.0182335E+001, 2.0199516E+001, 2.0212304E+001, 2.0234173E+001, 2.0250793E+001, 2.0279617E+001, 2.0301848E+001, 2.0342983E+001, 2.0379669E+001, 2.6167108E+001, 6.7137604E+001, 1.2725865E+002, 1.6603700E+002, 1.4528729E+002, 9.7914662E+001, 5.5801575E+001, 3.7167733E+001, 3.2286944E+001, 3.1342718E+001, 3.2746866E+001, 3.7060353E+001, 5.1750408E+001, 1.3638576E+002, 2.0526756E+002, 2.1946126E+002, 2.2647448E+002, 2.2257080E+002, 2.1484472E+002, 1.6708949E+002, 1.3687758E+002, 1.3998556E+002, 1.3102222E+002, 1.1958814E+002, 1.1048299E+002, 1.6458780E+002
 2.2012519E+001, 2.0000618E+001, 2.0001261E+001, 2.0002471E+001, 2.0003271E+001, 2.0004316E+001, 2.0005027E+001, 2.0006162E+001, 2.0006901E+001, 2.0008114E+001, 2.0009143E+001, 2.0010915E+001, 2.0012135E+001, 2.0013912E+001, 2.0015078E+001, 2.0016835E+001, 2.0017992E+001, 2.0020186E+001, 2.0021897E+001, 2.0024505E+001, 2.0026152E+001, 2.0028316E+001, 2.0029553E+001, 2.0031338E+001, 2.0032569E+001, 2.0034607E+001, 2.0036039E+001, 2.0038215E+001, 2.0039662E+001, 2.0041891E+001, 2.0043425E+001, 2.0045789E+001, 2.0047418E+001, 2.0049920E+001, 2.0051622E+001, 2.0054211E+001, 2.0055984E+001, 2.0058703E+001, 2.0060549E+001, 2.0063364E+001, 2.0065313E+001, 2.0068325E+001, 2.0070437E+001, 2.0073684E+001, 2.0076006E+001, 2.0079652E+001, 2.0082259E+001, 2.0086442E+001, 2.0089500E+001, 2.0094391E+001, 2.0097934E+001, 2.0103856E+001, 2.0108320E+001, 2.0115736E+001, 2.0121201E+001, 2.0130414E+001, 2.0137329E+001, 2.0149046E+001, 2.0157660E+001, 2.0172371E+001, 2.0183455E+001, 2.0202076E+001, 2.0216103E+001, 2.0240058E+001, 2.0258413E+001, 2.0291868E+001, 2.0320837E+001, 2.1450641E+001, 3.9633756E+001, 6.7936614E+001, 8.3907620E+001, 8.6273071E+001, 7.3759964E+001, 5.5700933E+001, 4.8932173E+001, 4.7638063E+001, 4.3845255E+001, 4.5168994E+001, 4.2540327E+001, 4.6432744E+001, 8.1307681E+001, 1.6454266E+002, 1.8293381E+002, 1.9181720E+002, 1.8564201E+002, 1.7384721E+002, 1.6654086E+002, 1.5504661E+002, 1.3252730E+002, 1.1058334E+002, 1.6046313E+002, 1.6043262E+002, 1.5026760E+002, 1.8817036E+002, 1.7305634E+002, 1.7325759E+002, 2.1387213E+002, 2.2471749E+002, 2.3305647E+002, 2.6168001E+002, 2.7050595E+002, 2.5507079E+002, 2.3035387E+002, 2.1862329E+002, 2.3353636E+002, 2.2631158E+002, 2.3251406E+002, 2.4298403E+002, 2.5398836E+002, 2.5944044E+002, 2.4674679E+002, 2.2620540E+002, 2.1065026E+002, 1.7781192E+002, 1.5753758E+002, 1.4841005E+002, 1.3746042E+002, 1.2935903E+002, 1.3291241E+002, 1.2743754E+002, 1.1996200E+002, 1.1072086E+002, 1.2111689E+002, 1.4383887E+002, 1.4288542E+002, 1.4015378E+002, 1.3904182E+002, 1.3566222E+002, 1.3365706E+002, 1.3107675E+002, 1.2987578E+002, 1.2959220E+002, 1.2993076E+002, 1.3222117E+002, 1.3405360E+002, 1.3553151E+002, 1.3641719E+002, 1.3808067E+002, 1.3913379E+002, 1.3982879E+002, 1.3939161E+002, 1.3739242E+002, 1.3526410E+002, 1.3298290E+002, 1.3083428E+002, 1.2354498E+002, 1.1869062E+002, 1.4146898E+002, 1.5917196E+002, 1.8521016E+002, 1.8736687E+002, 1.8047694E+002, 1.7116540E+002, 1.5784753E+002, 1.4921820E+002, 1.3688951E+002, 1.3058206E+002, 1.2898818E+002, 1.2994451E+002, 1.3913081E+002, 1.3921717E+002, 2.0000574E+001, 2.0001187E+001, 2.0002316E+001, 2.0003084E+001, 2.0004092E+001, 2.0004787E+001, 2.0006032E+001, 2.0006782E+001, 2.0007993E+001, 2.0009015E+001, 2.0010779E+001, 2.0012094E+001, 2.0013920E+001, 2.0015147E+001, 2.0016985E+001, 2.0018093E+001, 2.0020202E+001, 2.0022008E+001, 2.0024888E+001, 2.0026754E+001, 2.0029303E+001, 2.0030751E+001, 2.0032825E+001, 2.0034156E+001, 2.0036464E+001, 2.0038110E+001, 2.0040663E+001, 2.0042325E+001, 2.0044922E+001, 2.0046698E+001, 2.0049507E+001, 2.0051427E+001, 2.0054339E+001, 2.0056374E+001, 2.0059453E+001, 2.0061581E+001, 2.0064784E+001, 2.0066974E+001, 2.0070256E+001, 2.0072491E+001, 2.0075973E+001, 2.0078352E+001, 2.0081916E+001, 2.0084518E+001, 2.0088372E+001, 2.0091159E+001, 2.0095450E+001, 2.0098767E+001, 2.0103575E+001, 2.0107023E+001, 2.0112658E+001, 2.0117062E+001, 2.0124047E+001, 2.0129313E+001, 2.0137919E+001, 2.0144253E+001, 2.0155378E+001, 2.0163311E+001, 2.0177073E+001, 2.0187810E+001, 2.0205515E+001, 2.0218967E+001, 2.0242320E+001, 2.0260183E+001, 2.0292568E+001, 2.0320679E+001, 2.0680670E+001, 4.4210853E+001, 1.0062858E+002, 1.3813200E+002, 1.5255002E+002, 1.1436415E+002, 6.0369405E+001, 3.8539355E+001, 3.4509946E+001, 3.3471921E+001, 3.0543000E+001, 3.1260000E+001, 4.0705331E+001, 7.3667198E+001, 1.8787594E+002, 2.0769179E+002, 2.1386776E+002, 1.9877505E+002, 1.5803111E+002, 1.4165656E+002, 1.4422395E+002, 8.9504989E+001, 5.7412433E+001, 7.4944243E+001, 1.4899408E+002, 1.3395194E+002, 1.7933855E+002, 1.8325051E+002
 2.3001766E+001, 2.0000578E+001, 2.0001370E+001, 2.0002488E+001, 2.0003331E+001, 2.0004582E+001, 2.0005326E+001, 2.0006480E+001, 2.0007299E+001, 2.0008507E+001, 2.0009392E+001, 2.0011062E+001, 2.0012314E+001, 2.0014241E+001, 2.0015491E+001, 2.0017355E+001, 2.0018587E+001, 2.0020487E+001, 2.0022078E+001, 2.0024757E+001, 2.0026564E+001, 2.0029109E+001, 2.0030606E+001, 2.0032578E+001, 2.0033839E+001, 2.0035838E+001, 2.0037289E+001, 2.0039557E+001, 2.0041086E+001, 2.0043382E+001, 2.0044950E+001, 2.0047377E+001, 2.0049032E+001, 2.0051600E+001, 2.0053347E+001, 2.0056016E+001, 2.0057826E+001, 2.0060612E+001, 2.0062525E+001, 2.0065422E+001, 2.0067413E+001, 2.0070483E+001, 2.0072632E+001, 2.0075978E+001, 2.0078308E+001, 2.0082045E+001, 2.0084696E+001, 2.0088946E+001, 2.0092031E+001, 2.0097063E+001, 2.0100737E+001, 2.0106708E+001, 2.0111153E+001, 2.0118722E+001, 2.0124359E+001, 2.0133642E+001, 2.0140674E+001, 2.0152556E+001, 2.0161475E+001, 2.0176321E+001, 2.0187663E+001, 2.0206996E+001, 2.0221734E+001, 2.0247773E+001, 2.0268855E+001, 2.0312495E+001, 2.2513015E+001, 5.1314004E+001, 6.7498593E+001, 8.4250482E+001, 7.9716137E+001, 6.0613362E+001, 4.8391825E+001, 4.4232653E+001, 4.1169090E+001, 4.3379590E+001, 4.4754021E+001, 4.3513425E+001, 6.0110544E+001, 1.4681009E+002, 1.6985759E+002, 1.7060783E+002, 1.6512209E+002, 1.4867720E+002, 1.3802390E+002, 1.2862109E+002, 1.1760162E+002, 1.3255828E+002, 1.0175823E+002, 8.5230343E+001, 1.4103832E+002, 1.5822243E+002, 1.8597170E+002, 1.6714738E+002, 2.0052713E+002, 2.2210613E+002, 2.2783873E+002, 2.3543378E+002, 2.3512614E+002, 2.1772653E+002, 1.8899443E+002, 1.8327921E+002, 2.1374255E+002, 2.1400885E+002, 2.0141887E+002, 1.8088350E+002, 1.4849906E+002, 1.4206607E+002, 1.5525363E+002, 1.7776097E+002, 1.7676645E+002, 1.7527640E+002, 1.8128379E+002, 2.0329370E+002, 2.0813720E+002, 2.1241743E+002, 2.1962696E+002, 2.1009953E+002, 1.9267793E+002, 1.7734108E+002, 1.6001203E+002, 1.2975724E+002, 1.1837115E+002, 1.2528260E+002, 1.3901514E+002, 1.3703046E+002, 1.3792011E+002, 1.3841231E+002, 1.3716249E+002, 1.3450570E+002, 1.3307241E+002, 1.2981451E+002, 1.2763644E+002, 1.2541775E+002, 1.2469035E+002, 1.2417386E+002, 1.2398757E+002, 1.2408145E+002, 1.2446295E+002, 1.2530553E+002, 1.2611953E+002, 1.2828097E+002, 1.3038678E+002, 1.3303562E+002, 1.3394298E+002, 1.3403379E+002, 1.3266198E+002, 1.3029672E+002, 1.2728135E+002, 1.2164634E+002, 1.3171555E+002, 1.5034672E+002, 1.6169553E+002, 1.7145170E+002, 1.7323107E+002, 1.7318779E+002, 1.6933215E+002, 1.5387295E+002, 1.4231712E+002, 1.1868552E+002, 1.2751179E+002, 2.0000547E+001, 2.0001288E+001, 2.0002378E+001, 2.0003155E+001, 2.0004386E+001, 2.0005101E+001, 2.0006277E+001, 2.0007169E+001, 2.0008448E+001, 2.0009303E+001, 2.0010952E+001, 2.0012215E+001, 2.0014295E+001, 2.0015584E+001, 2.0017535E+001, 2.0018842E+001, 2.0020651E+001, 2.0022201E+001, 2.0025097E+001, 2.0027101E+001, 2.0030011E+001, 2.0031801E+001, 2.0034140E+001, 2.0035605E+001, 2.0037832E+001, 2.0039461E+001, 2.0042121E+001, 2.0043916E+001, 2.0046590E+001, 2.0048419E+001, 2.0051260E+001, 2.0053239E+001, 2.0056263E+001, 2.0058315E+001, 2.0061497E+001, 2.0063655E+001, 2.0066958E+001, 2.0069210E+001, 2.0072615E+001, 2.0074933E+001, 2.0078399E+001, 2.0080895E+001, 2.0084595E+001, 2.0087102E+001, 2.0091199E+001, 2.0093981E+001, 2.0098347E+001, 2.0101453E+001, 2.0106603E+001, 2.0110225E+001, 2.0116013E+001, 2.0120076E+001, 2.0127377E+001, 2.0132744E+001, 2.0141392E+001, 2.0147957E+001, 2.0158969E+001, 2.0167555E+001, 2.0181194E+001, 2.0192091E+001, 2.0210525E+001, 2.0224756E+001, 2.0249694E+001, 2.0270053E+001, 2.0311038E+001, 2.1113145E+001, 6.7662671E+001, 1.0315206E+002, 1.5092131E+002, 1.4656898E+002, 8.6736227E+001, 5.4626778E+001, 3.2521609E+001, 2.8812247E+001, 2.8956870E+001, 3.3909639E+001, 3.6265430E+001, 4.5315172E+001, 1.4985234E+002, 1.9039038E+002, 2.0499394E+002, 2.0762167E+002, 1.7486637E+002, 1.3332512E+002, 8.9596626E+001, 6.6897087E+001, 1.1068232E+002, 8.5991871E+001, 4.5880580E+001, 5.3009469E+001, 1.4784822E+002, 1.7637844E+002, 1.9760494E+002, 2.3221428E+002
 2.4004524E+001, 2.0000415E+001, 2.0001119E+001, 2.0002313E+001, 2.0003099E+001, 2.0004391E+001, 2.0005264E+001, 2.0006465E+001, 2.0007280E+001, 2.0008576E+001, 2.0009431E+001, 2.0010857E+001, 2.0012024E+001, 2.0013971E+001, 2.0015314E+001, 2.0017285E+001, 2.0018587E+001, 2.0020504E+001, 2.0021831E+001, 2.0024291E+001, 2.0026138E+001, 2.0028923E+001, 2.0030680E+001, 2.0033025E+001, 2.0034406E+001, 2.0036392E+001, 2.0037792E+001, 2.0040057E+001, 2.0041634E+001, 2.0044017E+001, 2.0045612E+001, 2.0048059E+001, 2.0049740E+001, 2.0052325E+001, 2.0054098E+001, 2.0056822E+001, 2.0058667E+001, 2.0061500E+001, 2.0063425E+001, 2.0066414E+001, 2.0068422E+001, 2.0071556E+001, 2.0073693E+001, 2.0077102E+001, 2.0079450E+001, 2.0083195E+001, 2.0085839E+001, 2.0090124E+001, 2.0093186E+001, 2.0098252E+001, 2.0101898E+001, 2.0107902E+001, 2.0112297E+001, 2.0119714E+001, 2.0125257E+001, 2.0134626E+001, 2.0141514E+001, 2.0153250E+001, 2.0162121E+001, 2.0177136E+001, 2.0188435E+001, 2.0208327E+001, 2.0224001E+001, 2.0253647E+001, 2.0280495E+001, 3.0322384E+001, 4.8824739E+001, 7.2641378E+001, 8.1914065E+001, 7.2227369E+001, 5.9676607E+001, 4.6407679E+001, 4.2186416E+001, 3.9865624E+001, 3.9292680E+001, 3.9908884E+001, 4.3915968E+001, 1.1286431E+002, 1.3806402E+002, 1.5498526E+002, 1.5908501E+002, 1.5090500E+002, 1.3879703E+002, 1.2041992E+002, 1.1254138E+002, 1.0127884E+002, 9.5153547E+001, 1.2291879E+002, 1.0047343E+002, 9.5434485E+001, 1.5678107E+002, 1.7120524E+002, 1.8140112E+002, 2.1435978E+002, 2.3865018E+002, 2.5144834E+002, 2.3476902E+002, 2.1756147E+002, 2.1751493E+002, 2.4179943E+002, 3.0915536E+002, 3.2360488E+002, 2.7535764E+002, 2.1064141E+002, 2.2556590E+002, 2.2642944E+002, 2.2236888E+002, 2.2676545E+002, 2.1362751E+002, 2.0620731E+002, 2.1311242E+002, 2.1667769E+002, 2.2032867E+002, 2.1262587E+002, 1.9992707E+002, 1.8475184E+002, 1.7898701E+002, 1.8124439E+002, 1.8505586E+002, 1.9832379E+002, 2.1272571E+002, 2.2516846E+002, 2.1813506E+002, 1.8520327E+002, 1.6922679E+002, 1.3704231E+002, 1.3668767E+002, 1.3851378E+002, 1.3828101E+002, 1.3607858E+002, 1.3287229E+002, 1.2799877E+002, 1.2572993E+002, 1.2553211E+002, 1.2618646E+002, 1.2544090E+002, 1.2365839E+002, 1.2057198E+002, 1.1853943E+002, 1.1663253E+002, 1.1629735E+002, 1.1642022E+002, 1.1674069E+002, 1.1756260E+002, 1.1816629E+002, 1.1941287E+002, 1.2034344E+002, 1.2162900E+002, 1.2326511E+002, 1.2491289E+002, 1.2595367E+002, 1.2646371E+002, 1.2498810E+002, 1.2540089E+002, 1.2845902E+002, 1.3548894E+002, 1.4081252E+002, 1.4972763E+002, 1.5717086E+002, 1.6288965E+002, 1.4565187E+002, 2.0000405E+001, 2.0001097E+001, 2.0002218E+001, 2.0002992E+001, 2.0004200E+001, 2.0005083E+001, 2.0006245E+001, 2.0007099E+001, 2.0008495E+001, 2.0009415E+001, 2.0010828E+001, 2.0011996E+001, 2.0013976E+001, 2.0015427E+001, 2.0017484E+001, 2.0018860E+001, 2.0020893E+001, 2.0022185E+001, 2.0024593E+001, 2.0026596E+001, 2.0029693E+001, 2.0031706E+001, 2.0034495E+001, 2.0036146E+001, 2.0038429E+001, 2.0040017E+001, 2.0042569E+001, 2.0044428E+001, 2.0047221E+001, 2.0049088E+001, 2.0051938E+001, 2.0053901E+001, 2.0056990E+001, 2.0059057E+001, 2.0062262E+001, 2.0064433E+001, 2.0067784E+001, 2.0070052E+001, 2.0073575E+001, 2.0075889E+001, 2.0079489E+001, 2.0081845E+001, 2.0085747E+001, 2.0088287E+001, 2.0092284E+001, 2.0095143E+001, 2.0099522E+001, 2.0102634E+001, 2.0107825E+001, 2.0111440E+001, 2.0117302E+001, 2.0121471E+001, 2.0128371E+001, 2.0133614E+001, 2.0142542E+001, 2.0148987E+001, 2.0159954E+001, 2.0168193E+001, 2.0182533E+001, 2.0192810E+001, 2.0211989E+001, 2.0226777E+001, 2.0254787E+001, 2.0280068E+001, 2.8178111E+001, 6.2753873E+001, 1.1486846E+002, 1.4266961E+002, 1.2106563E+002, 7.8742952E+001, 4.2256745E+001, 3.5956608E+001, 3.0726102E+001, 2.7817387E+001, 2.9063066E+001, 3.7584894E+001, 1.2126166E+002, 1.6993852E+002, 1.9996655E+002, 2.0601692E+002, 1.9733025E+002, 1.6651148E+002, 1.1366417E+002, 8.7214573E+001, 7.1917847E+001, 5.2644214E+001, 9.8420846E+001, 1.0103801E+002, 5.9120329E+001, 1.2945686E+002, 1.9327458E+002, 2.2174917E+002, 2.5027305E+002, 2.7343669E+002
 2.5004636E+001, 2.0000367E+001, 2.0000878E+001, 2.0001925E+001, 2.0002738E+001, 2.0003977E+001, 2.0004861E+001, 2.0006221E+001, 2.0007074E+001, 2.0008358E+001, 2.0009268E+001, 2.0010631E+001, 2.0011610E+001, 2.0013389E+001, 2.0014728E+001, 2.0016818E+001, 2.0018195E+001, 2.0020235E+001, 2.0021568E+001, 2.0023632E+001, 2.0025296E+001, 2.0028116E+001, 2.0030034E+001, 2.0032780E+001, 2.0034436E+001, 2.0036644E+001, 2.0038021E+001, 2.0040195E+001, 2.0041754E+001, 2.0044199E+001, 2.0045850E+001, 2.0048331E+001, 2.0050019E+001, 2.0052617E+001, 2.0054403E+001, 2.0057148E+001, 2.0059024E+001, 2.0061884E+001, 2.0063839E+001, 2.0066830E+001, 2.0068905E+001, 2.0072052E+001, 2.0074232E+001, 2.0077581E+001, 2.0079971E+001, 2.0083672E+001, 2.0086313E+001, 2.0090540E+001, 2.0093568E+001, 2.0098455E+001, 2.0102101E+001, 2.0108032E+001, 2.0112346E+001, 2.0119450E+001, 2.0124846E+001, 2.0133943E+001, 2.0140749E+001, 2.0152134E+001, 2.0160768E+001, 2.0175724E+001, 2.0187162E+001, 2.0207576E+001, 2.0224844E+001, 2.0264902E+001, 2.4550981E+001, 5.1818733E+001, 6.6532443E+001, 7.7875994E+001, 7.0484045E+001, 5.2494498E+001, 4.4628391E+001, 4.0464739E+001, 4.0270487E+001, 3.8021873E+001, 3.9114471E+001, 3.9732597E+001, 8.6191403E+001, 1.2936930E+002, 1.4316391E+002, 1.4391925E+002, 1.3564491E+002, 1.1856395E+002, 1.1105358E+002, 9.9991483E+001, 9.4721829E+001, 9.4708834E+001, 8.7853125E+001, 1.1634443E+002, 9.9747054E+001, 1.5397816E+002, 1.8058248E+002, 2.0617320E+002, 2.2900856E+002, 2.3845232E+002, 2.3069619E+002, 2.2763399E+002, 2.4187498E+002, 2.6036283E+002, 2.7900351E+002, 3.0272600E+002, 2.8334005E+002, 2.5765270E+002, 2.1769227E+002, 1.9489586E+002, 1.9250738E+002, 1.9689283E+002, 2.0325354E+002, 2.1028205E+002, 2.1256937E+002, 2.1241620E+002, 2.2040281E+002, 2.3559736E+002, 2.3415474E+002, 2.3110246E+002, 2.3172358E+002, 2.2640003E+002, 2.2331778E+002, 2.1936128E+002, 2.1725142E+002, 2.0484061E+002, 1.9443610E+002, 1.8717950E+002, 1.8668473E+002, 1.9225346E+002, 2.0180777E+002, 2.0579383E+002, 1.8264278E+002, 1.4171583E+002, 1.3312503E+002, 1.3376560E+002, 1.3259836E+002, 1.3129007E+002, 1.3020309E+002, 1.2595425E+002, 1.2204451E+002, 1.1790043E+002, 1.1680956E+002, 1.1753440E+002, 1.1875941E+002, 1.1966322E+002, 1.1877761E+002, 1.1525303E+002, 1.1283233E+002, 1.1024527E+002, 1.0961740E+002, 1.0952403E+002, 1.0995664E+002, 1.1106319E+002, 1.1182305E+002, 1.1274282E+002, 1.1318892E+002, 1.1569090E+002, 1.1814501E+002, 1.2234785E+002, 1.2583283E+002, 1.2760487E+002, 1.2661436E+002, 1.2442733E+002, 1.2322935E+002, 1.2663677E+002, 1.3931306E+002, 2.0000366E+001, 2.0000859E+001, 2.0001891E+001, 2.0002650E+001, 2.0003847E+001, 2.0004692E+001, 2.0006067E+001, 2.0006891E+001, 2.0008237E+001, 2.0009207E+001, 2.0010664E+001, 2.0011644E+001, 2.0013402E+001, 2.0014775E+001, 2.0017020E+001, 2.0018474E+001, 2.0020635E+001, 2.0022065E+001, 2.0024110E+001, 2.0025716E+001, 2.0028739E+001, 2.0030885E+001, 2.0034029E+001, 2.0035990E+001, 2.0038640E+001, 2.0040232E+001, 2.0042693E+001, 2.0044433E+001, 2.0047300E+001, 2.0049233E+001, 2.0052130E+001, 2.0054094E+001, 2.0057121E+001, 2.0059248E+001, 2.0062463E+001, 2.0064658E+001, 2.0067988E+001, 2.0070297E+001, 2.0073790E+001, 2.0076218E+001, 2.0079817E+001, 2.0082312E+001, 2.0086008E+001, 2.0088685E+001, 2.0092687E+001, 2.0095440E+001, 2.0099905E+001, 2.0103016E+001, 2.0107814E+001, 2.0111554E+001, 2.0117462E+001, 2.0121584E+001, 2.0128241E+001, 2.0133338E+001, 2.0141935E+001, 2.0148368E+001, 2.0159110E+001, 2.0167117E+001, 2.0181118E+001, 2.0192128E+001, 2.0211021E+001, 2.0227358E+001, 2.0261583E+001, 2.2277708E+001, 6.9495572E+001, 1.0165935E+002, 1.3959947E+002, 1.2323965E+002, 6.7518543E+001, 4.5078780E+001, 3.1843960E+001, 3.1135945E+001, 3.0463748E+001, 3.1791082E+001, 3.4800295E+001, 1.0405699E+002, 1.6263219E+002, 1.8262360E+002, 1.8862314E+002, 1.7219665E+002, 1.2041945E+002, 9.6722114E+001, 7.4637261E+001, 6.0802762E+001, 6.2901566E+001, 6.3882466E+001, 9.3261083E+001, 9.6634997E+001, 1.6237783E+002, 2.2589431E+002, 2.6019324E+002, 2.8320535E+002, 2.9041066E+002, 2.7350399E+002
 2.6009039E+001, 2.0000573E+001, 2.0001076E+001, 2.0001936E+001, 2.0002703E+001, 2.0003979E+001, 2.0004841E+001, 2.0006243E+001, 2.0007195E+001, 2.0008537E+001, 2.0009458E+001, 2.0010914E+001, 2.0011873E+001, 2.0013489E+001, 2.0014760E+001, 2.0016901E+001, 2.0018362E+001, 2.0020526E+001, 2.0021953E+001, 2.0024029E+001, 2.0025484E+001, 2.0028180E+001, 2.0030159E+001, 2.0033130E+001, 2.0035018E+001, 2.0037565E+001, 2.0039081E+001, 2.0041256E+001, 2.0042802E+001, 2.0045283E+001, 2.0047004E+001, 2.0049597E+001, 2.0051329E+001, 2.0053996E+001, 2.0055811E+001, 2.0058627E+001, 2.0060542E+001, 2.0063497E+001, 2.0065495E+001, 2.0068576E+001, 2.0070678E+001, 2.0073962E+001, 2.0076179E+001, 2.0079635E+001, 2.0082027E+001, 2.0085877E+001, 2.0088520E+001, 2.0092820E+001, 2.0095869E+001, 2.0100887E+001, 2.0104486E+001, 2.0110535E+001, 2.0114943E+001, 2.0122222E+001, 2.0127517E+001, 2.0136644E+001, 2.0143652E+001, 2.0155343E+001, 2.0164272E+001, 2.0180023E+001, 2.0192782E+001, 2.0216723E+001, 2.0475576E+001, 3.6524161E+001, 5.0770753E+001, 6.6687386E+001, 6.9362750E+001, 5.9284558E+001, 5.0152639E+001, 4.2024957E+001, 3.9974533E+001, 3.7887970E+001, 3.9100332E+001, 3.7914445E+001, 5.5217010E+001, 9.3346053E+001, 1.1579893E+002, 1.2753921E+002, 1.2633480E+002, 1.1247389E+002, 1.0278922E+002, 9.5938042E+001, 9.1878010E+001, 8.7878286E+001, 8.7726688E+001, 8.9319523E+001, 9.3665253E+001, 1.2752482E+002, 1.5957357E+002, 2.0518639E+002, 2.2844604E+002, 2.4006982E+002, 2.4492810E+002, 2.4837057E+002, 2.5353626E+002, 2.5961253E+002, 2.6595846E+002, 2.6821233E+002, 2.6412722E+002, 2.5283859E+002, 2.4200425E+002, 2.2916416E+002, 2.0391889E+002, 1.9294883E+002, 1.9687695E+002, 1.9643826E+002, 1.9388566E+002, 1.8416445E+002, 1.7433388E+002, 1.7038408E+002, 1.7041234E+002, 1.6962572E+002, 1.7122746E+002, 1.7578625E+002, 1.8351143E+002, 1.9701702E+002, 2.0501762E+002, 2.1503843E+002, 2.2037573E+002, 2.2340420E+002, 2.2137360E+002, 2.1828236E+002, 2.1701938E+002, 2.1197569E+002, 1.9897639E+002, 1.9032161E+002, 1.8854644E+002, 1.9298699E+002, 1.8178575E+002, 1.4753366E+002, 1.3069403E+002, 1.2994249E+002, 1.3068731E+002, 1.2982457E+002, 1.2903891E+002, 1.2700784E+002, 1.2500742E+002, 1.2057648E+002, 1.1737539E+002, 1.1286088E+002, 1.1099792E+002, 1.1064369E+002, 1.1076175E+002, 1.1063544E+002, 1.1001483E+002, 1.0831364E+002, 1.0716936E+002, 1.0626506E+002, 1.0609506E+002, 1.0599284E+002, 1.0614058E+002, 1.0602579E+002, 1.0605045E+002, 1.0754959E+002, 1.0950760E+002, 1.1514301E+002, 1.2018533E+002, 1.2695984E+002, 1.2933446E+002, 1.2634179E+002, 1.2142362E+002, 2.0000569E+001, 2.0001054E+001, 2.0001931E+001, 2.0002642E+001, 2.0003869E+001, 2.0004697E+001, 2.0006034E+001, 2.0007038E+001, 2.0008353E+001, 2.0009329E+001, 2.0010900E+001, 2.0011926E+001, 2.0013594E+001, 2.0014781E+001, 2.0017040E+001, 2.0018601E+001, 2.0020883E+001, 2.0022425E+001, 2.0024678E+001, 2.0026040E+001, 2.0028746E+001, 2.0030908E+001, 2.0034226E+001, 2.0036428E+001, 2.0039445E+001, 2.0041295E+001, 2.0043818E+001, 2.0045551E+001, 2.0048355E+001, 2.0050392E+001, 2.0053432E+001, 2.0055463E+001, 2.0058573E+001, 2.0060682E+001, 2.0064042E+001, 2.0066271E+001, 2.0069705E+001, 2.0072010E+001, 2.0075644E+001, 2.0078082E+001, 2.0081870E+001, 2.0084401E+001, 2.0088251E+001, 2.0090836E+001, 2.0095207E+001, 2.0097933E+001, 2.0102496E+001, 2.0105535E+001, 2.0110684E+001, 2.0114124E+001, 2.0120275E+001, 2.0124552E+001, 2.0131643E+001, 2.0136414E+001, 2.0144887E+001, 2.0151593E+001, 2.0162608E+001, 2.0171104E+001, 2.0185546E+001, 2.0197712E+001, 2.0220213E+001, 2.0281352E+001, 4.1623145E+001, 6.7098134E+001, 1.0593429E+002, 1.1821005E+002, 9.3565504E+001, 6.6053330E+001, 3.9264533E+001, 3.3806887E+001, 2.8612370E+001, 3.0941286E+001, 3.3042430E+001, 5.2531167E+001, 1.1148780E+002, 1.4830065E+002, 1.7322137E+002, 1.7213362E+002, 1.3568031E+002, 1.0574105E+002, 7.3605059E+001, 6.7964991E+001, 5.9164831E+001, 5.3803327E+001, 7.0966885E+001, 7.8533435E+001, 1.1430104E+002, 1.8732858E+002, 2.4854414E+002, 2.7831071E+002, 2.8449794E+002, 2.6562000E+002, 2.5650946E+002, 2.6418829E+002
 2.7015954E+001, 2.0000576E+001, 2.0001289E+001, 2.0002172E+001, 2.0002811E+001, 2.0004039E+001, 2.0004934E+001, 2.0006315E+001, 2.0007307E+001, 2.0008797E+001, 2.0009739E+001, 2.0011232E+001, 2.0012267E+001, 2.0013822E+001, 2.0015013E+001, 2.0017073E+001, 2.0018591E+001, 2.0020885E+001, 2.0022400E+001, 2.0024643E+001, 2.0026087E+001, 2.0028499E+001, 2.0030428E+001, 2.0033517E+001, 2.0035563E+001, 2.0038463E+001, 2.0040206E+001, 2.0042575E+001, 2.0044110E+001, 2.0046583E+001, 2.0048337E+001, 2.0051046E+001, 2.0052855E+001, 2.0055590E+001, 2.0057458E+001, 2.0060326E+001, 2.0062297E+001, 2.0065327E+001, 2.0067385E+001, 2.0070549E+001, 2.0072692E+001, 2.0076060E+001, 2.0078351E+001, 2.0081912E+001, 2.0084343E+001, 2.0088233E+001, 2.0090971E+001, 2.0095290E+001, 2.0098432E+001, 2.0103512E+001, 2.0107136E+001, 2.0113213E+001, 2.0117731E+001, 2.0125168E+001, 2.0130585E+001, 2.0139805E+001, 2.0146866E+001, 2.0159186E+001, 2.0168657E+001, 2.0186160E+001, 2.0201572E+001, 2.4542741E+001, 3.4013099E+001, 5.4264520E+001, 6.3463619E+001, 6.5970377E+001, 5.7336481E+001, 4.2556119E+001, 4.0014074E+001, 3.8342655E+001, 3.7907999E+001, 3.7382900E+001, 4.0306006E+001, 6.3616161E+001, 9.8451140E+001, 1.1625109E+002, 1.2538898E+002, 1.1454950E+002, 9.8055460E+001, 8.3785348E+001, 8.1810158E+001, 8.6827368E+001, 8.4498481E+001, 8.3789598E+001, 8.5564016E+001, 9.1398078E+001, 1.2137052E+002, 2.0163151E+002, 2.3510602E+002, 2.4118852E+002, 2.4270348E+002, 2.4667728E+002, 2.5143055E+002, 2.5330222E+002, 2.5523264E+002, 2.5775324E+002, 2.5613087E+002, 2.4695267E+002, 2.3939588E+002, 2.3728212E+002, 2.1702957E+002, 1.8189782E+002, 1.7749898E+002, 1.8527356E+002, 1.8756213E+002, 1.7890553E+002, 1.7546289E+002, 1.8029228E+002, 1.8102724E+002, 1.7234409E+002, 1.6432086E+002, 1.6300479E+002, 1.7117351E+002, 1.7781440E+002, 1.7866473E+002, 1.7524355E+002, 1.7296791E+002, 1.7287600E+002, 1.7442482E+002, 1.8151401E+002, 1.8815145E+002, 1.9522538E+002, 1.9794371E+002, 2.0120798E+002, 2.0381193E+002, 2.0629465E+002, 2.0681192E+002, 1.9829145E+002, 1.9183518E+002, 1.9381418E+002, 1.9610957E+002, 1.8315876E+002, 1.6836145E+002, 1.4475200E+002, 1.3134777E+002, 1.2820771E+002, 1.2786361E+002, 1.2658934E+002, 1.2522621E+002, 1.2332009E+002, 1.2212447E+002, 1.1951618E+002, 1.1635435E+002, 1.1016561E+002, 1.0645269E+002, 1.0321597E+002, 1.0165573E+002, 1.0010302E+002, 1.0020322E+002, 1.0112755E+002, 1.0187844E+002, 1.0290086E+002, 1.0332261E+002, 1.0306389E+002, 1.0269811E+002, 1.0273370E+002, 1.0356195E+002, 1.1002852E+002, 1.1734801E+002, 1.2601109E+002, 1.2895137E+002, 2.0000543E+001, 2.0001280E+001, 2.0002112E+001, 2.0002782E+001, 2.0003897E+001, 2.0004797E+001, 2.0006099E+001, 2.0007081E+001, 2.0008620E+001, 2.0009574E+001, 2.0011141E+001, 2.0012275E+001, 2.0013908E+001, 2.0015147E+001, 2.0017141E+001, 2.0018774E+001, 2.0021236E+001, 2.0022845E+001, 2.0025288E+001, 2.0026862E+001, 2.0029185E+001, 2.0031126E+001, 2.0034551E+001, 2.0036845E+001, 2.0040243E+001, 2.0042328E+001, 2.0045202E+001, 2.0046981E+001, 2.0049726E+001, 2.0051763E+001, 2.0054962E+001, 2.0057099E+001, 2.0060311E+001, 2.0062488E+001, 2.0065856E+001, 2.0068199E+001, 2.0071721E+001, 2.0074116E+001, 2.0077816E+001, 2.0080303E+001, 2.0084215E+001, 2.0086829E+001, 2.0090882E+001, 2.0093555E+001, 2.0097818E+001, 2.0100825E+001, 2.0105195E+001, 2.0108611E+001, 2.0113755E+001, 2.0117362E+001, 2.0123243E+001, 2.0127825E+001, 2.0134938E+001, 2.0140160E+001, 2.0148572E+001, 2.0155157E+001, 2.0166799E+001, 2.0175621E+001, 2.0191706E+001, 2.0205495E+001, 2.3584462E+001, 3.6716157E+001, 7.7999752E+001, 1.0218272E+002, 1.1812115E+002, 9.8372979E+001, 4.9773454E+001, 3.3724605E+001, 3.0388437E+001, 2.9495998E+001, 3.0816754E+001, 3.5625448E+001, 7.1372431E+001, 1.2123398E+002, 1.6140739E+002, 1.7906641E+002, 1.6625120E+002, 1.2898300E+002, 7.2447886E+001, 5.7397037E+001, 6.1519159E+001, 6.2248497E+001, 6.0235658E+001, 6.5175228E+001, 1.0153223E+002, 1.4333373E+002, 2.2671920E+002, 2.7469564E+002, 2.7477773E+002, 2.3769630E+002, 2.0401573E+002, 1.8964176E+002, 2.1884451E+002, 2.4280881E+002
 2.8000807E+001, 2.0000755E+001, 2.0001696E+001, 2.0002786E+001, 2.0003416E+001, 2.0004579E+001, 2.0005493E+001, 2.0006926E+001, 2.0007937E+001, 2.0009529E+001, 2.0010567E+001, 2.0012121E+001, 2.0013219E+001, 2.0014885E+001, 2.0016065E+001, 2.0018095E+001, 2.0019639E+001, 2.0022062E+001, 2.0023678E+001, 2.0026083E+001, 2.0027649E+001, 2.0030031E+001, 2.0031900E+001, 2.0035053E+001, 2.0037212E+001, 2.0040362E+001, 2.0042313E+001, 2.0044960E+001, 2.0046604E+001, 2.0049140E+001, 2.0050943E+001, 2.0053775E+001, 2.0055690E+001, 2.0058563E+001, 2.0060517E+001, 2.0063502E+001, 2.0065556E+001, 2.0068710E+001, 2.0070866E+001, 2.0074155E+001, 2.0076414E+001, 2.0079887E+001, 2.0082315E+001, 2.0086030E+001, 2.0088605E+001, 2.0092615E+001, 2.0095515E+001, 2.0100051E+001, 2.0103316E+001, 2.0108608E+001, 2.0112489E+001, 2.0118816E+001, 2.0123558E+001, 2.0131456E+001, 2.0137317E+001, 2.0147173E+001, 2.0154808E+001, 2.0168682E+001, 2.0180057E+001, 2.0220588E+001, 2.5198526E+001, 4.8231248E+001, 5.5647560E+001, 6.5721480E+001, 6.1419748E+001, 4.6872054E+001, 4.0159078E+001, 3.3968619E+001, 3.5113719E+001, 3.7166936E+001, 3.7350346E+001, 4.2906647E+001, 7.3866789E+001, 1.0082996E+002, 1.1398001E+002, 1.0814790E+002, 9.6054357E+001, 7.7960298E+001, 7.1946041E+001, 7.0428735E+001, 7.7669224E+001, 8.3414336E+001, 8.0916653E+001, 8.4143484E+001, 9.0945269E+001, 1.8083320E+002, 2.2681721E+002, 2.2593495E+002, 2.2272102E+002, 2.2870292E+002, 2.3979839E+002, 2.4424455E+002, 2.4530897E+002, 2.4824918E+002, 2.4809586E+002, 2.3928769E+002, 2.3506109E+002, 2.3909506E+002, 2.2334378E+002, 1.9347421E+002, 1.7028710E+002, 1.8180387E+002, 1.8760787E+002, 1.7616656E+002, 1.7926200E+002, 2.0931378E+002, 2.3302538E+002, 2.4801244E+002, 2.3024918E+002, 2.0591373E+002, 1.9729019E+002, 1.8650309E+002, 1.7216808E+002, 1.6687479E+002, 1.7178191E+002, 1.8274503E+002, 1.8659541E+002, 1.9003079E+002, 1.8887705E+002, 1.8297710E+002, 1.8183874E+002, 1.8127558E+002, 1.7974126E+002, 1.8239376E+002, 1.8392681E+002, 1.8423096E+002, 1.8478033E+002, 1.8762242E+002, 1.8904292E+002, 1.9151160E+002, 1.9249256E+002, 1.9136662E+002, 1.9628599E+002, 2.0199779E+002, 2.0406808E+002, 1.8595648E+002, 1.6996706E+002, 1.4814169E+002, 1.3584803E+002, 1.3262142E+002, 1.3215225E+002, 1.2451497E+002, 1.2199160E+002, 1.2330555E+002, 1.2352869E+002, 1.1919855E+002, 1.1500089E+002, 1.0712932E+002, 1.0199327E+002, 9.7491907E+001, 9.5892761E+001, 9.4447003E+001, 9.4150391E+001, 9.4742910E+001, 9.5321761E+001, 9.6328427E+001, 9.7569275E+001, 9.8801488E+001, 9.9916044E+001, 1.1012789E+002, 1.1991318E+002, 2.0000711E+001, 2.0001641E+001, 2.0002722E+001, 2.0003326E+001, 2.0004440E+001, 2.0005315E+001, 2.0006719E+001, 2.0007653E+001, 2.0009324E+001, 2.0010371E+001, 2.0011974E+001, 2.0013147E+001, 2.0014940E+001, 2.0016198E+001, 2.0018176E+001, 2.0019791E+001, 2.0022389E+001, 2.0024123E+001, 2.0026732E+001, 2.0028455E+001, 2.0030896E+001, 2.0032716E+001, 2.0036104E+001, 2.0038510E+001, 2.0042161E+001, 2.0044473E+001, 2.0047703E+001, 2.0049681E+001, 2.0052580E+001, 2.0054617E+001, 2.0057964E+001, 2.0060240E+001, 2.0063638E+001, 2.0065954E+001, 2.0069457E+001, 2.0071902E+001, 2.0075609E+001, 2.0078150E+001, 2.0081970E+001, 2.0084638E+001, 2.0088660E+001, 2.0091488E+001, 2.0095703E+001, 2.0098635E+001, 2.0102879E+001, 2.0106138E+001, 2.0110910E+001, 2.0114299E+001, 2.0119653E+001, 2.0123626E+001, 2.0129688E+001, 2.0134337E+001, 2.0141942E+001, 2.0147657E+001, 2.0156683E+001, 2.0163633E+001, 2.0176422E+001, 2.0186696E+001, 2.0209508E+001, 2.3278947E+001, 5.8113823E+001, 7.9953933E+001, 1.0991962E+002, 1.0720988E+002, 6.0492192E+001, 4.0552274E+001, 3.0084680E+001, 2.6136711E+001, 3.0138729E+001, 3.1781191E+001, 4.4540842E+001, 9.6989146E+001, 1.4790449E+002, 1.6489132E+002, 1.6299596E+002, 1.3332653E+002, 8.7809644E+001, 6.5854651E+001, 5.0180175E+001, 4.8315637E+001, 6.6478246E+001, 6.7008145E+001, 8.0112046E+001, 1.2967243E+002, 2.3621697E+002, 2.5811821E+002, 2.6214745E+002, 2.3349833E+002, 1.8052808E+002, 1.7603194E+002, 1.7950425E+002, 2.0215102E+002, 2.2495289E+002, 2.1492388E+002
 2.9006453E+001, 2.0000303E+001, 2.0000965E+001, 2.0002378E+001, 2.0003184E+001, 2.0004215E+001, 2.0004996E+001, 2.0006377E+001, 2.0007354E+001, 2.0008905E+001, 2.0009998E+001, 2.0011614E+001, 2.0012690E+001, 2.0014391E+001, 2.0015547E+001, 2.0017393E+001, 2.0018772E+001, 2.0021125E+001, 2.0022787E+001, 2.0025288E+001, 2.0026946E+001, 2.0029375E+001, 2.0031013E+001, 2.0033846E+001, 2.0035986E+001, 2.0039288E+001, 2.0041447E+001, 2.0044478E+001, 2.0046321E+001, 2.0048910E+001, 2.0050650E+001, 2.0053430E+001, 2.0055377E+001, 2.0058343E+001, 2.0060327E+001, 2.0063357E+001, 2.0065416E+001, 2.0068600E+001, 2.0070781E+001, 2.0074139E+001, 2.0076424E+001, 2.0079953E+001, 2.0082380E+001, 2.0086199E+001, 2.0088822E+001, 2.0092914E+001, 2.0095767E+001, 2.0100392E+001, 2.0103630E+001, 2.0108907E+001, 2.0112727E+001, 2.0119032E+001, 2.0123655E+001, 2.0131497E+001, 2.0137352E+001, 2.0147286E+001, 2.0154985E+001, 2.0169533E+001, 2.0182935E+001, 2.6165783E+001, 4.4098314E+001, 5.4246323E+001, 6.4177295E+001, 6.1672950E+001, 5.0918078E+001, 3.9263920E+001, 3.4886082E+001, 3.2237750E+001, 3.3026724E+001, 3.5763987E+001, 3.7247339E+001, 6.2434320E+001, 7.5291133E+001, 1.0569852E+002, 1.0909726E+002, 8.8104606E+001, 7.7356242E+001, 6.5726381E+001, 5.8974690E+001, 6.5487314E+001, 7.3856469E+001, 8.1163826E+001, 8.0804175E+001, 1.2271413E+002, 2.0164225E+002, 2.2009046E+002, 2.2140498E+002, 1.9411557E+002, 1.9793986E+002, 2.2718580E+002, 2.3113753E+002, 2.3489380E+002, 2.3908899E+002, 2.3535335E+002, 2.2329428E+002, 2.2801438E+002, 2.1073427E+002, 1.7683914E+002, 1.8164174E+002, 1.8600603E+002, 2.0970557E+002, 2.3773643E+002, 2.3978797E+002, 1.9918151E+002, 2.0076521E+002, 2.0992007E+002, 2.2259088E+002, 2.1148955E+002, 2.0850151E+002, 2.0075599E+002, 1.8275667E+002, 1.7324405E+002, 1.7836435E+002, 1.8029677E+002, 1.7735518E+002, 1.7073327E+002, 1.6850332E+002, 1.6755968E+002, 1.7324420E+002, 1.7489136E+002, 1.7367244E+002, 1.7039656E+002, 1.6856690E+002, 1.6605833E+002, 1.6713995E+002, 1.6937539E+002, 1.7020145E+002, 1.7133408E+002, 1.7286802E+002, 1.7379867E+002, 1.7458874E+002, 1.7575908E+002, 1.7729525E+002, 1.8300906E+002, 1.8443717E+002, 1.8960236E+002, 1.9551613E+002, 2.0258748E+002, 2.0540019E+002, 1.9162131E+002, 1.7978208E+002, 1.6716785E+002, 1.5544515E+002, 1.4013519E+002, 1.3366293E+002, 1.2471599E+002, 1.2272602E+002, 1.2459854E+002, 1.2247491E+002, 1.1584393E+002, 1.1084585E+002, 1.0415776E+002, 1.0072100E+002, 9.7680712E+001, 9.6609061E+001, 9.5514285E+001, 9.4314620E+001, 9.2394038E+001, 9.1893843E+001, 9.2392056E+001, 9.6833925E+001, 2.0000287E+001, 2.0000924E+001, 2.0002346E+001, 2.0003146E+001, 2.0004177E+001, 2.0004917E+001, 2.0006228E+001, 2.0007196E+001, 2.0008680E+001, 2.0009825E+001, 2.0011477E+001, 2.0012594E+001, 2.0014416E+001, 2.0015658E+001, 2.0017611E+001, 2.0018978E+001, 2.0021372E+001, 2.0023162E+001, 2.0025853E+001, 2.0027652E+001, 2.0030314E+001, 2.0032009E+001, 2.0034794E+001, 2.0037095E+001, 2.0040757E+001, 2.0043256E+001, 2.0046835E+001, 2.0049064E+001, 2.0052168E+001, 2.0054154E+001, 2.0057288E+001, 2.0059561E+001, 2.0063052E+001, 2.0065383E+001, 2.0068940E+001, 2.0071325E+001, 2.0075046E+001, 2.0077581E+001, 2.0081471E+001, 2.0084080E+001, 2.0088168E+001, 2.0090925E+001, 2.0095259E+001, 2.0098227E+001, 2.0102724E+001, 2.0105766E+001, 2.0110800E+001, 2.0114127E+001, 2.0119497E+001, 2.0123310E+001, 2.0129610E+001, 2.0133968E+001, 2.0141669E+001, 2.0147201E+001, 2.0156649E+001, 2.0163569E+001, 2.0176498E+001, 2.0188458E+001, 2.3719947E+001, 4.9945910E+001, 7.9149377E+001, 1.0664019E+002, 1.1155452E+002, 8.2258095E+001, 4.6024273E+001, 3.4055916E+001, 2.6996346E+001, 2.6874118E+001, 3.0464850E+001, 3.6858352E+001, 9.5730035E+001, 1.1627846E+002, 1.6017788E+002, 1.7279331E+002, 1.2996096E+002, 9.7968312E+001, 6.7208117E+001, 4.3592664E+001, 4.6607359E+001, 5.5343956E+001, 7.4755927E+001, 7.9405950E+001, 1.7728989E+002, 2.4164751E+002, 2.6177377E+002, 2.6335783E+002, 2.2537225E+002, 1.5342092E+002, 1.6101797E+002, 1.8204020E+002, 2.0836436E+002, 2.1889004E+002, 2.2671944E+002, 2.4953125E+002
 3.0013382E+001, 2.0000434E+001, 2.0000848E+001, 2.0001995E+001, 2.0002971E+001, 2.0004216E+001, 2.0004934E+001, 2.0006179E+001, 2.0007142E+001, 2.0008658E+001, 2.0009738E+001, 2.0011429E+001, 2.0012539E+001, 2.0014229E+001, 2.0015420E+001, 2.0017231E+001, 2.0018524E+001, 2.0020713E+001, 2.0022355E+001, 2.0024920E+001, 2.0026637E+001, 2.0029191E+001, 2.0030845E+001, 2.0033417E+001, 2.0035400E+001, 2.0038700E+001, 2.0040945E+001, 2.0044229E+001, 2.0046274E+001, 2.0049080E+001, 2.0050838E+001, 2.0053545E+001, 2.0055466E+001, 2.0058467E+001, 2.0060498E+001, 2.0063561E+001, 2.0065642E+001, 2.0068836E+001, 2.0071033E+001, 2.0074430E+001, 2.0076748E+001, 2.0080340E+001, 2.0082783E+001, 2.0086662E+001, 2.0089339E+001, 2.0093553E+001, 2.0096454E+001, 2.0101104E+001, 2.0104490E+001, 2.0109845E+001, 2.0113706E+001, 2.0120166E+001, 2.0124894E+001, 2.0132866E+001, 2.0138984E+001, 2.0149655E+001, 2.0158239E+001, 2.0179995E+001, 2.4371845E+001, 4.5307355E+001, 5.0275113E+001, 5.9801699E+001, 5.8206749E+001, 4.7789015E+001, 4.2985530E+001, 3.6975388E+001, 3.3750395E+001, 3.1290987E+001, 3.2112392E+001, 3.5661423E+001, 4.5196097E+001, 8.8376705E+001, 1.0408984E+002, 9.5884682E+001, 8.6722207E+001, 7.9980124E+001, 7.0275401E+001, 5.8576101E+001, 5.4667352E+001, 6.5202138E+001, 7.7935238E+001, 1.0834466E+002, 1.7620219E+002, 2.0946430E+002, 2.0487436E+002, 1.8949921E+002, 1.8187745E+002, 1.8188074E+002, 2.1055017E+002, 2.2209430E+002, 2.2998549E+002, 2.2983393E+002, 2.2085000E+002, 2.1823202E+002, 1.9480117E+002, 1.8896298E+002, 2.1062485E+002, 2.1986924E+002, 2.6862651E+002, 3.3240886E+002, 2.9014203E+002, 2.3984711E+002, 2.3252406E+002, 2.2534367E+002, 1.8783797E+002, 1.8400409E+002, 1.6923685E+002, 1.6696625E+002, 1.7815614E+002, 1.9216487E+002, 1.9113846E+002, 1.8476615E+002, 1.7189046E+002, 1.5556204E+002, 1.5429508E+002, 1.5743850E+002, 1.6127020E+002, 1.6534354E+002, 1.6255598E+002, 1.6212696E+002, 1.6171447E+002, 1.6392677E+002, 1.6846423E+002, 1.6672143E+002, 1.6285014E+002, 1.5752004E+002, 1.5501723E+002, 1.5375379E+002, 1.5368252E+002, 1.5746959E+002, 1.6154177E+002, 1.6647172E+002, 1.6764323E+002, 1.6687812E+002, 1.6670714E+002, 1.6769616E+002, 1.6923227E+002, 1.7486755E+002, 1.7953088E+002, 1.8914624E+002, 1.9534658E+002, 2.0270156E+002, 2.0510796E+002, 1.9662034E+002, 1.8567708E+002, 1.6979333E+002, 1.5563802E+002, 1.3815901E+002, 1.3225177E+002, 1.2440072E+002, 1.2264958E+002, 1.2316241E+002, 1.2194921E+002, 1.1688610E+002, 1.1253339E+002, 1.0640595E+002, 1.0321167E+002, 9.9142260E+001, 9.6848274E+001, 9.3882021E+001, 9.0565925E+001, 2.0000416E+001, 2.0000820E+001, 2.0001938E+001, 2.0002954E+001, 2.0004208E+001, 2.0004930E+001, 2.0006097E+001, 2.0007024E+001, 2.0008503E+001, 2.0009563E+001, 2.0011326E+001, 2.0012476E+001, 2.0014226E+001, 2.0015522E+001, 2.0017473E+001, 2.0018846E+001, 2.0021005E+001, 2.0022705E+001, 2.0025472E+001, 2.0027336E+001, 2.0030124E+001, 2.0031951E+001, 2.0034580E+001, 2.0036517E+001, 2.0040085E+001, 2.0042592E+001, 2.0046405E+001, 2.0048825E+001, 2.0052222E+001, 2.0054328E+001, 2.0057385E+001, 2.0059559E+001, 2.0063055E+001, 2.0065436E+001, 2.0069021E+001, 2.0071446E+001, 2.0075101E+001, 2.0077662E+001, 2.0081572E+001, 2.0084194E+001, 2.0088298E+001, 2.0091039E+001, 2.0095418E+001, 2.0098406E+001, 2.0103078E+001, 2.0106184E+001, 2.0111009E+001, 2.0114670E+001, 2.0120084E+001, 2.0123891E+001, 2.0130280E+001, 2.0134922E+001, 2.0142381E+001, 2.0148161E+001, 2.0158152E+001, 2.0165783E+001, 2.0181036E+001, 2.2062336E+001, 5.5458346E+001, 7.0050663E+001, 9.8514935E+001, 1.0235991E+002, 6.3050506E+001, 4.4370395E+001, 3.2620550E+001, 3.0009382E+001, 2.5906871E+001, 2.7980670E+001, 3.6685397E+001, 6.7965338E+001, 1.3754967E+002, 1.6018280E+002, 1.4917437E+002, 1.1671270E+002, 8.6667213E+001, 6.6235441E+001, 5.1751181E+001, 4.0556411E+001, 5.3731244E+001, 7.2411241E+001, 1.4687995E+002, 2.1271598E+002, 2.4613068E+002, 2.3642385E+002, 2.0019634E+002, 1.8609658E+002, 1.6100940E+002, 1.5739110E+002, 1.6760704E+002, 2.1244999E+002, 2.2373155E+002, 2.4118539E+002, 2.5271812E+002, 2.4201011E+002
 3.1011947E+001, 2.0000621E+001, 2.0001233E+001, 2.0002030E+001, 2.0002947E+001, 2.0004442E+001, 2.0005287E+001, 2.0006451E+001, 2.0007373E+001, 2.0008906E+001, 2.0009969E+001, 2.0011700E+001, 2.0012878E+001, 2.0014619E+001, 2.0015828E+001, 2.0017710E+001, 2.0019000E+001, 2.0021093E+001, 2.0022680E+001, 2.0025291E+001, 2.0027072E+001, 2.0029746E+001, 2.0031509E+001, 2.0034077E+001, 2.0035910E+001, 2.0039118E+001, 2.0041410E+001, 2.0044861E+001, 2.0047086E+001, 2.0050172E+001, 2.0052061E+001, 2.0054791E+001, 2.0056690E+001, 2.0059711E+001, 2.0061795E+001, 2.0064938E+001, 2.0067064E+001, 2.0070306E+001, 2.0072530E+001, 2.0075970E+001, 2.0078353E+001, 2.0081995E+001, 2.0084529E+001, 2.0088428E+001, 2.0091202E+001, 2.0095510E+001, 2.0098565E+001, 2.0103298E+001, 2.0106764E+001, 2.0112320E+001, 2.0116356E+001, 2.0123012E+001, 2.0127996E+001, 2.0136422E+001, 2.0143107E+001, 2.0155632E+001, 2.0178145E+001, 3.3758615E+001, 4.2024662E+001, 5.2091878E+001, 5.8313285E+001, 5.4172095E+001, 4.6263542E+001, 3.7190649E+001, 3.6633977E+001, 3.4363894E+001, 3.3173965E+001, 3.1065635E+001, 3.2278307E+001, 4.8635696E+001, 7.5688180E+001, 9.6044186E+001, 9.2408434E+001, 8.2015771E+001, 7.4295015E+001, 6.5266016E+001, 6.0760907E+001, 5.5584322E+001, 5.5861868E+001, 9.9320336E+001, 1.3886863E+002, 1.7748926E+002, 1.7936500E+002, 1.7131604E+002, 1.6247683E+002, 1.6057525E+002, 1.6685891E+002, 2.0304913E+002, 2.1909846E+002, 2.2441313E+002, 2.1550115E+002, 2.0833435E+002, 2.0145163E+002, 2.1661708E+002, 2.4789101E+002, 3.0708834E+002, 3.2038283E+002, 3.3707891E+002, 3.3793821E+002, 3.2928313E+002, 3.5499872E+002, 3.7247959E+002, 3.4209048E+002, 2.9520055E+002, 2.2792654E+002, 1.8586354E+002, 1.8411010E+002, 1.8516835E+002, 1.6676947E+002, 1.4788256E+002, 1.5397035E+002, 2.0153780E+002, 2.1854415E+002, 2.0550234E+002, 1.9336564E+002, 1.7953872E+002, 1.7083537E+002, 1.5703049E+002, 1.5108090E+002, 1.5442287E+002, 1.6053763E+002, 1.6439311E+002, 1.6068196E+002, 1.5967726E+002, 1.5940493E+002, 1.6013251E+002, 1.6258250E+002, 1.6478106E+002, 1.6311414E+002, 1.5928775E+002, 1.5614942E+002, 1.5174518E+002, 1.5064542E+002, 1.5266657E+002, 1.5505519E+002, 1.5897325E+002, 1.6236724E+002, 1.6583897E+002, 1.6494895E+002, 1.6477749E+002, 1.6605036E+002, 1.7176822E+002, 1.7786030E+002, 1.8672444E+002, 1.9201112E+002, 1.9918432E+002, 2.0162799E+002, 1.9283190E+002, 1.8196215E+002, 1.6521372E+002, 1.5115133E+002, 1.3694647E+002, 1.3268238E+002, 1.2890621E+002, 1.2817713E+002, 1.2715846E+002, 1.2521429E+002, 1.2149629E+002, 1.1816565E+002, 1.1074071E+002, 1.0455356E+002, 2.0000583E+001, 2.0001184E+001, 2.0001938E+001, 2.0002856E+001, 2.0004440E+001, 2.0005289E+001, 2.0006437E+001, 2.0007272E+001, 2.0008829E+001, 2.0009825E+001, 2.0011600E+001, 2.0012819E+001, 2.0014620E+001, 2.0015892E+001, 2.0017944E+001, 2.0019357E+001, 2.0021523E+001, 2.0023097E+001, 2.0025873E+001, 2.0027807E+001, 2.0030707E+001, 2.0032674E+001, 2.0035510E+001, 2.0037289E+001, 2.0040613E+001, 2.0043080E+001, 2.0047037E+001, 2.0049627E+001, 2.0053336E+001, 2.0055634E+001, 2.0058879E+001, 2.0061002E+001, 2.0064448E+001, 2.0066896E+001, 2.0070572E+001, 2.0073070E+001, 2.0076797E+001, 2.0079364E+001, 2.0083287E+001, 2.0086041E+001, 2.0090124E+001, 2.0093009E+001, 2.0097353E+001, 2.0100437E+001, 2.0105094E+001, 2.0108488E+001, 2.0113344E+001, 2.0116985E+001, 2.0122686E+001, 2.0126727E+001, 2.0133090E+001, 2.0137946E+001, 2.0145621E+001, 2.0151858E+001, 2.0163093E+001, 2.0173255E+001, 3.1918246E+001, 4.9485839E+001, 7.5777438E+001, 9.4216115E+001, 9.0296087E+001, 6.6851894E+001, 3.6516943E+001, 2.8823097E+001, 2.7032707E+001, 2.7890227E+001, 2.7568690E+001, 3.1811085E+001, 7.5767135E+001, 1.1678751E+002, 1.4750689E+002, 1.3708817E+002, 9.6823598E+001, 7.2068477E+001, 5.1376826E+001, 4.5475958E+001, 4.6190774E+001, 4.9230547E+001, 1.3379019E+002, 1.8103309E+002, 2.0462592E+002, 2.0800868E+002, 1.9972471E+002, 1.7092132E+002, 1.3730596E+002, 1.3630732E+002, 1.7559666E+002, 2.0603574E+002, 2.2457778E+002, 2.3910267E+002, 2.4825034E+002, 2.3569362E+002, 2.6492569E+002, 2.9410150E+002
 3.2001890E+001, 2.0000516E+001, 2.0001285E+001, 2.0002237E+001, 2.0002850E+001, 2.0004283E+001, 2.0005310E+001, 2.0006642E+001, 2.0007478E+001, 2.0008944E+001, 2.0010012E+001, 2.0011700E+001, 2.0012914E+001, 2.0014747E+001, 2.0015960E+001, 2.0017880E+001, 2.0019193E+001, 2.0021245E+001, 2.0022728E+001, 2.0025244E+001, 2.0027061E+001, 2.0029828E+001, 2.0031672E+001, 2.0034393E+001, 2.0036164E+001, 2.0039095E+001, 2.0041338E+001, 2.0044861E+001, 2.0047214E+001, 2.0050597E+001, 2.0052686E+001, 2.0055588E+001, 2.0057470E+001, 2.0060444E+001, 2.0062534E+001, 2.0065760E+001, 2.0067921E+001, 2.0071225E+001, 2.0073464E+001, 2.0076938E+001, 2.0079337E+001, 2.0083053E+001, 2.0085617E+001, 2.0089582E+001, 2.0092373E+001, 2.0096794E+001, 2.0099914E+001, 2.0104844E+001, 2.0108277E+001, 2.0114040E+001, 2.0118177E+001, 2.0125018E+001, 2.0130218E+001, 2.0139246E+001, 2.0146774E+001, 2.0210821E+001, 3.0157959E+001, 4.2683014E+001, 4.8381094E+001, 5.6947109E+001, 5.4641527E+001, 4.1974668E+001, 3.6583534E+001, 3.4107793E+001, 3.3910423E+001, 3.3199352E+001, 3.2743546E+001, 3.1008132E+001, 4.2499778E+001, 8.0945833E+001, 9.1458765E+001, 8.5909485E+001, 7.7967902E+001, 6.6287510E+001, 6.3252614E+001, 5.7982502E+001, 5.7411538E+001, 5.9581281E+001, 1.1489465E+002, 1.4879939E+002, 1.6051907E+002, 1.6166340E+002, 1.5331166E+002, 1.4141446E+002, 1.4802558E+002, 1.6094772E+002, 1.8245353E+002, 2.1589298E+002, 2.1481474E+002, 2.0239399E+002, 2.0348101E+002, 2.4776105E+002, 3.1841118E+002, 3.6306972E+002, 3.3393679E+002, 3.2906761E+002, 3.5075734E+002, 3.5060871E+002, 3.4015876E+002, 3.0974200E+002, 2.7413445E+002, 2.3054663E+002, 2.9167549E+002, 3.2333162E+002, 3.2780062E+002, 2.8364572E+002, 2.2796268E+002, 1.7117729E+002, 1.5778729E+002, 1.4125122E+002, 1.3099944E+002, 1.2687685E+002, 1.3173150E+002, 1.5815392E+002, 1.8083011E+002, 1.9201054E+002, 1.8743292E+002, 1.8414602E+002, 1.8267424E+002, 1.7449998E+002, 1.6768297E+002, 1.6174749E+002, 1.6070436E+002, 1.6325936E+002, 1.6917799E+002, 1.7163346E+002, 1.6697058E+002, 1.5894937E+002, 1.5724130E+002, 1.5854986E+002, 1.6296388E+002, 1.6635872E+002, 1.6640601E+002, 1.6582822E+002, 1.6519625E+002, 1.6204016E+002, 1.5790783E+002, 1.5192411E+002, 1.5210651E+002, 1.5581929E+002, 1.5991330E+002, 1.6473410E+002, 1.6404949E+002, 1.6371317E+002, 1.6514475E+002, 1.7039113E+002, 1.7629500E+002, 1.8358098E+002, 1.8878403E+002, 1.9543467E+002, 1.9768572E+002, 1.8920551E+002, 1.7908838E+002, 1.6395475E+002, 1.5360715E+002, 1.4323815E+002, 1.4128759E+002, 1.3654956E+002, 1.3259893E+002, 1.2492882E+002, 1.1906491E+002, 2.0000494E+001, 2.0001228E+001, 2.0002163E+001, 2.0002734E+001, 2.0004234E+001, 2.0005317E+001, 2.0006677E+001, 2.0007504E+001, 2.0008889E+001, 2.0009975E+001, 2.0011597E+001, 2.0012870E+001, 2.0014788E+001, 2.0016038E+001, 2.0018118E+001, 2.0019534E+001, 2.0021783E+001, 2.0023313E+001, 2.0025846E+001, 2.0027803E+001, 2.0030820E+001, 2.0032836E+001, 2.0035883E+001, 2.0037840E+001, 2.0040716E+001, 2.0043106E+001, 2.0046960E+001, 2.0049687E+001, 2.0053657E+001, 2.0056179E+001, 2.0059713E+001, 2.0061934E+001, 2.0065262E+001, 2.0067659E+001, 2.0071440E+001, 2.0073952E+001, 2.0077809E+001, 2.0080358E+001, 2.0084308E+001, 2.0087036E+001, 2.0091244E+001, 2.0094075E+001, 2.0098510E+001, 2.0101525E+001, 2.0106317E+001, 2.0109722E+001, 2.0115018E+001, 2.0118376E+001, 2.0124364E+001, 2.0128470E+001, 2.0134939E+001, 2.0139817E+001, 2.0148140E+001, 2.0154581E+001, 2.0174170E+001, 2.6390472E+001, 5.2477300E+001, 6.7140355E+001, 9.5356581E+001, 9.5609764E+001, 6.1063876E+001, 3.9377231E+001, 2.9148130E+001, 2.6473672E+001, 2.5377571E+001, 2.7720930E+001, 3.0333267E+001, 5.2598983E+001, 1.1947213E+002, 1.4251012E+002, 1.3123374E+002, 1.0178290E+002, 5.9998469E+001, 5.0272697E+001, 4.1212849E+001, 4.3561285E+001, 5.5132274E+001, 1.4261293E+002, 1.7610831E+002, 1.9715207E+002, 2.1253704E+002, 1.9475749E+002, 1.3515499E+002, 1.1345258E+002, 1.2198791E+002, 1.2781308E+002, 2.0714834E+002, 2.3227268E+002, 2.3668038E+002, 2.4615070E+002, 2.7610185E+002, 3.0258753E+002, 3.1401636E+002, 3.6637529E+002
 3.3006078E+001, 2.0000372E+001, 2.0000967E+001, 2.0002105E+001, 2.0002800E+001, 2.0003792E+001, 2.0004781E+001, 2.0006368E+001, 2.0007323E+001, 2.0008641E+001, 2.0009654E+001, 2.0011297E+001, 2.0012457E+001, 2.0014330E+001, 2.0015594E+001, 2.0017486E+001, 2.0018822E+001, 2.0020871E+001, 2.0022288E+001, 2.0024591E+001, 2.0026323E+001, 2.0029117E+001, 2.0031017E+001, 2.0033863E+001, 2.0035734E+001, 2.0038477E+001, 2.0040477E+001, 2.0043894E+001, 2.0046291E+001, 2.0049890E+001, 2.0052204E+001, 2.0055427E+001, 2.0057417E+001, 2.0060327E+001, 2.0062361E+001, 2.0065572E+001, 2.0067786E+001, 2.0071125E+001, 2.0073397E+001, 2.0076871E+001, 2.0079260E+001, 2.0082998E+001, 2.0085571E+001, 2.0089603E+001, 2.0092368E+001, 2.0096805E+001, 2.0099906E+001, 2.0104927E+001, 2.0108484E+001, 2.0114145E+001, 2.0118363E+001, 2.0125369E+001, 2.0130629E+001, 2.0140404E+001, 2.0151642E+001, 3.0851506E+001, 4.0961087E+001, 4.8095202E+001, 5.5219110E+001, 5.5675064E+001, 4.9009969E+001, 3.7629470E+001, 3.3436971E+001, 3.3030860E+001, 3.2825695E+001, 3.2990608E+001, 3.2393012E+001, 5.5533214E+001, 7.3850180E+001, 8.9682314E+001, 9.1104769E+001, 7.6978593E+001, 6.5970131E+001, 6.0741425E+001, 5.6729898E+001, 5.6129251E+001, 6.7691268E+001, 1.2255779E+002, 1.2942662E+002, 1.4669664E+002, 1.5146039E+002, 1.3976005E+002, 1.3268932E+002, 1.3875525E+002, 1.5593811E+002, 1.9063196E+002, 2.0789285E+002, 2.0680566E+002, 2.0472127E+002, 2.7378219E+002, 3.1181155E+002, 3.2563187E+002, 3.2512821E+002, 3.2020699E+002, 3.3833456E+002, 3.3354900E+002, 3.1350271E+002, 2.8812466E+002, 2.6868572E+002, 2.7587084E+002, 2.5052369E+002, 2.5912847E+002, 2.0662802E+002, 1.9773279E+002, 2.3061740E+002, 2.5806042E+002, 2.9366787E+002, 3.0052673E+002, 2.6454384E+002, 2.1064671E+002, 1.7598849E+002, 1.4092902E+002, 1.2708030E+002, 1.3252281E+002, 1.3143906E+002, 1.5588921E+002, 1.9874877E+002, 1.9798408E+002, 1.8992887E+002, 1.7994373E+002, 1.7726507E+002, 1.7664590E+002, 1.7672082E+002, 1.7426943E+002, 1.6813361E+002, 1.6268270E+002, 1.6230612E+002, 1.6349486E+002, 1.6649055E+002, 1.6883042E+002, 1.6438002E+002, 1.5959950E+002, 1.5868046E+002, 1.5851568E+002, 1.6218227E+002, 1.6930874E+002, 1.7161917E+002, 1.7378368E+002, 1.7458704E+002, 1.7285184E+002, 1.6947875E+002, 1.6176633E+002, 1.5969786E+002, 1.5917104E+002, 1.6170147E+002, 1.6648532E+002, 1.6490646E+002, 1.6405591E+002, 1.6389599E+002, 1.6898463E+002, 1.7382251E+002, 1.8028057E+002, 1.8503466E+002, 1.9137698E+002, 1.9440257E+002, 1.9196679E+002, 1.8450023E+002, 1.7229127E+002, 1.6202220E+002, 1.4365980E+002, 1.3449293E+002, 2.0000355E+001, 2.0000944E+001, 2.0002031E+001, 2.0002732E+001, 2.0003662E+001, 2.0004724E+001, 2.0006410E+001, 2.0007399E+001, 2.0008678E+001, 2.0009653E+001, 2.0011310E+001, 2.0012442E+001, 2.0014371E+001, 2.0015713E+001, 2.0017680E+001, 2.0019136E+001, 2.0021362E+001, 2.0022915E+001, 2.0025295E+001, 2.0027061E+001, 2.0030056E+001, 2.0032137E+001, 2.0035272E+001, 2.0037367E+001, 2.0040379E+001, 2.0042352E+001, 2.0045922E+001, 2.0048552E+001, 2.0052703E+001, 2.0055406E+001, 2.0059278E+001, 2.0061697E+001, 2.0065125E+001, 2.0067385E+001, 2.0071053E+001, 2.0073621E+001, 2.0077488E+001, 2.0080128E+001, 2.0084046E+001, 2.0086759E+001, 2.0090942E+001, 2.0093811E+001, 2.0098255E+001, 2.0101285E+001, 2.0106055E+001, 2.0109360E+001, 2.0114653E+001, 2.0118450E+001, 2.0124037E+001, 2.0128284E+001, 2.0135024E+001, 2.0139908E+001, 2.0148530E+001, 2.0155692E+001, 2.7970977E+001, 4.6846342E+001, 6.7141404E+001, 8.6966195E+001, 9.4383746E+001, 7.5174052E+001, 4.1532349E+001, 3.0857177E+001, 2.7135220E+001, 2.6106319E+001, 2.6494799E+001, 2.9550569E+001, 6.0246661E+001, 1.0021083E+002, 1.3479443E+002, 1.3901787E+002, 1.0120933E+002, 6.9994085E+001, 5.1184360E+001, 4.3276569E+001, 4.3078348E+001, 5.7125745E+001, 1.4834558E+002, 1.7240502E+002, 1.9318008E+002, 2.0620510E+002, 1.6961534E+002, 1.3326819E+002, 1.0310138E+002, 1.0687526E+002, 1.5079929E+002, 1.9979632E+002, 2.2074166E+002, 2.4738722E+002, 2.8960491E+002, 3.0486224E+002, 3.1612586E+002, 3.3957413E+002, 3.7068728E+002, 3.9059778E+002
 3.4000561E+001, 2.0000291E+001, 2.0000668E+001, 2.0001520E+001, 2.0002269E+001, 2.0003393E+001, 2.0004047E+001, 2.0005424E+001, 2.0006516E+001, 2.0008082E+001, 2.0009006E+001, 2.0010494E+001, 2.0011604E+001, 2.0013357E+001, 2.0014627E+001, 2.0016577E+001, 2.0017869E+001, 2.0019906E+001, 2.0021313E+001, 2.0023491E+001, 2.0025027E+001, 2.0027612E+001, 2.0029501E+001, 2.0032417E+001, 2.0034369E+001, 2.0037269E+001, 2.0039148E+001, 2.0042112E+001, 2.0044377E+001, 2.0048004E+001, 2.0050458E+001, 2.0054053E+001, 2.0056309E+001, 2.0059448E+001, 2.0061435E+001, 2.0064514E+001, 2.0066683E+001, 2.0070077E+001, 2.0072355E+001, 2.0075860E+001, 2.0078233E+001, 2.0081915E+001, 2.0084480E+001, 2.0088478E+001, 2.0091272E+001, 2.0095599E+001, 2.0098707E+001, 2.0103641E+001, 2.0107171E+001, 2.0112870E+001, 2.0116943E+001, 2.0123916E+001, 2.0129230E+001, 2.0139734E+001, 2.1477081E+001, 3.8383710E+001, 4.2981220E+001, 5.3392724E+001, 5.7518647E+001, 4.9799597E+001, 4.0751738E+001, 3.3347439E+001, 3.1497096E+001, 3.1539760E+001, 3.2455215E+001, 3.3171717E+001, 4.7849352E+001, 7.4540135E+001, 8.1365426E+001, 8.7398127E+001, 7.9014340E+001, 6.3900461E+001, 5.9152758E+001, 5.7815992E+001, 5.4941512E+001, 7.9103148E+001, 1.1147096E+002, 1.2220643E+002, 1.2954712E+002, 1.4093285E+002, 1.3570160E+002, 1.2101782E+002, 1.2299731E+002, 1.5270889E+002, 1.7857903E+002, 2.0190444E+002, 2.3015442E+002, 2.6731709E+002, 3.0630266E+002, 3.2138764E+002, 3.3608265E+002, 3.5494333E+002, 3.5916328E+002, 3.5174966E+002, 3.2365978E+002, 2.8771028E+002, 2.9105738E+002, 2.8693658E+002, 2.2618750E+002, 1.5936339E+002, 1.3238788E+002, 1.1699714E+002, 1.2198588E+002, 1.0305710E+002, 1.1786739E+002, 1.4510267E+002, 1.7571579E+002, 1.9819244E+002, 2.1251618E+002, 2.4614795E+002, 2.7302717E+002, 2.5009613E+002, 2.2485011E+002, 1.6684385E+002, 1.3985211E+002, 1.5317499E+002, 1.4630486E+002, 1.9942428E+002, 1.9762021E+002, 1.8941915E+002, 1.8190428E+002, 1.7215119E+002, 1.6943483E+002, 1.6975465E+002, 1.7157593E+002, 1.7440239E+002, 1.7465338E+002, 1.7490521E+002, 1.7223975E+002, 1.6450462E+002, 1.6162801E+002, 1.6070204E+002, 1.6164994E+002, 1.6437812E+002, 1.6196733E+002, 1.5765989E+002, 1.5728244E+002, 1.5768561E+002, 1.5816153E+002, 1.6076099E+002, 1.6314627E+002, 1.6655411E+002, 1.6841906E+002, 1.7005585E+002, 1.6756050E+002, 1.6040588E+002, 1.5968137E+002, 1.6021747E+002, 1.6268887E+002, 1.6714994E+002, 1.6394792E+002, 1.6196248E+002, 1.6202301E+002, 1.6618208E+002, 1.6896651E+002, 1.7361903E+002, 1.7776435E+002, 1.8484256E+002, 1.8939146E+002, 1.8852032E+002, 1.7517760E+002, 2.0000273E+001, 2.0000630E+001, 2.0001482E+001, 2.0002202E+001, 2.0003332E+001, 2.0003945E+001, 2.0005371E+001, 2.0006546E+001, 2.0008199E+001, 2.0009149E+001, 2.0010568E+001, 2.0011695E+001, 2.0013415E+001, 2.0014710E+001, 2.0016782E+001, 2.0018121E+001, 2.0020315E+001, 2.0021842E+001, 2.0024238E+001, 2.0025871E+001, 2.0028484E+001, 2.0030487E+001, 2.0033676E+001, 2.0035820E+001, 2.0039057E+001, 2.0041168E+001, 2.0044181E+001, 2.0046531E+001, 2.0050445E+001, 2.0053250E+001, 2.0057411E+001, 2.0060087E+001, 2.0063866E+001, 2.0066242E+001, 2.0069687E+001, 2.0072111E+001, 2.0076016E+001, 2.0078613E+001, 2.0082647E+001, 2.0085318E+001, 2.0089403E+001, 2.0092249E+001, 2.0096684E+001, 2.0099672E+001, 2.0104329E+001, 2.0107643E+001, 2.0112837E+001, 2.0116424E+001, 2.0122425E+001, 2.0126367E+001, 2.0133124E+001, 2.0138027E+001, 2.0146694E+001, 2.0488119E+001, 4.1060383E+001, 5.5345419E+001, 8.0089927E+001, 9.4242915E+001, 8.0221313E+001, 5.5730370E+001, 3.2669646E+001, 2.8540515E+001, 2.6650814E+001, 2.7102682E+001, 2.9479866E+001, 4.3947138E+001, 9.6818460E+001, 1.1453565E+002, 1.3159414E+002, 1.1853664E+002, 7.7450583E+001, 5.9375407E+001, 5.0496814E+001, 4.4906207E+001, 6.8953719E+001, 1.1358679E+002, 1.6182461E+002, 1.7830488E+002, 2.0301434E+002, 1.8703250E+002, 1.3065487E+002, 1.0489537E+002, 1.0521814E+002, 1.3580913E+002, 1.9608737E+002, 2.2884107E+002, 2.7434112E+002, 3.3021885E+002, 3.4430538E+002, 3.6241006E+002, 3.6869957E+002, 3.6360446E+002, 3.3633772E+002, 3.4142942E+002
 3.5000771E+001, 2.0000293E+001, 2.0000649E+001, 2.0001266E+001, 2.0001799E+001, 2.0002872E+001, 2.0003649E+001, 2.0004751E+001, 2.0005613E+001, 2.0007239E+001, 2.0008343E+001, 2.0009873E+001, 2.0010866E+001, 2.0012530E+001, 2.0013707E+001, 2.0015622E+001, 2.0016955E+001, 2.0018962E+001, 2.0020345E+001, 2.0022505E+001, 2.0023995E+001, 2.0026339E+001, 2.0028057E+001, 2.0030895E+001, 2.0032877E+001, 2.0035877E+001, 2.0037867E+001, 2.0040789E+001, 2.0042760E+001, 2.0046098E+001, 2.0048523E+001, 2.0052259E+001, 2.0054724E+001, 2.0058251E+001, 2.0060445E+001, 2.0063558E+001, 2.0065637E+001, 2.0068923E+001, 2.0071233E+001, 2.0074749E+001, 2.0077151E+001, 2.0080828E+001, 2.0083353E+001, 2.0087320E+001, 2.0090093E+001, 2.0094457E+001, 2.0097479E+001, 2.0102357E+001, 2.0105860E+001, 2.0111550E+001, 2.0115722E+001, 2.0122604E+001, 2.0128072E+001, 2.0208223E+001, 2.6453749E+001, 3.9826016E+001, 4.5020422E+001, 5.2208007E+001, 5.0744331E+001, 4.0545420E+001, 3.5613477E+001, 3.1864509E+001, 3.0278148E+001, 3.0655746E+001, 3.1645696E+001, 4.6249904E+001, 7.4496345E+001, 7.0248520E+001, 7.4746166E+001, 7.2300721E+001, 6.5942180E+001, 6.0084859E+001, 5.6470894E+001, 5.6695385E+001, 6.7446213E+001, 1.1747153E+002, 1.0648015E+002, 1.2387644E+002, 1.2971229E+002, 1.2954798E+002, 1.2042576E+002, 1.2029909E+002, 1.4689509E+002, 1.9846319E+002, 2.2039106E+002, 2.8017318E+002, 2.9802987E+002, 3.0479045E+002, 3.3421985E+002, 3.2785158E+002, 3.1860627E+002, 3.1061942E+002, 3.0581252E+002, 2.9305306E+002, 2.6705561E+002, 2.6312899E+002, 3.0965810E+002, 2.9809188E+002, 1.2738506E+002, 1.7154757E+002, 1.8031882E+002, 1.8160595E+002, 1.0348958E+002, 1.2155452E+002, 1.3675487E+002, 1.2517108E+002, 1.2987353E+002, 1.6655075E+002, 1.8309811E+002, 1.8006634E+002, 1.7962336E+002, 2.1106646E+002, 2.2210168E+002, 2.4361304E+002, 2.4657487E+002, 1.9958964E+002, 1.6988029E+002, 1.6226898E+002, 1.8464346E+002, 1.8315260E+002, 1.7574081E+002, 1.7137104E+002, 1.6970824E+002, 1.6411222E+002, 1.5894383E+002, 1.5470356E+002, 1.5805602E+002, 1.6428022E+002, 1.6779601E+002, 1.7153947E+002, 1.7295452E+002, 1.7350587E+002, 1.7257808E+002, 1.6853039E+002, 1.6596501E+002, 1.6319865E+002, 1.6302056E+002, 1.6426055E+002, 1.6406910E+002, 1.6069880E+002, 1.5762501E+002, 1.5470809E+002, 1.5450770E+002, 1.5537755E+002, 1.5609168E+002, 1.5775781E+002, 1.5884177E+002, 1.6077872E+002, 1.5997568E+002, 1.5395553E+002, 1.5639965E+002, 1.6057188E+002, 1.6493201E+002, 1.6284501E+002, 1.6179601E+002, 1.6229021E+002, 1.6307006E+002, 1.6303007E+002, 1.6317117E+002, 1.7114643E+002, 1.8113230E+002, 2.0000267E+001, 2.0000606E+001, 2.0001201E+001, 2.0001751E+001, 2.0002801E+001, 2.0003588E+001, 2.0004680E+001, 2.0005536E+001, 2.0007278E+001, 2.0008455E+001, 2.0010055E+001, 2.0011019E+001, 2.0012688E+001, 2.0013863E+001, 2.0015795E+001, 2.0017214E+001, 2.0019326E+001, 2.0020809E+001, 2.0023151E+001, 2.0024782E+001, 2.0027312E+001, 2.0029068E+001, 2.0032047E+001, 2.0034203E+001, 2.0037501E+001, 2.0039710E+001, 2.0042974E+001, 2.0045049E+001, 2.0048474E+001, 2.0051045E+001, 2.0055249E+001, 2.0058075E+001, 2.0062208E+001, 2.0064826E+001, 2.0068531E+001, 2.0070894E+001, 2.0074520E+001, 2.0077138E+001, 2.0081134E+001, 2.0083862E+001, 2.0087969E+001, 2.0090750E+001, 2.0095081E+001, 2.0098124E+001, 2.0102808E+001, 2.0106024E+001, 2.0111059E+001, 2.0114724E+001, 2.0120473E+001, 2.0124695E+001, 2.0131197E+001, 2.0136223E+001, 2.0150190E+001, 2.4452734E+001, 4.9205455E+001, 6.1776866E+001, 8.4653683E+001, 8.9101140E+001, 6.1251807E+001, 4.3693379E+001, 3.2502280E+001, 2.7355838E+001, 2.6820574E+001, 2.8616046E+001, 4.2708773E+001, 7.9757447E+001, 1.0010424E+002, 1.1093311E+002, 1.1331587E+002, 9.5206139E+001, 6.5727210E+001, 5.2079831E+001, 5.0710593E+001, 5.7708565E+001, 1.2681987E+002, 1.4247589E+002, 1.7477844E+002, 1.8969863E+002, 1.8542256E+002, 1.4883334E+002, 1.0624518E+002, 1.0085466E+002, 1.5942903E+002, 2.1085756E+002, 2.7535066E+002, 2.9376822E+002, 3.4942762E+002, 3.6863246E+002, 3.5712575E+002, 3.1852978E+002, 2.7438786E+002, 2.2368770E+002, 1.9487759E+002, 1.9417068E+002
 3.6012789E+001, 2.0000445E+001, 2.0000906E+001, 2.0001510E+001, 2.0001948E+001, 2.0002835E+001, 2.0003596E+001, 2.0004799E+001, 2.0005556E+001, 2.0006975E+001, 2.0008118E+001, 2.0009836E+001, 2.0010895E+001, 2.0012488E+001, 2.0013636E+001, 2.0015488E+001, 2.0016819E+001, 2.0018884E+001, 2.0020268E+001, 2.0022435E+001, 2.0023928E+001, 2.0026258E+001, 2.0027885E+001, 2.0030581E+001, 2.0032553E+001, 2.0035612E+001, 2.0037669E+001, 2.0040730E+001, 2.0042720E+001, 2.0045815E+001, 2.0048128E+001, 2.0051860E+001, 2.0054407E+001, 2.0058168E+001, 2.0060560E+001, 2.0063915E+001, 2.0066041E+001, 2.0069276E+001, 2.0071560E+001, 2.0075145E+001, 2.0077586E+001, 2.0081347E+001, 2.0083936E+001, 2.0087930E+001, 2.0090756E+001, 2.0095191E+001, 2.0098367E+001, 2.0103341E+001, 2.0106949E+001, 2.0112866E+001, 2.0117375E+001, 2.0125022E+001, 2.0131995E+001, 2.8193030E+001, 3.7688516E+001, 4.1820467E+001, 4.7821762E+001, 4.8577275E+001, 4.4102015E+001, 3.7958454E+001, 3.3617411E+001, 3.0728493E+001, 2.9730172E+001, 3.0504491E+001, 4.3474158E+001, 6.9510020E+001, 5.7164928E+001, 6.5740746E+001, 7.1134883E+001, 6.4256638E+001, 5.6295123E+001, 5.3809349E+001, 5.9045902E+001, 1.0240073E+002, 1.0786240E+002, 1.0389390E+002, 1.2290645E+002, 1.2890297E+002, 1.2151595E+002, 1.2850960E+002, 1.5797260E+002, 2.1916082E+002, 2.5719747E+002, 2.9638828E+002, 3.1116815E+002, 3.1990220E+002, 3.1373493E+002, 2.8922664E+002, 2.7537222E+002, 2.6308839E+002, 2.5599992E+002, 2.5291642E+002, 2.5805485E+002, 2.4594461E+002, 2.5310454E+002, 2.9319635E+002, 2.8337431E+002, 2.4878509E+002, 1.8024760E+002, 1.6399482E+002, 1.7203779E+002, 1.9773098E+002, 1.5969946E+002, 1.7429482E+002, 1.6370990E+002, 1.7505840E+002, 1.6132908E+002, 1.7159500E+002, 1.7307014E+002, 1.7817346E+002, 1.7742420E+002, 1.7590319E+002, 1.8172725E+002, 1.8294711E+002, 1.8973323E+002, 2.1564456E+002, 2.2847367E+002, 2.0722693E+002, 1.8355840E+002, 1.6384114E+002, 1.6498911E+002, 1.5844599E+002, 1.5219812E+002, 1.4875112E+002, 1.5046921E+002, 1.5348291E+002, 1.5123543E+002, 1.4398583E+002, 1.4222287E+002, 1.4831051E+002, 1.5368873E+002, 1.5987446E+002, 1.6160121E+002, 1.6332096E+002, 1.6578120E+002, 1.6953878E+002, 1.7033513E+002, 1.6927127E+002, 1.6846685E+002, 1.6704382E+002, 1.6654395E+002, 1.6713165E+002, 1.6675280E+002, 1.6478333E+002, 1.6302843E+002, 1.5927499E+002, 1.5637878E+002, 1.5229278E+002, 1.5069327E+002, 1.5137270E+002, 1.5219045E+002, 1.5388860E+002, 1.5201123E+002, 1.5418360E+002, 1.5604206E+002, 1.6014201E+002, 1.6076982E+002, 1.6072503E+002, 1.6107721E+002, 1.5830765E+002, 1.5609933E+002, 2.0000416E+001, 2.0000867E+001, 2.0001434E+001, 2.0001873E+001, 2.0002808E+001, 2.0003517E+001, 2.0004751E+001, 2.0005496E+001, 2.0006940E+001, 2.0008172E+001, 2.0010014E+001, 2.0011129E+001, 2.0012715E+001, 2.0013858E+001, 2.0015719E+001, 2.0017060E+001, 2.0019262E+001, 2.0020735E+001, 2.0023075E+001, 2.0024683E+001, 2.0027263E+001, 2.0029025E+001, 2.0031747E+001, 2.0033881E+001, 2.0037211E+001, 2.0039483E+001, 2.0042904E+001, 2.0045145E+001, 2.0048405E+001, 2.0050747E+001, 2.0054764E+001, 2.0057636E+001, 2.0061959E+001, 2.0064774E+001, 2.0068776E+001, 2.0071307E+001, 2.0074933E+001, 2.0077441E+001, 2.0081483E+001, 2.0084218E+001, 2.0088433E+001, 2.0091320E+001, 2.0095635E+001, 2.0098693E+001, 2.0103440E+001, 2.0106803E+001, 2.0111934E+001, 2.0115570E+001, 2.0121432E+001, 2.0125889E+001, 2.0132924E+001, 2.0138544E+001, 2.5215184E+001, 4.3910785E+001, 5.6555970E+001, 7.2451234E+001, 8.2567533E+001, 6.7055030E+001, 4.3063859E+001, 3.4468758E+001, 2.8018194E+001, 2.6656513E+001, 2.8056809E+001, 3.8757491E+001, 8.6748801E+001, 8.0348424E+001, 9.2939645E+001, 1.0448462E+002, 8.7337192E+001, 6.0529439E+001, 4.4258200E+001, 4.8574319E+001, 9.6576048E+001, 1.2752819E+002, 1.4560729E+002, 1.6905062E+002, 1.8227587E+002, 1.5956200E+002, 1.2526645E+002, 1.2515036E+002, 1.6415420E+002, 2.4186627E+002, 3.0707759E+002, 3.2761460E+002, 3.4068872E+002, 3.3533638E+002, 3.2556490E+002, 2.9836956E+002, 2.6551116E+002, 2.2162765E+002, 1.7489398E+002, 1.4115298E+002, 1.4307269E+002, 1.8376281E+002
 3.7006302E+001, 2.0000450E+001, 2.0001050E+001, 2.0001809E+001, 2.0002237E+001, 2.0002968E+001, 2.0003619E+001, 2.0004815E+001, 2.0005645E+001, 2.0006873E+001, 2.0007905E+001, 2.0009684E+001, 2.0010873E+001, 2.0012531E+001, 2.0013651E+001, 2.0015445E+001, 2.0016733E+001, 2.0018807E+001, 2.0020224E+001, 2.0022378E+001, 2.0023882E+001, 2.0026212E+001, 2.0027822E+001, 2.0030379E+001, 2.0032254E+001, 2.0035303E+001, 2.0037397E+001, 2.0040553E+001, 2.0042637E+001, 2.0045693E+001, 2.0047837E+001, 2.0051416E+001, 2.0053968E+001, 2.0057849E+001, 2.0060394E+001, 2.0064027E+001, 2.0066298E+001, 2.0069581E+001, 2.0071816E+001, 2.0075392E+001, 2.0077873E+001, 2.0081711E+001, 2.0084328E+001, 2.0088423E+001, 2.0091252E+001, 2.0095815E+001, 2.0099037E+001, 2.0104237E+001, 2.0107964E+001, 2.0114289E+001, 2.0119124E+001, 2.0128914E+001, 2.1858933E+001, 3.5030352E+001, 3.8676637E+001, 4.7373681E+001, 4.9391226E+001, 4.2903989E+001, 3.7452129E+001, 3.2885471E+001, 3.1676625E+001, 3.0325406E+001, 2.9616904E+001, 5.0214696E+001, 6.8336862E+001, 5.3767560E+001, 6.1160671E+001, 6.0319862E+001, 5.4292063E+001, 5.0062949E+001, 5.1683296E+001, 9.0291907E+001, 1.0663893E+002, 9.8629144E+001, 1.0964752E+002, 1.1845557E+002, 1.3247786E+002, 1.6940129E+002, 2.0688652E+002, 2.6229137E+002, 2.8353963E+002, 2.9268009E+002, 2.8794301E+002, 2.7615764E+002, 2.6733297E+002, 2.5366570E+002, 2.4520410E+002, 2.3923439E+002, 2.2664520E+002, 2.1319883E+002, 2.0395863E+002, 2.1696379E+002, 2.2623151E+002, 2.6397899E+002, 2.7779356E+002, 2.4826879E+002, 2.0546990E+002, 1.8521779E+002, 1.8079618E+002, 1.8212160E+002, 1.8283230E+002, 1.4730451E+002, 1.6850248E+002, 1.6791196E+002, 1.6608506E+002, 1.5214534E+002, 1.4827502E+002, 1.5018491E+002, 1.6279507E+002, 1.8268537E+002, 1.8606012E+002, 1.9150989E+002, 1.9474573E+002, 1.9668470E+002, 1.9661830E+002, 1.9281285E+002, 1.8915731E+002, 1.9391731E+002, 2.0040851E+002, 2.0489446E+002, 1.8144045E+002, 1.5102237E+002, 1.4889835E+002, 1.5233818E+002, 1.4944942E+002, 1.3805723E+002, 1.3384595E+002, 1.3671678E+002, 1.3934389E+002, 1.3784743E+002, 1.3426762E+002, 1.3344298E+002, 1.3775553E+002, 1.4647558E+002, 1.5100057E+002, 1.5396248E+002, 1.5473242E+002, 1.5626441E+002, 1.5846365E+002, 1.6345024E+002, 1.6663111E+002, 1.6911250E+002, 1.6987799E+002, 1.6941250E+002, 1.6789545E+002, 1.6539205E+002, 1.6414042E+002, 1.6328157E+002, 1.6226993E+002, 1.5820256E+002, 1.5510031E+002, 1.5023918E+002, 1.4749267E+002, 1.4692633E+002, 1.4952691E+002, 1.5082660E+002, 1.5143711E+002, 1.5376982E+002, 1.5644091E+002, 1.5687982E+002, 1.5544446E+002, 2.0000433E+001, 2.0001014E+001, 2.0001759E+001, 2.0002181E+001, 2.0002923E+001, 2.0003603E+001, 2.0004775E+001, 2.0005632E+001, 2.0006834E+001, 2.0007919E+001, 2.0009808E+001, 2.0011105E+001, 2.0012841E+001, 2.0013970E+001, 2.0015782E+001, 2.0017062E+001, 2.0019226E+001, 2.0020739E+001, 2.0023034E+001, 2.0024683E+001, 2.0027215E+001, 2.0029016E+001, 2.0031753E+001, 2.0033652E+001, 2.0036944E+001, 2.0039239E+001, 2.0042722E+001, 2.0045074E+001, 2.0048485E+001, 2.0050734E+001, 2.0054391E+001, 2.0057175E+001, 2.0061557E+001, 2.0064490E+001, 2.0068768E+001, 2.0071476E+001, 2.0075341E+001, 2.0077800E+001, 2.0081732E+001, 2.0084480E+001, 2.0088770E+001, 2.0091660E+001, 2.0096128E+001, 2.0099073E+001, 2.0103983E+001, 2.0107316E+001, 2.0112665E+001, 2.0116321E+001, 2.0122510E+001, 2.0127001E+001, 2.0134986E+001, 2.0648876E+001, 4.1433947E+001, 4.8480806E+001, 7.0449975E+001, 8.0590688E+001, 6.4743891E+001, 4.7050562E+001, 2.9537557E+001, 2.7918117E+001, 2.6577107E+001, 2.7153796E+001, 4.3571682E+001, 7.8792613E+001, 7.0024118E+001, 8.2304297E+001, 9.0546113E+001, 7.8692014E+001, 5.2153227E+001, 4.5513565E+001, 7.1828078E+001, 1.1238220E+002, 1.2689170E+002, 1.4891426E+002, 1.4937685E+002, 1.4847529E+002, 1.4452057E+002, 1.6255001E+002, 2.3036955E+002, 2.7754225E+002, 3.1437116E+002, 3.1081192E+002, 2.9337941E+002, 2.7793115E+002, 2.4608419E+002, 2.2243734E+002, 2.1445579E+002, 2.2654105E+002, 1.8354207E+002, 1.8314331E+002, 1.3963612E+002, 1.5486109E+002, 2.0663357E+002, 2.4815129E+002
 3.8007785E+001, 2.0000257E+001, 2.0000750E+001, 2.0001652E+001, 2.0002207E+001, 2.0002915E+001, 2.0003410E+001, 2.0004388E+001, 2.0005191E+001, 2.0006459E+001, 2.0007299E+001, 2.0008845E+001, 2.0010050E+001, 2.0011885E+001, 2.0013046E+001, 2.0014770E+001, 2.0015983E+001, 2.0017935E+001, 2.0019340E+001, 2.0021502E+001, 2.0022965E+001, 2.0025257E+001, 2.0026842E+001, 2.0029309E+001, 2.0031039E+001, 2.0033882E+001, 2.0035937E+001, 2.0039125E+001, 2.0041267E+001, 2.0044453E+001, 2.0046535E+001, 2.0049796E+001, 2.0052192E+001, 2.0056043E+001, 2.0058670E+001, 2.0062560E+001, 2.0065054E+001, 2.0068585E+001, 2.0070848E+001, 2.0074300E+001, 2.0076756E+001, 2.0080594E+001, 2.0083265E+001, 2.0087403E+001, 2.0090280E+001, 2.0094801E+001, 2.0098045E+001, 2.0103328E+001, 2.0107131E+001, 2.0113622E+001, 2.0118852E+001, 2.0239596E+001, 3.0543169E+001, 3.8058570E+001, 4.2091017E+001, 4.7548024E+001, 4.5737435E+001, 3.7821320E+001, 3.3558037E+001, 3.0663938E+001, 3.1014466E+001, 3.0388959E+001, 3.0004129E+001, 6.5365120E+001, 5.1272564E+001, 4.8366510E+001, 5.0249266E+001, 5.1348064E+001, 5.2408864E+001, 6.9878429E+001, 9.9419684E+001, 9.9115828E+001, 9.9585362E+001, 1.2430868E+002, 1.6712369E+002, 2.2671178E+002, 2.5345462E+002, 2.7319263E+002, 2.7047104E+002, 2.5819340E+002, 2.5156087E+002, 2.4462876E+002, 2.3666539E+002, 2.2485878E+002, 2.1506061E+002, 2.0275110E+002, 1.9242002E+002, 2.0744309E+002, 1.9875759E+002, 1.9133651E+002, 1.8878305E+002, 2.1070185E+002, 2.6310276E+002, 2.6025778E+002, 2.3717277E+002, 2.0655107E+002, 1.8534212E+002, 1.8771050E+002, 1.8228031E+002, 1.6980318E+002, 1.4141696E+002, 1.6323873E+002, 1.7241362E+002, 1.8730273E+002, 1.6017506E+002, 1.7565494E+002, 1.7755269E+002, 1.6844100E+002, 1.5331965E+002, 1.5119373E+002, 1.5954314E+002, 1.5683023E+002, 1.5403848E+002, 1.5880410E+002, 1.6703397E+002, 1.7707644E+002, 1.8227765E+002, 1.8834082E+002, 1.9000190E+002, 1.8559381E+002, 1.8754000E+002, 1.9090835E+002, 1.7599539E+002, 1.5074223E+002, 1.4435923E+002, 1.6546784E+002, 1.6244393E+002, 1.5275276E+002, 1.4486182E+002, 1.3219254E+002, 1.2893733E+002, 1.2903608E+002, 1.2839275E+002, 1.2583521E+002, 1.2593755E+002, 1.3203510E+002, 1.3744293E+002, 1.4410672E+002, 1.4618467E+002, 1.4819165E+002, 1.4951029E+002, 1.5150939E+002, 1.5324580E+002, 1.5775064E+002, 1.6182806E+002, 1.6779396E+002, 1.7023668E+002, 1.7117067E+002, 1.7051257E+002, 1.6827829E+002, 1.6641072E+002, 1.6336144E+002, 1.6118580E+002, 1.5564383E+002, 1.5036742E+002, 1.4506021E+002, 1.4449248E+002, 1.4738080E+002, 1.4800111E+002, 1.4929051E+002, 1.5323766E+002, 2.0000267E+001, 2.0000749E+001, 2.0001631E+001, 2.0002185E+001, 2.0002865E+001, 2.0003381E+001, 2.0004406E+001, 2.0005184E+001, 2.0006491E+001, 2.0007311E+001, 2.0008921E+001, 2.0010195E+001, 2.0012194E+001, 2.0013431E+001, 2.0015195E+001, 2.0016426E+001, 2.0018372E+001, 2.0019844E+001, 2.0022156E+001, 2.0023711E+001, 2.0026211E+001, 2.0027929E+001, 2.0030666E+001, 2.0032536E+001, 2.0035483E+001, 2.0037672E+001, 2.0041163E+001, 2.0043515E+001, 2.0047095E+001, 2.0049426E+001, 2.0052865E+001, 2.0055303E+001, 2.0059453E+001, 2.0062396E+001, 2.0066845E+001, 2.0069753E+001, 2.0073914E+001, 2.0076564E+001, 2.0080387E+001, 2.0083046E+001, 2.0087237E+001, 2.0090179E+001, 2.0094683E+001, 2.0097787E+001, 2.0102511E+001, 2.0105894E+001, 2.0111260E+001, 2.0115101E+001, 2.0121247E+001, 2.0125950E+001, 2.0154892E+001, 2.8420248E+001, 4.6420779E+001, 5.7842228E+001, 7.7789736E+001, 7.9033475E+001, 5.3126554E+001, 3.9346681E+001, 2.7024356E+001, 2.6133097E+001, 2.7171440E+001, 2.8611261E+001, 7.0293624E+001, 6.6713994E+001, 6.1956358E+001, 7.1528668E+001, 8.0350860E+001, 6.7627154E+001, 5.6038209E+001, 7.1760990E+001, 1.1792391E+002, 1.2546050E+002, 1.4562629E+002, 1.5692581E+002, 1.8057087E+002, 2.0682803E+002, 2.5960754E+002, 2.8754967E+002, 2.8580643E+002, 2.8127124E+002, 2.7689506E+002, 2.6593320E+002, 2.4249404E+002, 2.2406348E+002, 1.9150540E+002, 1.6999467E+002, 1.4896322E+002, 1.9713753E+002, 1.4507670E+002, 1.6491238E+002, 1.5976476E+002, 2.3278865E+002, 2.4454994E+002, 2.0343073E+002
 3.9001880E+001, 2.0000258E+001, 2.0000574E+001, 2.0001274E+001, 2.0001879E+001, 2.0002764E+001, 2.0003266E+001, 2.0004023E+001, 2.0004667E+001, 2.0005865E+001, 2.0006726E+001, 2.0008013E+001, 2.0009039E+001, 2.0010853E+001, 2.0012111E+001, 2.0013925E+001, 2.0015088E+001, 2.0016919E+001, 2.0018218E+001, 2.0020333E+001, 2.0021788E+001, 2.0024011E+001, 2.0025551E+001, 2.0027956E+001, 2.0029618E+001, 2.0032231E+001, 2.0034133E+001, 2.0037225E+001, 2.0039375E+001, 2.0042628E+001, 2.0044786E+001, 2.0047968E+001, 2.0050143E+001, 2.0053733E+001, 2.0056322E+001, 2.0060310E+001, 2.0062959E+001, 2.0066806E+001, 2.0069241E+001, 2.0072755E+001, 2.0075115E+001, 2.0078920E+001, 2.0081573E+001, 2.0085761E+001, 2.0088671E+001, 2.0093249E+001, 2.0096517E+001, 2.0101828E+001, 2.0105809E+001, 2.0112655E+001, 2.0118747E+001, 2.6085869E+001, 3.4615175E+001, 3.9158408E+001, 4.4647154E+001, 4.8635249E+001, 4.5778595E+001, 3.8952574E+001, 3.3004402E+001, 2.9601309E+001, 3.0677332E+001, 3.0410747E+001, 4.8952186E+001, 5.7242557E+001, 3.9092553E+001, 5.1348793E+001, 6.2285944E+001, 7.3029746E+001, 8.2255744E+001, 9.8318173E+001, 9.7108161E+001, 1.5699985E+002, 2.0309271E+002, 2.5223958E+002, 2.5298284E+002, 2.4781961E+002, 2.4342609E+002, 2.3856843E+002, 2.3575596E+002, 2.2900397E+002, 2.2372575E+002, 2.1193480E+002, 2.0313096E+002, 1.9395330E+002, 1.8885530E+002, 1.6348340E+002, 1.4718468E+002, 1.9211236E+002, 1.8332209E+002, 1.7776181E+002, 1.9001665E+002, 2.4595504E+002, 2.4400114E+002, 2.3084487E+002, 1.9946625E+002, 1.7466190E+002, 1.8582093E+002, 1.8264429E+002, 1.5416531E+002, 1.9353048E+002, 2.2702607E+002, 2.4580106E+002, 2.6277431E+002, 2.4282744E+002, 1.9099791E+002, 2.1102239E+002, 2.2232587E+002, 2.1991345E+002, 2.1417287E+002, 1.9391946E+002, 1.7823726E+002, 1.5523970E+002, 1.4669223E+002, 1.3442245E+002, 1.2085265E+002, 1.1641020E+002, 1.2581305E+002, 1.4256913E+002, 1.5309333E+002, 1.6670741E+002, 1.7240209E+002, 1.7650434E+002, 1.7686746E+002, 1.8156548E+002, 1.8248676E+002, 1.6422241E+002, 1.6255404E+002, 1.6157757E+002, 1.6747964E+002, 1.7177655E+002, 1.6831245E+002, 1.5397182E+002, 1.4300312E+002, 1.2949608E+002, 1.2424762E+002, 1.2154194E+002, 1.2045529E+002, 1.2137487E+002, 1.2565774E+002, 1.3345713E+002, 1.3712987E+002, 1.3988257E+002, 1.4148524E+002, 1.4436456E+002, 1.4615693E+002, 1.4811795E+002, 1.4956906E+002, 1.5207306E+002, 1.5407212E+002, 1.5724437E+002, 1.5906135E+002, 1.6132594E+002, 1.6270546E+002, 1.6431704E+002, 1.6447499E+002, 1.6252341E+002, 1.5951446E+002, 1.4939142E+002, 1.4206442E+002, 1.4249037E+002, 1.4378158E+002, 2.0000273E+001, 2.0000619E+001, 2.0001300E+001, 2.0001892E+001, 2.0002782E+001, 2.0003258E+001, 2.0004054E+001, 2.0004734E+001, 2.0005920E+001, 2.0006816E+001, 2.0008099E+001, 2.0009179E+001, 2.0011071E+001, 2.0012457E+001, 2.0014419E+001, 2.0015618E+001, 2.0017487E+001, 2.0018773E+001, 2.0020969E+001, 2.0022528E+001, 2.0024905E+001, 2.0026578E+001, 2.0029183E+001, 2.0031029E+001, 2.0033860E+001, 2.0035840E+001, 2.0039102E+001, 2.0041455E+001, 2.0045005E+001, 2.0047422E+001, 2.0050987E+001, 2.0053288E+001, 2.0056936E+001, 2.0059684E+001, 2.0064105E+001, 2.0067098E+001, 2.0071523E+001, 2.0074357E+001, 2.0078430E+001, 2.0081011E+001, 2.0085088E+001, 2.0087944E+001, 2.0092455E+001, 2.0095566E+001, 2.0100401E+001, 2.0103756E+001, 2.0109142E+001, 2.0112981E+001, 2.0119456E+001, 2.0124470E+001, 2.3338029E+001, 4.0511233E+001, 5.1756679E+001, 6.4905037E+001, 7.9170986E+001, 7.0432601E+001, 4.7759312E+001, 3.4310437E+001, 2.5529784E+001, 2.6166398E+001, 2.8735443E+001, 4.1212896E+001, 6.9771785E+001, 5.0345187E+001, 6.3677302E+001, 7.6416047E+001, 7.8784712E+001, 7.0134111E+001, 9.5840077E+001, 1.1611129E+002, 1.4468442E+002, 1.6832067E+002, 2.3305050E+002, 2.4632462E+002, 2.5389859E+002, 2.5091486E+002, 2.5566221E+002, 2.5884411E+002, 2.4838757E+002, 2.3818015E+002, 2.3138448E+002, 2.0762865E+002, 1.6751687E+002, 1.5052325E+002, 1.4838354E+002, 1.3139743E+002, 1.0666243E+002, 1.8881465E+002, 1.5770816E+002, 1.6699897E+002, 2.3292942E+002, 2.3874314E+002, 2.0416712E+002, 1.9310282E+002
 4.0004321E+001, 2.0000290E+001, 2.0000643E+001, 2.0001172E+001, 2.0001620E+001, 2.0002518E+001, 2.0003141E+001, 2.0003968E+001, 2.0004478E+001, 2.0005440E+001, 2.0006245E+001, 2.0007557E+001, 2.0008421E+001, 2.0009957E+001, 2.0011182E+001, 2.0013114E+001, 2.0014374E+001, 2.0016177E+001, 2.0017409E+001, 2.0019372E+001, 2.0020797E+001, 2.0023004E+001, 2.0024506E+001, 2.0026843E+001, 2.0028465E+001, 2.0030995E+001, 2.0032747E+001, 2.0035608E+001, 2.0037683E+001, 2.0040941E+001, 2.0043140E+001, 2.0046430E+001, 2.0048591E+001, 2.0051882E+001, 2.0054280E+001, 2.0058181E+001, 2.0060882E+001, 2.0064935E+001, 2.0067581E+001, 2.0071373E+001, 2.0073807E+001, 2.0077477E+001, 2.0080109E+001, 2.0084294E+001, 2.0087244E+001, 2.0091936E+001, 2.0095229E+001, 2.0100671E+001, 2.0104811E+001, 2.0112383E+001, 2.0163602E+001, 3.1292860E+001, 3.5593310E+001, 4.5639025E+001, 5.0812532E+001, 4.8280631E+001, 4.2328738E+001, 3.4310921E+001, 3.1051846E+001, 2.8786172E+001, 3.0083433E+001, 4.0526081E+001, 6.0009274E+001, 4.8759549E+001, 6.4495307E+001, 8.0576613E+001, 8.5689688E+001, 1.0975627E+002, 1.3878575E+002, 1.8437552E+002, 2.2112450E+002, 2.3566341E+002, 2.3281931E+002, 2.2490681E+002, 2.2286895E+002, 2.1889263E+002, 2.1533743E+002, 2.1095554E+002, 2.0699638E+002, 2.0013841E+002, 1.9460302E+002, 1.8431400E+002, 1.7758282E+002, 1.7034394E+002, 1.5989699E+002, 1.4179909E+002, 1.4085840E+002, 1.7871167E+002, 1.7245402E+002, 1.8773239E+002, 2.2870839E+002, 2.2847149E+002, 2.2024296E+002, 1.9530372E+002, 1.7690841E+002, 1.8349788E+002, 1.7748516E+002, 1.8939426E+002, 2.3979184E+002, 2.5743040E+002, 2.6790385E+002, 2.6007504E+002, 2.2438128E+002, 2.0497571E+002, 2.2539124E+002, 2.1724635E+002, 2.1056258E+002, 2.0740567E+002, 2.1319705E+002, 2.2290413E+002, 2.2198535E+002, 2.1201401E+002, 2.0060008E+002, 1.7626317E+002, 1.6567385E+002, 1.4676272E+002, 1.3268594E+002, 1.1755677E+002, 1.0931767E+002, 1.0899983E+002, 1.1779710E+002, 1.3529491E+002, 1.4619418E+002, 1.6252707E+002, 1.7191203E+002, 1.7330790E+002, 1.7532444E+002, 1.7880647E+002, 1.7236130E+002, 1.6607213E+002, 1.6441520E+002, 1.7041811E+002, 1.7399212E+002, 1.7267201E+002, 1.6699079E+002, 1.5057897E+002, 1.3927149E+002, 1.2463844E+002, 1.1870740E+002, 1.1647856E+002, 1.1765526E+002, 1.2431881E+002, 1.2951517E+002, 1.3293422E+002, 1.3373849E+002, 1.3640237E+002, 1.3888750E+002, 1.4242160E+002, 1.4387617E+002, 1.4459442E+002, 1.4464727E+002, 1.4528889E+002, 1.4611158E+002, 1.4761195E+002, 1.4865310E+002, 1.5025920E+002, 1.5142561E+002, 1.5337207E+002, 1.5437759E+002, 1.4855014E+002, 1.4235294E+002, 2.0000283E+001, 2.0000660E+001, 2.0001264E+001, 2.0001685E+001, 2.0002553E+001, 2.0003191E+001, 2.0004008E+001, 2.0004538E+001, 2.0005564E+001, 2.0006347E+001, 2.0007719E+001, 2.0008572E+001, 2.0010168E+001, 2.0011429E+001, 2.0013561E+001, 2.0014937E+001, 2.0016840E+001, 2.0018116E+001, 2.0020069E+001, 2.0021548E+001, 2.0023910E+001, 2.0025521E+001, 2.0028053E+001, 2.0029815E+001, 2.0032616E+001, 2.0034542E+001, 2.0037510E+001, 2.0039684E+001, 2.0043235E+001, 2.0045616E+001, 2.0049283E+001, 2.0051704E+001, 2.0055226E+001, 2.0057637E+001, 2.0061739E+001, 2.0064700E+001, 2.0069237E+001, 2.0072245E+001, 2.0076606E+001, 2.0079410E+001, 2.0083449E+001, 2.0086220E+001, 2.0090609E+001, 2.0093763E+001, 2.0098696E+001, 2.0102100E+001, 2.0107474E+001, 2.0111518E+001, 2.0118390E+001, 2.0130314E+001, 3.3861195E+001, 4.2959038E+001, 6.3125655E+001, 7.5535061E+001, 7.3482026E+001, 5.6186229E+001, 3.3042454E+001, 2.7798552E+001, 2.4343095E+001, 2.6748590E+001, 3.5031705E+001, 6.0606668E+001, 5.4149153E+001, 6.5849601E+001, 8.4167493E+001, 8.7800365E+001, 9.6330966E+001, 1.1153205E+002, 1.4423633E+002, 1.7374460E+002, 2.1673733E+002, 2.3592536E+002, 2.3409011E+002, 2.2492106E+002, 2.0537389E+002, 1.9270401E+002, 1.8649587E+002, 1.8278205E+002, 1.7681775E+002, 1.8372495E+002, 1.6728316E+002, 1.3880416E+002, 1.1220322E+002, 1.0992112E+002, 1.2357131E+002, 1.2435463E+002, 1.0970347E+002, 1.7994374E+002, 1.6383210E+002, 2.1417677E+002, 2.3605980E+002, 2.0612664E+002, 1.9490232E+002, 1.8941163E+002
 4.1003427E+001, 2.0000282E+001, 2.0000673E+001, 2.0001266E+001, 2.0001649E+001, 2.0002329E+001, 2.0002934E+001, 2.0003896E+001, 2.0004491E+001, 2.0005315E+001, 2.0005965E+001, 2.0007183E+001, 2.0008079E+001, 2.0009426E+001, 2.0010462E+001, 2.0012316E+001, 2.0013642E+001, 2.0015599E+001, 2.0016847E+001, 2.0018728E+001, 2.0020053E+001, 2.0022216E+001, 2.0023711E+001, 2.0026006E+001, 2.0027591E+001, 2.0030066E+001, 2.0031787E+001, 2.0034471E+001, 2.0036402E+001, 2.0039547E+001, 2.0041757E+001, 2.0045114E+001, 2.0047352E+001, 2.0050672E+001, 2.0052899E+001, 2.0056536E+001, 2.0059178E+001, 2.0063305E+001, 2.0066077E+001, 2.0070178E+001, 2.0072814E+001, 2.0076639E+001, 2.0079211E+001, 2.0083369E+001, 2.0086335E+001, 2.0091101E+001, 2.0094577E+001, 2.0100251E+001, 2.0104602E+001, 2.0115332E+001, 2.2620708E+001, 3.6147198E+001, 4.0307240E+001, 4.5888939E+001, 4.6081617E+001, 3.8535676E+001, 3.3154114E+001, 2.9385978E+001, 2.8439706E+001, 2.8407737E+001, 2.9975491E+001, 5.4188253E+001, 5.8867953E+001, 8.3424856E+001, 1.0880502E+002, 1.4773828E+002, 1.7449813E+002, 2.0543378E+002, 2.1469784E+002, 2.1867195E+002, 2.1265791E+002, 2.0254384E+002, 1.9881109E+002, 1.8878552E+002, 1.8241683E+002, 1.7379566E+002, 1.7036297E+002, 1.7374110E+002, 1.8150092E+002, 1.8062294E+002, 1.7571516E+002, 1.6251329E+002, 1.5714550E+002, 1.5018111E+002, 1.4139347E+002, 1.3874043E+002, 1.4610386E+002, 1.6742766E+002, 1.9295028E+002, 2.2108455E+002, 2.1468088E+002, 2.0641025E+002, 1.8948203E+002, 1.7130486E+002, 1.7837141E+002, 1.7762683E+002, 2.1735924E+002, 2.6089064E+002, 2.7029176E+002, 2.5815183E+002, 2.2751301E+002, 2.1481366E+002, 2.2742085E+002, 2.3314450E+002, 2.2535768E+002, 1.9614542E+002, 2.0531308E+002, 2.0368875E+002, 2.0498056E+002, 2.1421544E+002, 2.2356256E+002, 2.2420060E+002, 2.2471779E+002, 2.1434470E+002, 2.0594158E+002, 1.9653593E+002, 1.8767439E+002, 1.7304034E+002, 1.6497108E+002, 1.4832351E+002, 1.3452846E+002, 1.2071687E+002, 1.1495772E+002, 1.0830128E+002, 1.1419414E+002, 1.3650596E+002, 1.4994463E+002, 1.6701697E+002, 1.6980395E+002, 1.7528476E+002, 1.7967860E+002, 1.7584147E+002, 1.7053156E+002, 1.6635511E+002, 1.6532200E+002, 1.7177126E+002, 1.7160668E+002, 1.6889468E+002, 1.6149546E+002, 1.4384545E+002, 1.3269176E+002, 1.1883013E+002, 1.1463891E+002, 1.1754340E+002, 1.2227603E+002, 1.2812484E+002, 1.2851371E+002, 1.2942697E+002, 1.3136520E+002, 1.3554191E+002, 1.3829840E+002, 1.4084266E+002, 1.4125480E+002, 1.4069931E+002, 1.4028700E+002, 1.4015504E+002, 1.4044716E+002, 1.4093986E+002, 1.4092548E+002, 1.4085434E+002, 1.4209707E+002, 2.0000280E+001, 2.0000664E+001, 2.0001300E+001, 2.0001754E+001, 2.0002429E+001, 2.0002987E+001, 2.0003978E+001, 2.0004569E+001, 2.0005422E+001, 2.0006123E+001, 2.0007341E+001, 2.0008287E+001, 2.0009648E+001, 2.0010734E+001, 2.0012656E+001, 2.0014117E+001, 2.0016271E+001, 2.0017610E+001, 2.0019562E+001, 2.0020891E+001, 2.0023136E+001, 2.0024731E+001, 2.0027199E+001, 2.0028915E+001, 2.0031592E+001, 2.0033509E+001, 2.0036457E+001, 2.0038475E+001, 2.0041764E+001, 2.0044181E+001, 2.0047822E+001, 2.0050316E+001, 2.0054026E+001, 2.0056436E+001, 2.0060113E+001, 2.0062868E+001, 2.0067356E+001, 2.0070441E+001, 2.0075058E+001, 2.0078056E+001, 2.0082425E+001, 2.0085227E+001, 2.0089565E+001, 2.0092611E+001, 2.0097589E+001, 2.0101187E+001, 2.0106825E+001, 2.0110989E+001, 2.0119042E+001, 2.1418804E+001, 4.2422044E+001, 5.2318586E+001, 6.8032960E+001, 7.4508274E+001, 5.7273960E+001, 3.9869796E+001, 2.8223626E+001, 2.4784371E+001, 2.4053602E+001, 2.7690228E+001, 5.3491452E+001, 6.2202357E+001, 8.0954327E+001, 1.0541180E+002, 1.2786512E+002, 1.2514890E+002, 1.3815831E+002, 1.6225556E+002, 2.1103516E+002, 2.1724176E+002, 2.1296687E+002, 2.0170439E+002, 1.8251393E+002, 1.7168431E+002, 1.5618227E+002, 1.3989010E+002, 1.1273186E+002, 1.2187024E+002, 1.2976278E+002, 1.5113289E+002, 1.2944569E+002, 1.0716844E+002, 9.9224012E+001, 1.0281119E+002, 1.2265643E+002, 1.2459383E+002, 1.2581986E+002, 1.8212641E+002, 2.1562633E+002, 2.2431287E+002, 2.0493321E+002, 1.9586172E+002, 1.9251361E+002, 2.0374243E+002
 4.2015062E+001, 2.0000223E+001, 2.0000591E+001, 2.0001195E+001, 2.0001617E+001, 2.0002247E+001, 2.0002706E+001, 2.0003593E+001, 2.0004250E+001, 2.0005191E+001, 2.0005772E+001, 2.0006760E+001, 2.0007576E+001, 2.0008932E+001, 2.0009848E+001, 2.0011412E+001, 2.0012658E+001, 2.0014678E+001, 2.0016026E+001, 2.0017976E+001, 2.0019254E+001, 2.0021266E+001, 2.0022726E+001, 2.0024998E+001, 2.0026552E+001, 2.0028970E+001, 2.0030644E+001, 2.0033267E+001, 2.0035086E+001, 2.0038018E+001, 2.0040138E+001, 2.0043497E+001, 2.0045779E+001, 2.0049211E+001, 2.0051484E+001, 2.0054922E+001, 2.0057383E+001, 2.0061403E+001, 2.0064225E+001, 2.0068517E+001, 2.0071366E+001, 2.0075531E+001, 2.0078240E+001, 2.0082383E+001, 2.0085357E+001, 2.0090224E+001, 2.0093752E+001, 2.0099809E+001, 2.0104673E+001, 2.0326007E+001, 3.2434189E+001, 3.5193107E+001, 3.9120490E+001, 4.2390337E+001, 3.9797635E+001, 3.2658818E+001, 2.9533425E+001, 2.7324034E+001, 2.6831089E+001, 2.8308946E+001, 3.8693080E+001, 8.3164206E+001, 1.2085512E+002, 1.7463854E+002, 1.8961569E+002, 2.0215882E+002, 2.0296733E+002, 1.9565833E+002, 1.9032772E+002, 1.8140054E+002, 1.7456177E+002, 1.6626309E+002, 1.6101371E+002, 1.5407423E+002, 1.4919802E+002, 1.4048290E+002, 1.3528327E+002, 1.6093542E+002, 1.6326929E+002, 1.6758654E+002, 1.6038127E+002, 1.4942952E+002, 1.4828224E+002, 1.3760143E+002, 1.3420899E+002, 1.4574626E+002, 1.5559267E+002, 2.0179393E+002, 2.0827556E+002, 2.0094520E+002, 1.9343563E+002, 1.8252025E+002, 1.6826709E+002, 1.7093328E+002, 2.0342474E+002, 2.4932157E+002, 2.4489682E+002, 2.3369058E+002, 2.1705516E+002, 2.1533355E+002, 2.4313730E+002, 2.7382789E+002, 2.9653510E+002, 2.8753464E+002, 2.5068178E+002, 2.1296122E+002, 2.0352094E+002, 1.9390208E+002, 1.8967575E+002, 1.8749113E+002, 1.9185794E+002, 2.0994555E+002, 2.0356348E+002, 2.1361022E+002, 2.1611377E+002, 2.1622538E+002, 2.1044530E+002, 2.0017523E+002, 1.9444870E+002, 1.8748311E+002, 1.8344356E+002, 1.7450208E+002, 1.6789671E+002, 1.5721406E+002, 1.4501994E+002, 1.2796873E+002, 1.1918168E+002, 1.1361722E+002, 1.2828632E+002, 1.5839467E+002, 1.6647684E+002, 1.6893811E+002, 1.7320806E+002, 1.7943549E+002, 1.8009611E+002, 1.7044305E+002, 1.6623921E+002, 1.6205032E+002, 1.6723346E+002, 1.7309694E+002, 1.7166064E+002, 1.6461080E+002, 1.5523425E+002, 1.3816257E+002, 1.2714717E+002, 1.1635226E+002, 1.1707761E+002, 1.2340931E+002, 1.2537184E+002, 1.2497813E+002, 1.2572130E+002, 1.2828592E+002, 1.3056975E+002, 1.3406144E+002, 1.3587474E+002, 1.3762900E+002, 1.3826002E+002, 1.3837841E+002, 1.3791972E+002, 1.3623039E+002, 1.3445176E+002, 2.0000225E+001, 2.0000596E+001, 2.0001201E+001, 2.0001633E+001, 2.0002370E+001, 2.0002844E+001, 2.0003668E+001, 2.0004351E+001, 2.0005301E+001, 2.0005904E+001, 2.0006958E+001, 2.0007770E+001, 2.0009188E+001, 2.0010121E+001, 2.0011722E+001, 2.0013013E+001, 2.0015228E+001, 2.0016715E+001, 2.0018831E+001, 2.0020176E+001, 2.0022198E+001, 2.0023719E+001, 2.0026130E+001, 2.0027803E+001, 2.0030436E+001, 2.0032232E+001, 2.0035139E+001, 2.0037135E+001, 2.0040208E+001, 2.0042419E+001, 2.0046056E+001, 2.0048523E+001, 2.0052319E+001, 2.0054848E+001, 2.0058568E+001, 2.0061060E+001, 2.0065222E+001, 2.0068252E+001, 2.0072983E+001, 2.0076166E+001, 2.0080855E+001, 2.0083916E+001, 2.0088386E+001, 2.0091446E+001, 2.0096436E+001, 2.0099987E+001, 2.0106026E+001, 2.0110472E+001, 2.0153444E+001, 3.1132735E+001, 4.4214699E+001, 5.3725563E+001, 6.9964188E+001, 6.8066534E+001, 4.7513687E+001, 3.5522020E+001, 2.6471901E+001, 2.3590414E+001, 2.4844779E+001, 3.3701786E+001, 7.2658630E+001, 1.0515837E+002, 1.5303604E+002, 1.6115111E+002, 1.7202943E+002, 1.8890958E+002, 1.9160523E+002, 1.9451146E+002, 1.9716141E+002, 1.9155087E+002, 1.8001868E+002, 1.6687048E+002, 1.6304452E+002, 1.6089239E+002, 1.4641225E+002, 1.2150691E+002, 9.2062995E+001, 1.0123380E+002, 1.0880620E+002, 1.2381956E+002, 1.2049835E+002, 1.0110369E+002, 1.0222963E+002, 1.0837288E+002, 1.2978450E+002, 1.3149513E+002, 1.8267085E+002, 2.1965970E+002, 2.1110661E+002, 2.0148213E+002, 1.9649053E+002, 1.9789453E+002, 2.1412056E+002, 2.3691310E+002
 4.3011960E+001, 2.0000265E+001, 2.0000573E+001, 2.0001122E+001, 2.0001534E+001, 2.0002200E+001, 2.0002654E+001, 2.0003365E+001, 2.0003959E+001, 2.0004961E+001, 2.0005617E+001, 2.0006536E+001, 2.0007200E+001, 2.0008433E+001, 2.0009355E+001, 2.0010758E+001, 2.0011802E+001, 2.0013682E+001, 2.0015058E+001, 2.0017129E+001, 2.0018469E+001, 2.0020428E+001, 2.0021774E+001, 2.0023981E+001, 2.0025513E+001, 2.0027869E+001, 2.0029504E+001, 2.0032051E+001, 2.0033827E+001, 2.0036599E+001, 2.0038577E+001, 2.0041794E+001, 2.0044074E+001, 2.0047561E+001, 2.0049901E+001, 2.0053397E+001, 2.0055739E+001, 2.0059514E+001, 2.0062264E+001, 2.0066624E+001, 2.0069597E+001, 2.0074083E+001, 2.0077033E+001, 2.0081408E+001, 2.0084420E+001, 2.0089357E+001, 2.0093104E+001, 2.0099703E+001, 2.0105445E+001, 2.5811467E+001, 3.2841555E+001, 3.4681782E+001, 3.9542201E+001, 4.1242967E+001, 3.8025284E+001, 3.2062763E+001, 2.9515173E+001, 2.6402917E+001, 2.6131529E+001, 6.5037511E+001, 1.3258367E+002, 1.8317968E+002, 1.9128072E+002, 1.8886980E+002, 1.8158635E+002, 1.7274920E+002, 1.6913758E+002, 1.6614612E+002, 1.6428569E+002, 1.5813679E+002, 1.5372460E+002, 1.4711004E+002, 1.4448275E+002, 1.3912259E+002, 1.3445462E+002, 1.2556896E+002, 1.2718851E+002, 1.5410744E+002, 1.5652326E+002, 1.5327359E+002, 1.4901767E+002, 1.4410977E+002, 1.3828497E+002, 1.3326661E+002, 1.4527033E+002, 1.7072472E+002, 1.9177757E+002, 1.9458432E+002, 1.8764036E+002, 1.8306239E+002, 1.8050751E+002, 1.6464292E+002, 1.9141238E+002, 2.2700554E+002, 2.1848700E+002, 2.1630074E+002, 2.1583482E+002, 2.4081329E+002, 2.6991782E+002, 2.9427648E+002, 2.9779731E+002, 2.8005489E+002, 2.6633055E+002, 2.4825816E+002, 2.7869113E+002, 2.1880831E+002, 2.1748835E+002, 2.0367168E+002, 1.8566378E+002, 1.8223719E+002, 1.8087158E+002, 1.8072403E+002, 1.9218709E+002, 1.9429577E+002, 1.6951027E+002, 2.2073692E+002, 2.1830226E+002, 2.1230816E+002, 2.1070400E+002, 2.0470931E+002, 2.0055576E+002, 1.9494962E+002, 1.9092975E+002, 1.8427064E+002, 1.8020984E+002, 1.7519585E+002, 1.7139546E+002, 1.6390386E+002, 1.5355607E+002, 1.3421447E+002, 1.3148787E+002, 1.3775455E+002, 1.5328591E+002, 1.6661942E+002, 1.7024138E+002, 1.7512738E+002, 1.7752310E+002, 1.7757405E+002, 1.7035730E+002, 1.6190846E+002, 1.6229510E+002, 1.7196244E+002, 1.7265472E+002, 1.6983931E+002, 1.6670684E+002, 1.5865308E+002, 1.4976765E+002, 1.3272057E+002, 1.2426089E+002, 1.1962295E+002, 1.2207007E+002, 1.2258965E+002, 1.2259164E+002, 1.2379572E+002, 1.2519496E+002, 1.2754316E+002, 1.2875709E+002, 1.3058576E+002, 1.3199441E+002, 1.3408816E+002, 1.3463237E+002, 2.0000285E+001, 2.0000597E+001, 2.0001140E+001, 2.0001558E+001, 2.0002260E+001, 2.0002793E+001, 2.0003550E+001, 2.0004082E+001, 2.0005113E+001, 2.0005784E+001, 2.0006740E+001, 2.0007457E+001, 2.0008703E+001, 2.0009677E+001, 2.0011133E+001, 2.0012178E+001, 2.0014137E+001, 2.0015642E+001, 2.0017931E+001, 2.0019399E+001, 2.0021490E+001, 2.0022835E+001, 2.0025125E+001, 2.0026750E+001, 2.0029262E+001, 2.0031057E+001, 2.0033791E+001, 2.0035762E+001, 2.0038805E+001, 2.0040876E+001, 2.0044232E+001, 2.0046694E+001, 2.0050453E+001, 2.0053030E+001, 2.0056899E+001, 2.0059443E+001, 2.0063271E+001, 2.0066101E+001, 2.0070730E+001, 2.0073981E+001, 2.0078929E+001, 2.0082209E+001, 2.0087069E+001, 2.0090267E+001, 2.0095211E+001, 2.0098941E+001, 2.0105276E+001, 2.0110604E+001, 2.3464073E+001, 3.8499324E+001, 4.4769040E+001, 5.6380338E+001, 6.7880677E+001, 5.8893709E+001, 4.1678835E+001, 3.4012768E+001, 2.5742297E+001, 2.3329304E+001, 4.6994146E+001, 1.1236019E+002, 1.6591731E+002, 1.7591562E+002, 1.8547186E+002, 1.8561198E+002, 1.7793437E+002, 1.7313422E+002, 1.7046179E+002, 1.7586281E+002, 1.8086435E+002, 1.7780897E+002, 1.6905473E+002, 1.6958496E+002, 1.6996397E+002, 1.6558096E+002, 1.2508170E+002, 1.0119053E+002, 9.7480794E+001, 9.4504576E+001, 9.7157700E+001, 1.0854625E+002, 1.1767822E+002, 1.0673401E+002, 1.1526868E+002, 1.2551315E+002, 1.3966799E+002, 1.4550264E+002, 2.0999450E+002, 2.0304888E+002, 1.9022024E+002, 1.9526058E+002, 2.0601578E+002, 2.1523148E+002, 2.2877290E+002, 2.3333210E+002
 4.4012384E+001, 2.0000282E+001, 2.0000656E+001, 2.0001169E+001, 2.0001548E+001, 2.0002186E+001, 2.0002658E+001, 2.0003391E+001, 2.0003885E+001, 2.0004794E+001, 2.0005482E+001, 2.0006501E+001, 2.0007143E+001, 2.0008184E+001, 2.0009032E+001, 2.0010437E+001, 2.0011395E+001, 2.0013003E+001, 2.0014288E+001, 2.0016395E+001, 2.0017815E+001, 2.0019889E+001, 2.0021226E+001, 2.0023297E+001, 2.0024795E+001, 2.0027132E+001, 2.0028733E+001, 2.0031231E+001, 2.0032963E+001, 2.0035684E+001, 2.0037575E+001, 2.0040610E+001, 2.0042805E+001, 2.0046298E+001, 2.0048681E+001, 2.0052290E+001, 2.0054695E+001, 2.0058346E+001, 2.0060949E+001, 2.0065231E+001, 2.0068268E+001, 2.0072968E+001, 2.0076149E+001, 2.0080925E+001, 2.0084126E+001, 2.0089266E+001, 2.0093230E+001, 2.0100673E+001, 2.0122216E+001, 2.9706533E+001, 3.0285315E+001, 3.7899426E+001, 4.0769123E+001, 3.7910797E+001, 3.4077659E+001, 2.9951440E+001, 2.7108517E+001, 3.9106179E+001, 1.0717772E+002, 1.8289321E+002, 1.8438378E+002, 1.7147363E+002, 1.6394340E+002, 1.5972055E+002, 1.5886154E+002, 1.5634097E+002, 1.5414517E+002, 1.5099219E+002, 1.4978087E+002, 1.4890349E+002, 1.4816538E+002, 1.4397143E+002, 1.4140284E+002, 1.3374940E+002, 1.2132179E+002, 1.1987580E+002, 1.2344603E+002, 1.4819514E+002, 1.4964092E+002, 1.4357012E+002, 1.4175791E+002, 1.3286475E+002, 1.3528400E+002, 1.6439511E+002, 1.7735388E+002, 1.8902047E+002, 1.8795939E+002, 1.7834426E+002, 1.8121346E+002, 1.7127689E+002, 1.8608854E+002, 2.2212426E+002, 2.1299552E+002, 2.2594176E+002, 2.5488819E+002, 2.7257933E+002, 2.8392231E+002, 2.7537703E+002, 2.7236277E+002, 2.6719381E+002, 2.4705841E+002, 2.3688208E+002, 2.3100652E+002, 2.3469989E+002, 2.6048401E+002, 2.4548122E+002, 2.2053248E+002, 2.0639103E+002, 1.8196907E+002, 1.7111914E+002, 1.7196130E+002, 1.7514602E+002, 1.7642920E+002, 1.8332494E+002, 1.8621187E+002, 1.7107626E+002, 2.0396324E+002, 2.0889384E+002, 2.0911525E+002, 1.9801110E+002, 1.9391414E+002, 1.8849591E+002, 1.8834464E+002, 1.8791904E+002, 1.8967929E+002, 1.9159245E+002, 1.9119420E+002, 1.8738462E+002, 1.8369750E+002, 1.7762602E+002, 1.7369632E+002, 1.6602567E+002, 1.4942590E+002, 1.4065067E+002, 1.4490748E+002, 1.6543879E+002, 1.6829082E+002, 1.6832749E+002, 1.6987071E+002, 1.7504467E+002, 1.7512535E+002, 1.6402875E+002, 1.6098537E+002, 1.6679896E+002, 1.7151786E+002, 1.7012193E+002, 1.6775330E+002, 1.6369131E+002, 1.6064872E+002, 1.5249631E+002, 1.4126006E+002, 1.2727257E+002, 1.2044420E+002, 1.2074522E+002, 1.2107390E+002, 1.2192037E+002, 1.2319702E+002, 1.2460097E+002, 1.2516595E+002, 1.2511130E+002, 1.2502117E+002, 2.0000301E+001, 2.0000701E+001, 2.0001222E+001, 2.0001586E+001, 2.0002210E+001, 2.0002710E+001, 2.0003572E+001, 2.0004111E+001, 2.0004947E+001, 2.0005665E+001, 2.0006711E+001, 2.0007385E+001, 2.0008487E+001, 2.0009356E+001, 2.0010817E+001, 2.0011841E+001, 2.0013474E+001, 2.0014803E+001, 2.0017103E+001, 2.0018675E+001, 2.0020955E+001, 2.0022403E+001, 2.0024502E+001, 2.0026060E+001, 2.0028539E+001, 2.0030243E+001, 2.0032980E+001, 2.0034819E+001, 2.0037829E+001, 2.0039905E+001, 2.0043074E+001, 2.0045376E+001, 2.0049123E+001, 2.0051685E+001, 2.0055643E+001, 2.0058296E+001, 2.0062244E+001, 2.0064877E+001, 2.0069246E+001, 2.0072442E+001, 2.0077557E+001, 2.0081029E+001, 2.0086273E+001, 2.0089776E+001, 2.0095063E+001, 2.0098932E+001, 2.0105849E+001, 2.0114420E+001, 3.2346714E+001, 3.5786530E+001, 5.0804157E+001, 5.9954914E+001, 5.8032055E+001, 4.5041001E+001, 3.2545476E+001, 2.8523778E+001, 2.7797562E+001, 7.9495323E+001, 1.7425427E+002, 1.8208003E+002, 1.7735861E+002, 1.7118748E+002, 1.6466295E+002, 1.6201392E+002, 1.6012622E+002, 1.5602952E+002, 1.4611516E+002, 1.4130774E+002, 1.4981960E+002, 1.6045669E+002, 1.7011594E+002, 1.6731015E+002, 1.5118273E+002, 1.3180615E+002, 9.4881400E+001, 7.8440759E+001, 1.0209779E+002, 9.4988527E+001, 1.0188466E+002, 1.0753246E+002, 1.2099273E+002, 1.2151426E+002, 1.3829225E+002, 1.4009009E+002, 1.7164012E+002, 1.9300996E+002, 1.9201645E+002, 1.8571021E+002, 2.0089880E+002, 2.0457456E+002, 2.2073611E+002, 2.2434015E+002, 2.3315968E+002, 2.3919256E+002
 4.5003344E+001, 2.0000211E+001, 2.0000543E+001, 2.0001124E+001, 2.0001491E+001, 2.0002066E+001, 2.0002493E+001, 2.0003221E+001, 2.0003743E+001, 2.0004525E+001, 2.0005126E+001, 2.0006165E+001, 2.0006868E+001, 2.0007885E+001, 2.0008583E+001, 2.0009851E+001, 2.0010799E+001, 2.0012263E+001, 2.0013330E+001, 2.0015242E+001, 2.0016670E+001, 2.0018851E+001, 2.0020280E+001, 2.0022350E+001, 2.0023743E+001, 2.0026001E+001, 2.0027579E+001, 2.0030016E+001, 2.0031706E+001, 2.0034347E+001, 2.0036191E+001, 2.0039084E+001, 2.0041135E+001, 2.0044474E+001, 2.0046852E+001, 2.0050522E+001, 2.0053008E+001, 2.0056750E+001, 2.0059278E+001, 2.0063330E+001, 2.0066292E+001, 2.0071057E+001, 2.0074403E+001, 2.0079572E+001, 2.0083088E+001, 2.0088569E+001, 2.0092669E+001, 2.0100554E+001, 2.0280106E+001, 2.8532688E+001, 3.2014811E+001, 3.4127132E+001, 3.4142051E+001, 3.1527231E+001, 2.9197120E+001, 3.3080937E+001, 7.3012344E+001, 1.6895880E+002, 1.7922653E+002, 1.6331307E+002, 1.5417911E+002, 1.5308362E+002, 1.5111020E+002, 1.4624098E+002, 1.4320135E+002, 1.4126135E+002, 1.4048933E+002, 1.3843510E+002, 1.3770561E+002, 1.4289611E+002, 1.4440084E+002, 1.4112311E+002, 1.3229755E+002, 1.1708261E+002, 1.1198720E+002, 1.1610494E+002, 1.2001981E+002, 1.4293525E+002, 1.4053973E+002, 1.3703334E+002, 1.3367570E+002, 1.4864080E+002, 1.6864838E+002, 1.7475138E+002, 1.7999606E+002, 1.7927752E+002, 1.8113711E+002, 1.7891959E+002, 1.8679420E+002, 2.1756434E+002, 2.2136693E+002, 2.2361063E+002, 2.6752555E+002, 2.7228452E+002, 2.6749842E+002, 2.5998533E+002, 2.6048827E+002, 2.6541032E+002, 2.4199782E+002, 2.2151200E+002, 2.2480912E+002, 2.1851916E+002, 2.1862778E+002, 2.1936576E+002, 2.2937234E+002, 2.3010961E+002, 2.0808284E+002, 2.0528425E+002, 1.7510709E+002, 1.7130278E+002, 1.7640796E+002, 1.7462707E+002, 1.7262481E+002, 1.7049684E+002, 1.7267359E+002, 1.7068457E+002, 1.5903734E+002, 1.7426495E+002, 1.9538581E+002, 1.9669248E+002, 1.8992057E+002, 1.7715491E+002, 1.7644613E+002, 1.7035824E+002, 1.6337282E+002, 1.6182111E+002, 1.6338850E+002, 1.6894057E+002, 1.7338247E+002, 1.7964136E+002, 1.8246489E+002, 1.8468894E+002, 1.8445357E+002, 1.8011203E+002, 1.7440760E+002, 1.5483491E+002, 1.5267196E+002, 1.5330380E+002, 1.4811247E+002, 1.4214025E+002, 1.4786957E+002, 1.6084319E+002, 1.6866337E+002, 1.6681542E+002, 1.6094404E+002, 1.6130766E+002, 1.6785343E+002, 1.7022997E+002, 1.6958938E+002, 1.6595912E+002, 1.6270429E+002, 1.5805314E+002, 1.5374705E+002, 1.3693451E+002, 1.2574347E+002, 1.1891417E+002, 1.1992598E+002, 1.2119633E+002, 1.2194556E+002, 1.2202474E+002, 1.2202530E+002, 2.0000237E+001, 2.0000577E+001, 2.0001189E+001, 2.0001561E+001, 2.0002128E+001, 2.0002536E+001, 2.0003300E+001, 2.0003906E+001, 2.0004782E+001, 2.0005336E+001, 2.0006393E+001, 2.0007117E+001, 2.0008190E+001, 2.0008935E+001, 2.0010247E+001, 2.0011231E+001, 2.0012785E+001, 2.0013865E+001, 2.0015818E+001, 2.0017377E+001, 2.0019795E+001, 2.0021368E+001, 2.0023623E+001, 2.0025059E+001, 2.0027376E+001, 2.0029059E+001, 2.0031644E+001, 2.0033501E+001, 2.0036331E+001, 2.0038351E+001, 2.0041527E+001, 2.0043675E+001, 2.0047157E+001, 2.0049701E+001, 2.0053629E+001, 2.0056334E+001, 2.0060440E+001, 2.0063173E+001, 2.0067297E+001, 2.0070307E+001, 2.0075292E+001, 2.0078890E+001, 2.0084471E+001, 2.0088291E+001, 2.0094169E+001, 2.0098239E+001, 2.0105988E+001, 2.0146075E+001, 3.3714847E+001, 3.9021692E+001, 4.3845568E+001, 5.1421361E+001, 4.8771207E+001, 3.8775934E+001, 2.8539194E+001, 4.0719506E+001, 1.3914709E+002, 1.7857924E+002, 1.6792420E+002, 1.6114501E+002, 1.5633523E+002, 1.5366904E+002, 1.4659678E+002, 1.3972573E+002, 1.2925518E+002, 1.2349080E+002, 1.1381601E+002, 1.0735199E+002, 1.0571042E+002, 1.2924475E+002, 1.5508863E+002, 1.4077729E+002, 1.0477384E+002, 1.0993033E+002, 8.3742125E+001, 7.5456557E+001, 9.9375707E+001, 1.0319914E+002, 1.1321771E+002, 1.1606646E+002, 1.3726587E+002, 1.4886359E+002, 1.4577413E+002, 1.6903007E+002, 1.8586438E+002, 1.8496599E+002, 1.9420847E+002, 2.0176356E+002, 2.1142029E+002, 2.3430442E+002, 2.4481043E+002, 2.6088971E+002, 2.4909850E+002, 2.6581504E+002
 4.6003156E+001, 2.0000279E+001, 2.0000611E+001, 2.0001143E+001, 2.0001548E+001, 2.0002136E+001, 2.0002539E+001, 2.0003205E+001, 2.0003721E+001, 2.0004552E+001, 2.0005099E+001, 2.0006042E+001, 2.0006759E+001, 2.0007844E+001, 2.0008549E+001, 2.0009652E+001, 2.0010542E+001, 2.0011997E+001, 2.0012996E+001, 2.0014663E+001, 2.0015983E+001, 2.0018176E+001, 2.0019671E+001, 2.0021872E+001, 2.0023287E+001, 2.0025443E+001, 2.0026990E+001, 2.0029407E+001, 2.0031074E+001, 2.0033675E+001, 2.0035489E+001, 2.0038339E+001, 2.0040334E+001, 2.0043526E+001, 2.0045841E+001, 2.0049535E+001, 2.0052080E+001, 2.0055968E+001, 2.0058584E+001, 2.0062606E+001, 2.0065490E+001, 2.0070273E+001, 2.0073715E+001, 2.0079254E+001, 2.0083119E+001, 2.0089284E+001, 2.0093936E+001, 2.0106698E+001, 2.3127462E+001, 2.8661788E+001, 2.9118620E+001, 3.0750499E+001, 3.7999249E+001, 6.8720173E+001, 1.0286777E+002, 1.6320958E+002, 1.7171724E+002, 1.5908746E+002, 1.4828827E+002, 1.4195822E+002, 1.3901833E+002, 1.3606662E+002, 1.3443022E+002, 1.3078233E+002, 1.2739785E+002, 1.2314593E+002, 1.2179226E+002, 1.2202929E+002, 1.2609810E+002, 1.3155459E+002, 1.3065223E+002, 1.1864333E+002, 1.1194562E+002, 1.0733055E+002, 1.0493020E+002, 1.1739456E+002, 1.3214620E+002, 1.3495637E+002, 1.3175247E+002, 1.4110389E+002, 1.5731658E+002, 1.6582224E+002, 1.7011285E+002, 1.7580375E+002, 1.7873801E+002, 1.8276970E+002, 1.9585811E+002, 2.1984148E+002, 2.2362172E+002, 2.0757418E+002, 2.3584373E+002, 2.5632627E+002, 2.5811429E+002, 2.5929788E+002, 2.5750573E+002, 2.5731809E+002, 2.5126091E+002, 2.1566964E+002, 2.3357523E+002, 2.4027663E+002, 2.1378058E+002, 2.0987741E+002, 2.1196020E+002, 2.0219684E+002, 2.0327217E+002, 2.0285832E+002, 1.9655232E+002, 2.0726582E+002, 1.9918659E+002, 1.7093339E+002, 1.7246086E+002, 1.8590373E+002, 1.8853687E+002, 1.9693604E+002, 1.9824429E+002, 1.8728427E+002, 1.7689221E+002, 1.6889620E+002, 1.5274431E+002, 1.7179182E+002, 1.9182572E+002, 1.8583426E+002, 1.7875549E+002, 1.7246810E+002, 1.6779945E+002, 1.5715688E+002, 1.5189648E+002, 1.5329120E+002, 1.5868657E+002, 1.6042261E+002, 1.6012236E+002, 1.6267229E+002, 1.6457164E+002, 1.6604078E+002, 1.6826557E+002, 1.7486022E+002, 1.7704850E+002, 1.7054742E+002, 1.6020662E+002, 1.4023795E+002, 1.2936235E+002, 1.2778812E+002, 1.3094445E+002, 1.4056761E+002, 1.5063503E+002, 1.6307703E+002, 1.6105148E+002, 1.5760549E+002, 1.6165593E+002, 1.6834795E+002, 1.6986922E+002, 1.6854439E+002, 1.6575024E+002, 1.5981604E+002, 1.5592944E+002, 1.4237533E+002, 1.2861939E+002, 1.1697078E+002, 1.1911172E+002, 1.2361023E+002, 1.2166538E+002, 2.0000287E+001, 2.0000652E+001, 2.0001207E+001, 2.0001632E+001, 2.0002219E+001, 2.0002629E+001, 2.0003268E+001, 2.0003806E+001, 2.0004771E+001, 2.0005395E+001, 2.0006283E+001, 2.0007026E+001, 2.0008140E+001, 2.0008897E+001, 2.0010043E+001, 2.0010994E+001, 2.0012516E+001, 2.0013577E+001, 2.0015266E+001, 2.0016625E+001, 2.0019010E+001, 2.0020673E+001, 2.0023104E+001, 2.0024655E+001, 2.0026885E+001, 2.0028482E+001, 2.0031039E+001, 2.0032814E+001, 2.0035641E+001, 2.0037588E+001, 2.0040683E+001, 2.0042885E+001, 2.0046208E+001, 2.0048633E+001, 2.0052555E+001, 2.0055271E+001, 2.0059491E+001, 2.0062353E+001, 2.0066660E+001, 2.0069547E+001, 2.0074416E+001, 2.0077988E+001, 2.0083908E+001, 2.0088024E+001, 2.0094627E+001, 2.0099400E+001, 2.0109324E+001, 2.2128524E+001, 3.3614789E+001, 3.3590713E+001, 4.2279911E+001, 4.7755848E+001, 4.2201758E+001, 4.2635352E+001, 1.1062650E+002, 1.5752479E+002, 1.6171014E+002, 1.5344897E+002, 1.4544497E+002, 1.4077125E+002, 1.3457223E+002, 1.2999720E+002, 1.2278286E+002, 1.1724177E+002, 1.0704517E+002, 1.0166948E+002, 9.6747051E+001, 9.2516171E+001, 8.9529129E+001, 1.0333212E+002, 1.0909257E+002, 9.7515672E+001, 8.6055252E+001, 8.7727587E+001, 7.5235164E+001, 8.3773243E+001, 1.0145283E+002, 1.1843656E+002, 1.2441944E+002, 1.4751748E+002, 1.5218576E+002, 1.5932916E+002, 1.7911313E+002, 1.8263772E+002, 1.8876531E+002, 1.9629689E+002, 2.0971018E+002, 2.3372311E+002, 2.5742314E+002, 2.6923307E+002, 2.5788310E+002, 2.4802468E+002, 2.4708358E+002, 2.6638963E+002
 4.7009122E+001, 2.0000315E+001, 2.0000666E+001, 2.0001221E+001, 2.0001589E+001, 2.0002223E+001, 2.0002640E+001, 2.0003272E+001, 2.0003727E+001, 2.0004539E+001, 2.0005131E+001, 2.0006003E+001, 2.0006653E+001, 2.0007756E+001, 2.0008503E+001, 2.0009605E+001, 2.0010356E+001, 2.0011727E+001, 2.0012725E+001, 2.0014261E+001, 2.0015391E+001, 2.0017417E+001, 2.0018921E+001, 2.0021218E+001, 2.0022727E+001, 2.0024912E+001, 2.0026373E+001, 2.0028744E+001, 2.0030386E+001, 2.0032947E+001, 2.0034721E+001, 2.0037517E+001, 2.0039471E+001, 2.0042565E+001, 2.0044765E+001, 2.0048370E+001, 2.0050932E+001, 2.0054916E+001, 2.0057641E+001, 2.0061796E+001, 2.0064668E+001, 2.0069356E+001, 2.0072858E+001, 2.0078643E+001, 2.0082905E+001, 2.0089940E+001, 2.0095224E+001, 2.0652489E+001, 2.5283775E+001, 4.3419468E+001, 6.8609924E+001, 1.0928691E+002, 1.2811217E+002, 1.4172456E+002, 1.5338150E+002, 1.5455733E+002, 1.4631954E+002, 1.3489617E+002, 1.3157069E+002, 1.2741653E+002, 1.2419174E+002, 1.1914210E+002, 1.1657622E+002, 1.1469155E+002, 1.1376277E+002, 1.1069153E+002, 1.0760111E+002, 1.0413566E+002, 1.0528676E+002, 1.1150173E+002, 1.0969096E+002, 1.0683956E+002, 1.0406891E+002, 1.0111664E+002, 1.0449901E+002, 1.2481577E+002, 1.3005008E+002, 1.3660124E+002, 1.4642793E+002, 1.6108917E+002, 1.6444133E+002, 1.7156493E+002, 1.7690142E+002, 1.8968540E+002, 1.9902188E+002, 2.1703501E+002, 2.1903356E+002, 2.1663971E+002, 2.1832049E+002, 2.4416481E+002, 2.4815287E+002, 2.4959506E+002, 2.5049325E+002, 2.5013743E+002, 2.4746299E+002, 2.2913149E+002, 2.2275297E+002, 2.4689546E+002, 2.4595783E+002, 2.2214412E+002, 2.1340860E+002, 2.0395608E+002, 2.0160272E+002, 1.9559519E+002, 1.9660152E+002, 1.9942408E+002, 1.8859539E+002, 1.6451196E+002, 1.6178403E+002, 1.7008943E+002, 1.7919718E+002, 1.7652822E+002, 1.6804660E+002, 1.6872872E+002, 1.7876811E+002, 2.0066717E+002, 2.1175217E+002, 2.0251652E+002, 1.9196247E+002, 1.7684940E+002, 1.6205868E+002, 1.7074445E+002, 1.7834518E+002, 1.7763138E+002, 1.7757424E+002, 1.7394366E+002, 1.6767409E+002, 1.5632658E+002, 1.5453255E+002, 1.7756444E+002, 1.8559464E+002, 1.8014266E+002, 1.7545380E+002, 1.7148231E+002, 1.7004366E+002, 1.6460146E+002, 1.6324172E+002, 1.6438203E+002, 1.6486928E+002, 1.6963581E+002, 1.6655363E+002, 1.4498328E+002, 1.2994905E+002, 1.2538378E+002, 1.2795064E+002, 1.3037481E+002, 1.3565130E+002, 1.4871300E+002, 1.5276667E+002, 1.5463796E+002, 1.5716587E+002, 1.6506826E+002, 1.6796817E+002, 1.6909965E+002, 1.6814660E+002, 1.6302948E+002, 1.5853240E+002, 1.4582377E+002, 1.3088758E+002, 1.2085863E+002, 1.2990968E+002, 2.0000307E+001, 2.0000691E+001, 2.0001309E+001, 2.0001677E+001, 2.0002345E+001, 2.0002759E+001, 2.0003400E+001, 2.0003828E+001, 2.0004665E+001, 2.0005372E+001, 2.0006372E+001, 2.0006968E+001, 2.0008116E+001, 2.0008869E+001, 2.0010070E+001, 2.0010838E+001, 2.0012301E+001, 2.0013351E+001, 2.0014989E+001, 2.0016136E+001, 2.0018207E+001, 2.0019844E+001, 2.0022399E+001, 2.0024071E+001, 2.0026482E+001, 2.0027994E+001, 2.0030450E+001, 2.0032190E+001, 2.0034931E+001, 2.0036849E+001, 2.0039858E+001, 2.0041956E+001, 2.0045356E+001, 2.0047613E+001, 2.0051380E+001, 2.0054100E+001, 2.0058340E+001, 2.0061273E+001, 2.0065775E+001, 2.0068841E+001, 2.0073539E+001, 2.0077049E+001, 2.0083035E+001, 2.0087541E+001, 2.0094922E+001, 2.0100690E+001, 2.0518295E+001, 2.6579423E+001, 4.1609133E+001, 5.7529190E+001, 6.6886428E+001, 6.5832315E+001, 7.0944560E+001, 9.3673752E+001, 1.3569359E+002, 1.4680894E+002, 1.3859519E+002, 1.3392598E+002, 1.2922856E+002, 1.2467827E+002, 1.1571024E+002, 1.1044640E+002, 1.0519330E+002, 1.0301716E+002, 1.0141170E+002, 9.9085754E+001, 8.8336265E+001, 7.9114814E+001, 7.4143023E+001, 7.5513477E+001, 8.0173044E+001, 8.0377268E+001, 7.1985461E+001, 7.9990178E+001, 8.2305927E+001, 1.0527773E+002, 1.1882113E+002, 1.3109176E+002, 1.5277314E+002, 1.6255491E+002, 1.7299899E+002, 1.7935586E+002, 1.8724947E+002, 1.9578578E+002, 2.1912070E+002, 2.3329894E+002, 2.5714389E+002, 2.5865103E+002, 2.5270719E+002, 2.4544691E+002, 2.4119059E+002, 2.3627302E+002, 2.4270503E+002, 2.5314017E+002
 4.8011200E+001, 2.0000526E+001, 2.0001012E+001, 2.0001614E+001, 2.0002005E+001, 2.0002646E+001, 2.0003101E+001, 2.0003775E+001, 2.0004233E+001, 2.0005011E+001, 2.0005625E+001, 2.0006574E+001, 2.0007204E+001, 2.0008298E+001, 2.0009079E+001, 2.0010249E+001, 2.0011017E+001, 2.0012318E+001, 2.0013318E+001, 2.0014887E+001, 2.0015980E+001, 2.0017882E+001, 2.0019363E+001, 2.0021725E+001, 2.0023305E+001, 2.0025619E+001, 2.0027112E+001, 2.0029463E+001, 2.0031131E+001, 2.0033713E+001, 2.0035511E+001, 2.0038327E+001, 2.0040304E+001, 2.0043429E+001, 2.0045641E+001, 2.0049240E+001, 2.0051846E+001, 2.0055972E+001, 2.0058831E+001, 2.0063252E+001, 2.0066286E+001, 2.0071198E+001, 2.0074930E+001, 2.0081296E+001, 2.0086238E+001, 2.0094982E+001, 2.0110705E+001, 4.4963717E+001, 8.9206436E+001, 1.2620182E+002, 1.2652256E+002, 1.2721851E+002, 1.2876716E+002, 1.3536630E+002, 1.3489178E+002, 1.2663662E+002, 1.2202686E+002, 1.1625832E+002, 1.1313601E+002, 1.1022910E+002, 1.0902196E+002, 1.0632277E+002, 1.0353151E+002, 9.9149985E+001, 9.6575371E+001, 9.2263223E+001, 9.0207054E+001, 9.3961596E+001, 9.8938897E+001, 9.9237774E+001, 1.0072395E+002, 9.8148841E+001, 9.7311363E+001, 1.1031183E+002, 1.2418229E+002, 1.3831941E+002, 1.5016795E+002, 1.5864969E+002, 1.6313067E+002, 1.7512366E+002, 1.8479286E+002, 2.0212682E+002, 2.1190987E+002, 2.1273054E+002, 2.1354151E+002, 2.2185003E+002, 2.3296868E+002, 2.3838269E+002, 2.3999321E+002, 2.4117517E+002, 2.4234727E+002, 2.4308597E+002, 2.4074658E+002, 2.2796634E+002, 2.2102211E+002, 2.4747385E+002, 2.5123330E+002, 2.4035315E+002, 2.3167535E+002, 2.1863724E+002, 1.9991002E+002, 1.9160745E+002, 1.8662200E+002, 1.8423673E+002, 1.9357165E+002, 2.2459472E+002, 1.9092934E+002, 1.5086338E+002, 1.5611007E+002, 2.5657652E+002, 2.7316201E+002, 2.6755897E+002, 2.5953417E+002, 2.5201605E+002, 2.4965450E+002, 2.3247299E+002, 2.1544889E+002, 2.0264776E+002, 1.8944123E+002, 1.9831433E+002, 1.9471449E+002, 1.7692603E+002, 1.6537725E+002, 1.6614262E+002, 1.7387005E+002, 1.9146649E+002, 1.9535173E+002, 1.9036023E+002, 1.8383095E+002, 1.6922022E+002, 1.6901669E+002, 1.7541627E+002, 1.7945954E+002, 1.7837249E+002, 1.7694190E+002, 1.7452378E+002, 1.7077898E+002, 1.6552204E+002, 1.6561685E+002, 1.6242236E+002, 1.6168370E+002, 1.6377604E+002, 1.6414404E+002, 1.5363526E+002, 1.4064470E+002, 1.2604762E+002, 1.2749450E+002, 1.3144191E+002, 1.3234280E+002, 1.3661512E+002, 1.4105074E+002, 1.4680428E+002, 1.5250047E+002, 1.6344186E+002, 1.6776174E+002, 1.7014438E+002, 1.6941543E+002, 1.6536606E+002, 1.6161488E+002, 1.5352811E+002, 1.3850826E+002, 2.0000541E+001, 2.0001007E+001, 2.0001686E+001, 2.0002114E+001, 2.0002768E+001, 2.0003245E+001, 2.0003937E+001, 2.0004386E+001, 2.0005146E+001, 2.0005817E+001, 2.0006961E+001, 2.0007637E+001, 2.0008710E+001, 2.0009534E+001, 2.0010754E+001, 2.0011598E+001, 2.0012984E+001, 2.0014034E+001, 2.0015712E+001, 2.0016882E+001, 2.0018785E+001, 2.0020341E+001, 2.0022981E+001, 2.0024733E+001, 2.0027328E+001, 2.0028965E+001, 2.0031374E+001, 2.0033163E+001, 2.0035885E+001, 2.0037862E+001, 2.0040901E+001, 2.0043013E+001, 2.0046443E+001, 2.0048827E+001, 2.0052521E+001, 2.0055281E+001, 2.0059640E+001, 2.0062693E+001, 2.0067442E+001, 2.0070724E+001, 2.0075715E+001, 2.0079430E+001, 2.0085845E+001, 2.0091025E+001, 2.0100298E+001, 2.0108728E+001, 3.9159957E+001, 7.7213065E+001, 1.0727750E+002, 1.0306777E+002, 9.0445444E+001, 9.1294498E+001, 1.1687294E+002, 1.3193752E+002, 1.3228165E+002, 1.2857887E+002, 1.2218914E+002, 1.1639593E+002, 1.0816743E+002, 1.0626526E+002, 1.0417315E+002, 1.0301717E+002, 1.0441578E+002, 1.0678520E+002, 1.0073317E+002, 8.6327551E+001, 7.1857531E+001, 6.9310441E+001, 6.3770888E+001, 6.9952020E+001, 7.3526685E+001, 7.1926745E+001, 7.8855975E+001, 1.0313518E+002, 1.2154583E+002, 1.3531407E+002, 1.5084603E+002, 1.6569675E+002, 1.7786370E+002, 1.8372017E+002, 1.9192470E+002, 2.0512537E+002, 2.3259301E+002, 2.4580420E+002, 2.5004025E+002, 2.4839329E+002, 2.4607159E+002, 2.4552189E+002, 2.4254519E+002, 2.3310618E+002, 2.1863550E+002, 2.0335990E+002, 2.1414021E+002, 2.5083715E+002
 4.9010713E+001, 2.0000601E+001, 2.0001289E+001, 2.0002022E+001, 2.0002454E+001, 2.0003108E+001, 2.0003589E+001, 2.0004321E+001, 2.0004808E+001, 2.0005567E+001, 2.0006165E+001, 2.0007182E+001, 2.0007855E+001, 2.0008923E+001, 2.0009727E+001, 2.0010956E+001, 2.0011778E+001, 2.0013041E+001, 2.0014023E+001, 2.0015631E+001, 2.0016732E+001, 2.0018539E+001, 2.0019961E+001, 2.0022345E+001, 2.0023989E+001, 2.0026431E+001, 2.0028012E+001, 2.0030375E+001, 2.0032058E+001, 2.0034685E+001, 2.0036510E+001, 2.0039368E+001, 2.0041375E+001, 2.0044551E+001, 2.0046799E+001, 2.0050430E+001, 2.0053080E+001, 2.0057367E+001, 2.0060383E+001, 2.0065129E+001, 2.0068419E+001, 2.0073772E+001, 2.0077894E+001, 2.0085389E+001, 2.0091816E+001, 2.8014087E+001, 8.3659273E+001, 1.2045807E+002, 1.2081503E+002, 1.2542636E+002, 1.2456921E+002, 1.1882443E+002, 1.1689177E+002, 1.1570797E+002, 1.1279817E+002, 1.0883852E+002, 1.0720594E+002, 1.0466803E+002, 1.0198337E+002, 9.6975164E+001, 9.5004508E+001, 9.5121092E+001, 9.5609497E+001, 9.2208417E+001, 8.7984541E+001, 8.3758270E+001, 8.7011021E+001, 9.1042325E+001, 9.1523341E+001, 9.5807829E+001, 9.4582382E+001, 1.0230938E+002, 1.2039825E+002, 1.4294465E+002, 1.5103772E+002, 1.5678227E+002, 1.6307119E+002, 1.8547693E+002, 1.9777156E+002, 2.1022138E+002, 2.1090157E+002, 2.0726257E+002, 2.1469687E+002, 2.3093501E+002, 2.3652721E+002, 2.3852709E+002, 2.3845612E+002, 2.3342023E+002, 2.3277197E+002, 2.3147749E+002, 2.2698129E+002, 2.1677002E+002, 2.1824300E+002, 2.4008241E+002, 2.5490918E+002, 2.4772437E+002, 2.3898908E+002, 2.2957702E+002, 2.1435293E+002, 1.9372623E+002, 1.8831232E+002, 1.8141924E+002, 1.9222684E+002, 2.9413248E+002, 3.7629493E+002, 2.6016434E+002, 2.1314921E+002, 2.1878109E+002, 1.7458294E+002, 2.3757687E+002, 2.3029457E+002, 2.1545592E+002, 2.1375894E+002, 2.0546493E+002, 1.9594335E+002, 1.9754660E+002, 2.0835710E+002, 2.3159456E+002, 2.4866471E+002, 2.1947342E+002, 1.8910007E+002, 1.8465825E+002, 1.8450634E+002, 1.7916398E+002, 1.7170274E+002, 1.7050556E+002, 1.8460531E+002, 2.0336200E+002, 2.0184810E+002, 1.9722922E+002, 1.9144974E+002, 1.8399948E+002, 1.7813413E+002, 1.7198774E+002, 1.6738025E+002, 1.6702912E+002, 1.6782413E+002, 1.6880772E+002, 1.6907973E+002, 1.6826995E+002, 1.6565186E+002, 1.6198141E+002, 1.6090280E+002, 1.5977718E+002, 1.6144021E+002, 1.6035007E+002, 1.5135768E+002, 1.3573193E+002, 1.2794955E+002, 1.3144608E+002, 1.3423728E+002, 1.3403208E+002, 1.3408626E+002, 1.3658994E+002, 1.4561364E+002, 1.6471487E+002, 1.6936198E+002, 1.6931119E+002, 1.6817196E+002, 1.6427406E+002, 1.6111686E+002, 2.0000626E+001, 2.0001301E+001, 2.0002053E+001, 2.0002552E+001, 2.0003229E+001, 2.0003748E+001, 2.0004505E+001, 2.0005006E+001, 2.0005756E+001, 2.0006345E+001, 2.0007526E+001, 2.0008341E+001, 2.0009410E+001, 2.0010255E+001, 2.0011504E+001, 2.0012428E+001, 2.0013786E+001, 2.0014833E+001, 2.0016560E+001, 2.0017755E+001, 2.0019606E+001, 2.0021084E+001, 2.0023679E+001, 2.0025518E+001, 2.0028267E+001, 2.0030049E+001, 2.0032569E+001, 2.0034333E+001, 2.0037129E+001, 2.0039101E+001, 2.0042208E+001, 2.0044393E+001, 2.0047813E+001, 2.0050307E+001, 2.0054088E+001, 2.0056828E+001, 2.0061369E+001, 2.0064564E+001, 2.0069627E+001, 2.0073163E+001, 2.0078735E+001, 2.0082787E+001, 2.0090184E+001, 2.0096933E+001, 2.3021933E+001, 7.0838974E+001, 1.1364389E+002, 1.1507052E+002, 1.2069905E+002, 1.2018581E+002, 1.0435080E+002, 9.8881322E+001, 1.0910505E+002, 1.1990348E+002, 1.1461159E+002, 1.0959378E+002, 1.0685231E+002, 1.0438470E+002, 1.0164476E+002, 1.0315728E+002, 1.1090705E+002, 1.1613695E+002, 1.1478038E+002, 1.0501030E+002, 8.1509594E+001, 7.0364626E+001, 6.4707507E+001, 5.9823153E+001, 7.1364645E+001, 7.4439397E+001, 8.2327416E+001, 9.8841227E+001, 1.2742928E+002, 1.3054268E+002, 1.5533034E+002, 1.7042152E+002, 1.8642187E+002, 1.9154802E+002, 1.9976959E+002, 2.1609276E+002, 2.3666797E+002, 2.3994374E+002, 2.4237093E+002, 2.4396814E+002, 2.4615642E+002, 2.4436295E+002, 2.3922292E+002, 2.2201907E+002, 1.9930789E+002, 1.8529804E+002, 1.9818504E+002, 2.4606851E+002, 2.9466982E+002, 3.1252407E+002
 5.0006784E+001, 2.0000369E+001, 2.0001089E+001, 2.0002101E+001, 2.0002617E+001, 2.0003306E+001, 2.0003780E+001, 2.0004548E+001, 2.0005067E+001, 2.0005842E+001, 2.0006385E+001, 2.0007367E+001, 2.0008092E+001, 2.0009169E+001, 2.0009939E+001, 2.0011201E+001, 2.0012057E+001, 2.0013341E+001, 2.0014254E+001, 2.0015827E+001, 2.0016947E+001, 2.0018691E+001, 2.0019984E+001, 2.0022251E+001, 2.0023922E+001, 2.0026478E+001, 2.0028166E+001, 2.0030630E+001, 2.0032295E+001, 2.0034949E+001, 2.0036792E+001, 2.0039684E+001, 2.0041706E+001, 2.0044920E+001, 2.0047196E+001, 2.0050858E+001, 2.0053517E+001, 2.0057904E+001, 2.0061072E+001, 2.0066176E+001, 2.0069823E+001, 2.0075816E+001, 2.0080512E+001, 2.0092337E+001, 2.5759549E+001, 1.0954120E+002, 1.1748057E+002, 1.2098885E+002, 1.1394716E+002, 1.0798056E+002, 1.0803142E+002, 1.0855090E+002, 1.0755002E+002, 1.0521755E+002, 1.0333345E+002, 1.0003514E+002, 9.6197859E+001, 9.0639323E+001, 9.1053103E+001, 9.6635722E+001, 9.8631973E+001, 9.5611318E+001, 9.1350404E+001, 8.4569881E+001, 8.1968921E+001, 8.3997195E+001, 8.7179765E+001, 8.8953102E+001, 9.1654692E+001, 9.3029197E+001, 1.1285835E+002, 1.4228492E+002, 1.4892340E+002, 1.5491198E+002, 1.6353299E+002, 1.9038260E+002, 2.0249345E+002, 2.0581646E+002, 2.0393305E+002, 2.1263190E+002, 2.2139677E+002, 2.3314093E+002, 2.3461230E+002, 2.3301765E+002, 2.2859953E+002, 2.2271926E+002, 2.1953413E+002, 2.1727693E+002, 2.1351327E+002, 2.0703773E+002, 2.1020618E+002, 2.2237363E+002, 2.5207782E+002, 2.4984603E+002, 2.3484987E+002, 2.3001802E+002, 2.2031219E+002, 1.9473279E+002, 1.9015425E+002, 2.2918337E+002, 2.6135591E+002, 1.7644914E+002, 3.3535835E+002, 3.2015167E+002, 2.1601662E+002, 2.3560457E+002, 2.4834204E+002, 2.1974771E+002, 2.0997384E+002, 1.9808374E+002, 1.9566863E+002, 2.0024099E+002, 2.0878604E+002, 2.2291212E+002, 2.2857966E+002, 2.2461382E+002, 2.1780365E+002, 2.0188500E+002, 1.8879767E+002, 1.9827060E+002, 2.1263373E+002, 1.8462588E+002, 1.8218349E+002, 1.8066014E+002, 1.8030972E+002, 1.7947429E+002, 1.7621919E+002, 1.7576193E+002, 1.8267970E+002, 1.9047267E+002, 1.9356674E+002, 1.8454902E+002, 1.7803694E+002, 1.7383482E+002, 1.7216873E+002, 1.6876313E+002, 1.6798869E+002, 1.6305304E+002, 1.6206481E+002, 1.6333181E+002, 1.6264528E+002, 1.6303097E+002, 1.6354979E+002, 1.6033657E+002, 1.5752967E+002, 1.5698747E+002, 1.5949567E+002, 1.6085726E+002, 1.5879965E+002, 1.4624021E+002, 1.3753710E+002, 1.3034193E+002, 1.3390625E+002, 1.3636747E+002, 1.3422421E+002, 1.3230362E+002, 1.4434671E+002, 1.6480740E+002, 1.6571525E+002, 1.6553569E+002, 1.6456787E+002, 2.0000366E+001, 2.0001128E+001, 2.0002119E+001, 2.0002655E+001, 2.0003437E+001, 2.0003933E+001, 2.0004738E+001, 2.0005276E+001, 2.0006071E+001, 2.0006606E+001, 2.0007601E+001, 2.0008473E+001, 2.0009735E+001, 2.0010488E+001, 2.0011803E+001, 2.0012684E+001, 2.0014096E+001, 2.0015077E+001, 2.0016779E+001, 2.0017981E+001, 2.0019863E+001, 2.0021208E+001, 2.0023528E+001, 2.0025393E+001, 2.0028253E+001, 2.0030161E+001, 2.0032932E+001, 2.0034680E+001, 2.0037509E+001, 2.0039451E+001, 2.0042600E+001, 2.0044798E+001, 2.0048252E+001, 2.0050717E+001, 2.0054699E+001, 2.0057409E+001, 2.0062021E+001, 2.0065345E+001, 2.0070747E+001, 2.0074620E+001, 2.0080979E+001, 2.0085659E+001, 2.0095064E+001, 2.1714486E+001, 1.0538391E+002, 1.1971001E+002, 1.2284036E+002, 1.1417302E+002, 1.0619834E+002, 1.0853044E+002, 1.1522480E+002, 1.1569657E+002, 1.1322426E+002, 1.1066826E+002, 1.0876929E+002, 1.0559222E+002, 9.9697799E+001, 1.0401499E+002, 1.1510219E+002, 1.1904503E+002, 1.1776430E+002, 1.0920432E+002, 9.1222835E+001, 8.4132624E+001, 7.1169090E+001, 6.6070271E+001, 6.1606550E+001, 6.0396264E+001, 8.0099601E+001, 9.6900617E+001, 1.3022283E+002, 1.3547519E+002, 1.5253065E+002, 1.7295766E+002, 1.9273814E+002, 1.9858983E+002, 2.0602843E+002, 2.1742087E+002, 2.3212684E+002, 2.3633813E+002, 2.4156786E+002, 2.4355668E+002, 2.4414176E+002, 2.3627428E+002, 2.0543705E+002, 1.7871709E+002, 1.8568389E+002, 1.6414867E+002, 1.6801103E+002, 2.2827292E+002, 2.7645538E+002, 3.0951118E+002, 3.0237614E+002, 2.2989991E+002
 5.1004657E+001, 2.0000270E+001, 2.0000681E+001, 2.0001746E+001, 2.0002442E+001, 2.0003278E+001, 2.0003756E+001, 2.0004511E+001, 2.0005049E+001, 2.0005866E+001, 2.0006404E+001, 2.0007259E+001, 2.0007955E+001, 2.0009097E+001, 2.0009849E+001, 2.0011063E+001, 2.0011935E+001, 2.0013268E+001, 2.0014155E+001, 2.0015602E+001, 2.0016704E+001, 2.0018447E+001, 2.0019646E+001, 2.0021684E+001, 2.0023267E+001, 2.0025869E+001, 2.0027640E+001, 2.0030276E+001, 2.0031991E+001, 2.0034623E+001, 2.0036485E+001, 2.0039404E+001, 2.0041450E+001, 2.0044692E+001, 2.0047002E+001, 2.0050709E+001, 2.0053391E+001, 2.0057826E+001, 2.0061144E+001, 2.0066656E+001, 2.0070747E+001, 2.0077796E+001, 2.0083823E+001, 4.0140358E+001, 9.6129848E+001, 1.1546674E+002, 1.1224047E+002, 1.0417547E+002, 1.0422828E+002, 1.0209720E+002, 1.0104964E+002, 9.9737044E+001, 9.8311200E+001, 9.5345987E+001, 9.3579880E+001, 9.1272364E+001, 9.0887266E+001, 9.5335227E+001, 9.8094181E+001, 9.6482808E+001, 9.2954539E+001, 8.6724558E+001, 8.2529038E+001, 8.0028661E+001, 8.0322061E+001, 8.4249397E+001, 8.5603035E+001, 8.9255218E+001, 1.0318623E+002, 1.3437772E+002, 1.4505107E+002, 1.5619165E+002, 1.7017098E+002, 1.8942055E+002, 1.9659548E+002, 2.0333262E+002, 2.0969101E+002, 2.1792192E+002, 2.2486773E+002, 2.2855690E+002, 2.2832973E+002, 2.2235252E+002, 2.1645953E+002, 2.0651566E+002, 1.9901596E+002, 1.8948451E+002, 1.8964089E+002, 1.9758332E+002, 2.0242111E+002, 2.0503610E+002, 2.3267897E+002, 2.4758815E+002, 2.3541138E+002, 2.2447753E+002, 2.2389693E+002, 2.0402943E+002, 2.4187866E+002, 2.9031744E+002, 3.3996372E+002, 3.8025275E+002, 4.0031614E+002, 2.5244511E+002, 2.9205560E+002, 2.8653136E+002, 2.4584446E+002, 2.5258262E+002, 2.5442280E+002, 1.9847920E+002, 2.0670158E+002, 2.1112143E+002, 2.0972962E+002, 2.0645438E+002, 2.0417383E+002, 2.0026404E+002, 1.9991938E+002, 2.0487229E+002, 2.0978247E+002, 2.1732218E+002, 2.2293358E+002, 2.1450345E+002, 1.9954298E+002, 1.8229401E+002, 1.6484036E+002, 1.8236088E+002, 1.8964765E+002, 1.9177981E+002, 1.8567450E+002, 1.7970473E+002, 1.7975601E+002, 1.7926160E+002, 1.7772844E+002, 1.8003809E+002, 1.8110574E+002, 1.8158774E+002, 1.8172900E+002, 1.7556281E+002, 1.6979641E+002, 1.6713947E+002, 1.6487124E+002, 1.6143539E+002, 1.6183033E+002, 1.6351389E+002, 1.6441715E+002, 1.6185280E+002, 1.5975943E+002, 1.5782853E+002, 1.5392661E+002, 1.5562335E+002, 1.6400127E+002, 1.6374419E+002, 1.6002393E+002, 1.5473426E+002, 1.4684675E+002, 1.3732930E+002, 1.3424811E+002, 1.3622075E+002, 1.3412792E+002, 1.3264424E+002, 1.4656169E+002, 1.6111970E+002, 1.6064153E+002, 2.0000269E+001, 2.0000683E+001, 2.0001798E+001, 2.0002482E+001, 2.0003349E+001, 2.0003899E+001, 2.0004699E+001, 2.0005254E+001, 2.0006115E+001, 2.0006666E+001, 2.0007487E+001, 2.0008188E+001, 2.0009563E+001, 2.0010447E+001, 2.0011685E+001, 2.0012582E+001, 2.0013986E+001, 2.0014951E+001, 2.0016515E+001, 2.0017702E+001, 2.0019580E+001, 2.0020876E+001, 2.0022965E+001, 2.0024588E+001, 2.0027469E+001, 2.0029444E+001, 2.0032413E+001, 2.0034344E+001, 2.0037122E+001, 2.0039121E+001, 2.0042217E+001, 2.0044423E+001, 2.0047950E+001, 2.0050389E+001, 2.0054411E+001, 2.0057303E+001, 2.0061850E+001, 2.0065289E+001, 2.0071097E+001, 2.0075451E+001, 2.0082895E+001, 2.0089024E+001, 3.4886477E+001, 9.6963111E+001, 1.1841640E+002, 1.1297420E+002, 1.1057224E+002, 1.1241356E+002, 1.1098479E+002, 1.0849203E+002, 1.0550893E+002, 1.0237774E+002, 9.5964297E+001, 9.5571281E+001, 1.0166305E+002, 1.0462043E+002, 1.1216891E+002, 1.1615665E+002, 1.1730620E+002, 1.1308283E+002, 9.7496971E+001, 8.5246319E+001, 7.3618915E+001, 7.2750495E+001, 6.8388449E+001, 6.6400880E+001, 7.1330529E+001, 8.2347520E+001, 1.2316024E+002, 1.3741979E+002, 1.5455059E+002, 1.6851554E+002, 1.9287163E+002, 2.0205983E+002, 2.1154877E+002, 2.1944334E+002, 2.3103351E+002, 2.3634553E+002, 2.3996311E+002, 2.4054739E+002, 2.3417884E+002, 2.2588070E+002, 2.0527408E+002, 1.8579930E+002, 1.4399113E+002, 1.2302736E+002, 1.6103301E+002, 1.9907493E+002, 2.4905373E+002, 2.9355541E+002, 3.0829174E+002, 2.4652642E+002, 2.1240589E+002, 2.1223770E+002
 5.2000681E+001, 2.0000333E+001, 2.0000693E+001, 2.0001465E+001, 2.0002196E+001, 2.0003242E+001, 2.0003824E+001, 2.0004588E+001, 2.0005127E+001, 2.0005975E+001, 2.0006549E+001, 2.0007394E+001, 2.0007998E+001, 2.0009119E+001, 2.0009922E+001, 2.0011117E+001, 2.0011982E+001, 2.0013338E+001, 2.0014266E+001, 2.0015666E+001, 2.0016701E+001, 2.0018436E+001, 2.0019649E+001, 2.0021559E+001, 2.0023005E+001, 2.0025524E+001, 2.0027345E+001, 2.0030115E+001, 2.0031952E+001, 2.0034661E+001, 2.0036536E+001, 2.0039515E+001, 2.0041605E+001, 2.0044923E+001, 2.0047286E+001, 2.0051114E+001, 2.0053893E+001, 2.0058522E+001, 2.0062044E+001, 2.0068170E+001, 2.0072995E+001, 2.0087216E+001, 3.0261817E+001, 1.0393971E+002, 1.1268866E+002, 1.0225382E+002, 9.7640652E+001, 9.7777733E+001, 9.5958285E+001, 9.2206493E+001, 9.0408893E+001, 9.0192146E+001, 9.1604488E+001, 9.4721833E+001, 9.6438509E+001, 9.7814697E+001, 9.8302296E+001, 9.6560915E+001, 9.3221526E+001, 8.6846872E+001, 8.2436684E+001, 7.7593868E+001, 7.5648417E+001, 7.8332508E+001, 8.0847204E+001, 8.3841179E+001, 9.6092434E+001, 1.2700958E+002, 1.4345721E+002, 1.6319501E+002, 1.7672942E+002, 1.9024582E+002, 1.9523996E+002, 2.0621304E+002, 2.1314962E+002, 2.1999948E+002, 2.2119188E+002, 2.2036455E+002, 2.1716938E+002, 2.0852225E+002, 2.0233741E+002, 1.9358252E+002, 1.8735925E+002, 1.7683494E+002, 1.7314066E+002, 1.7994670E+002, 1.9220690E+002, 1.9829484E+002, 2.1608862E+002, 2.3514416E+002, 2.2682330E+002, 2.1881943E+002, 2.1963844E+002, 2.1833360E+002, 2.4515624E+002, 3.0387519E+002, 3.0971112E+002, 3.0909800E+002, 3.3197170E+002, 3.8280468E+002, 3.5746365E+002, 2.7396769E+002, 2.8494299E+002, 2.7563935E+002, 2.5348906E+002, 2.4000248E+002, 2.8393429E+002, 2.8263022E+002, 2.5770834E+002, 2.2059587E+002, 2.0508068E+002, 1.9864274E+002, 1.9385665E+002, 1.8330381E+002, 1.7790905E+002, 1.7189287E+002, 1.7149567E+002, 1.7430568E+002, 1.7501669E+002, 1.8757422E+002, 1.8768780E+002, 1.9532542E+002, 1.9122843E+002, 1.8145551E+002, 1.9256659E+002, 1.9392502E+002, 1.9336018E+002, 1.8930413E+002, 1.8791446E+002, 1.8610602E+002, 1.8473944E+002, 1.8323705E+002, 1.8328816E+002, 1.8197626E+002, 1.7991558E+002, 1.8005501E+002, 1.8028304E+002, 1.7945204E+002, 1.7807321E+002, 1.7534822E+002, 1.7147298E+002, 1.6359361E+002, 1.5896586E+002, 1.5792178E+002, 1.6154402E+002, 1.6291707E+002, 1.5932598E+002, 1.5396469E+002, 1.4861933E+002, 1.5599931E+002, 1.6762515E+002, 1.6718851E+002, 1.6269687E+002, 1.5730020E+002, 1.5401040E+002, 1.4507582E+002, 1.3819881E+002, 1.3404041E+002, 1.3164973E+002, 1.3511839E+002, 1.5071843E+002, 2.0000334E+001, 2.0000670E+001, 2.0001517E+001, 2.0002259E+001, 2.0003292E+001, 2.0003913E+001, 2.0004768E+001, 2.0005350E+001, 2.0006234E+001, 2.0006836E+001, 2.0007705E+001, 2.0008268E+001, 2.0009455E+001, 2.0010434E+001, 2.0011776E+001, 2.0012685E+001, 2.0014054E+001, 2.0015058E+001, 2.0016586E+001, 2.0017682E+001, 2.0019558E+001, 2.0020880E+001, 2.0022932E+001, 2.0024380E+001, 2.0027030E+001, 2.0029038E+001, 2.0032133E+001, 2.0034199E+001, 2.0037216E+001, 2.0039178E+001, 2.0042327E+001, 2.0044566E+001, 2.0048130E+001, 2.0050708E+001, 2.0054726E+001, 2.0057761E+001, 2.0062611E+001, 2.0066200E+001, 2.0072638E+001, 2.0077768E+001, 2.0087881E+001, 2.6464346E+001, 1.0742287E+002, 1.1451873E+002, 1.0969128E+002, 1.0896763E+002, 1.0576376E+002, 1.0157632E+002, 9.4896567E+001, 9.0844831E+001, 8.7041916E+001, 8.7826614E+001, 9.4963200E+001, 1.0361720E+002, 1.1250243E+002, 1.1462243E+002, 1.1634334E+002, 1.1520823E+002, 1.0631907E+002, 9.1832061E+001, 7.3539772E+001, 6.5101778E+001, 6.2986002E+001, 6.8490725E+001, 7.1763793E+001, 7.9225568E+001, 1.1501042E+002, 1.3839545E+002, 1.6092302E+002, 1.7160699E+002, 1.9031195E+002, 2.0266974E+002, 2.1695135E+002, 2.2478335E+002, 2.3264189E+002, 2.3533570E+002, 2.3417660E+002, 2.2962029E+002, 2.1586413E+002, 2.0250778E+002, 1.8462541E+002, 1.7727455E+002, 1.5991533E+002, 1.3967939E+002, 1.3182324E+002, 1.5589787E+002, 2.2947868E+002, 2.7995692E+002, 3.0485569E+002, 2.6991150E+002, 2.0635260E+002, 2.1180618E+002, 2.1776406E+002, 2.6558875E+002
 5.3004971E+001, 2.0000286E+001, 2.0000721E+001, 2.0001318E+001, 2.0001895E+001, 2.0002986E+001, 2.0003699E+001, 2.0004629E+001, 2.0005169E+001, 2.0006021E+001, 2.0006618E+001, 2.0007522E+001, 2.0008112E+001, 2.0009087E+001, 2.0009884E+001, 2.0011151E+001, 2.0011991E+001, 2.0013349E+001, 2.0014293E+001, 2.0015742E+001, 2.0016722E+001, 2.0018379E+001, 2.0019595E+001, 2.0021495E+001, 2.0022843E+001, 2.0025151E+001, 2.0026931E+001, 2.0029792E+001, 2.0031736E+001, 2.0034645E+001, 2.0036570E+001, 2.0039602E+001, 2.0041743E+001, 2.0045161E+001, 2.0047593E+001, 2.0051575E+001, 2.0054484E+001, 2.0059390E+001, 2.0063171E+001, 2.0070121E+001, 2.0076270E+001, 3.5092884E+001, 9.1530459E+001, 1.1166150E+002, 1.0185943E+002, 9.1776584E+001, 9.2441896E+001, 8.8486688E+001, 8.8887006E+001, 9.2196606E+001, 9.4887061E+001, 9.8267282E+001, 9.9952849E+001, 1.0124088E+002, 1.0130064E+002, 9.9937451E+001, 9.6982809E+001, 8.9951343E+001, 8.4960776E+001, 7.7234274E+001, 7.3638566E+001, 7.0009992E+001, 7.3228407E+001, 7.9103157E+001, 8.3332992E+001, 1.1577289E+002, 1.3919461E+002, 1.6429767E+002, 1.7870024E+002, 1.8907601E+002, 1.9476728E+002, 2.0484258E+002, 2.1113881E+002, 2.1190735E+002, 2.1153503E+002, 2.0847147E+002, 2.0301476E+002, 1.9407782E+002, 1.8834809E+002, 1.8102567E+002, 1.7600842E+002, 1.6926001E+002, 1.6616497E+002, 1.6879913E+002, 1.8023233E+002, 1.9889077E+002, 2.1301582E+002, 2.2397218E+002, 2.2097038E+002, 2.1047928E+002, 2.1375056E+002, 2.2068988E+002, 2.7155654E+002, 2.9863215E+002, 3.0481427E+002, 2.8353108E+002, 2.8859735E+002, 3.1809142E+002, 3.4977952E+002, 3.2307534E+002, 2.4258219E+002, 2.8360724E+002, 2.9126407E+002, 2.9798300E+002, 3.0768097E+002, 2.1950356E+002, 2.3963697E+002, 2.4126496E+002, 2.3187675E+002, 2.3619553E+002, 2.4384286E+002, 2.2131540E+002, 1.9521479E+002, 1.8886355E+002, 1.9203869E+002, 1.8342753E+002, 1.7278133E+002, 1.5903992E+002, 1.5400465E+002, 1.5165381E+002, 1.5171314E+002, 1.5407036E+002, 1.5757519E+002, 1.6009118E+002, 1.6950341E+002, 1.8865593E+002, 1.8821064E+002, 1.8745818E+002, 1.8749925E+002, 1.8835575E+002, 1.8893090E+002, 1.8782839E+002, 1.8600935E+002, 1.8386385E+002, 1.8310406E+002, 1.8297027E+002, 1.8309858E+002, 1.8263207E+002, 1.8171743E+002, 1.7902480E+002, 1.7823607E+002, 1.7768904E+002, 1.7627829E+002, 1.7080604E+002, 1.6442568E+002, 1.5697195E+002, 1.5473276E+002, 1.5933361E+002, 1.5855842E+002, 1.4990843E+002, 1.4371061E+002, 1.6008314E+002, 1.6690385E+002, 1.6671151E+002, 1.6505355E+002, 1.5935782E+002, 1.5666407E+002, 1.4846183E+002, 1.4089193E+002, 1.3049392E+002, 1.2998870E+002, 2.0000271E+001, 2.0000716E+001, 2.0001295E+001, 2.0001948E+001, 2.0003063E+001, 2.0003768E+001, 2.0004762E+001, 2.0005371E+001, 2.0006281E+001, 2.0006910E+001, 2.0007858E+001, 2.0008475E+001, 2.0009399E+001, 2.0010241E+001, 2.0011773E+001, 2.0012705E+001, 2.0014124E+001, 2.0015083E+001, 2.0016641E+001, 2.0017697E+001, 2.0019493E+001, 2.0020789E+001, 2.0022851E+001, 2.0024310E+001, 2.0026612E+001, 2.0028520E+001, 2.0031666E+001, 2.0033832E+001, 2.0037097E+001, 2.0039224E+001, 2.0042444E+001, 2.0044700E+001, 2.0048347E+001, 2.0050955E+001, 2.0055207E+001, 2.0058264E+001, 2.0063561E+001, 2.0067463E+001, 2.0074693E+001, 2.0081077E+001, 2.7877223E+001, 8.7874809E+001, 1.1144850E+002, 1.0740418E+002, 1.0041957E+002, 9.4537613E+001, 8.9119015E+001, 8.8657647E+001, 9.4299434E+001, 9.9808764E+001, 1.0679577E+002, 1.0836242E+002, 1.0619604E+002, 1.0506666E+002, 1.0872553E+002, 1.1376402E+002, 1.1402002E+002, 1.0802713E+002, 8.6128592E+001, 7.0607423E+001, 5.9076962E+001, 5.5305022E+001, 6.2730304E+001, 7.1410892E+001, 9.9562618E+001, 1.3470632E+002, 1.6712151E+002, 1.7627569E+002, 1.8506799E+002, 1.9940243E+002, 2.1992596E+002, 2.2642698E+002, 2.2970310E+002, 2.2882090E+002, 2.2203800E+002, 2.1319563E+002, 1.9423115E+002, 1.8069874E+002, 1.6046435E+002, 1.4762096E+002, 1.3921402E+002, 1.3796883E+002, 1.3366751E+002, 1.4053646E+002, 1.8812757E+002, 2.2534335E+002, 2.9429210E+002, 2.7290547E+002, 2.1417078E+002, 1.8731946E+002, 2.1540985E+002, 2.5543282E+002, 2.9866067E+002, 3.1372993E+002
 5.4007201E+001, 2.0000249E+001, 2.0000620E+001, 2.0001267E+001, 2.0001681E+001, 2.0002579E+001, 2.0003315E+001, 2.0004407E+001, 2.0005066E+001, 2.0005941E+001, 2.0006535E+001, 2.0007471E+001, 2.0008102E+001, 2.0009026E+001, 2.0009702E+001, 2.0010945E+001, 2.0011833E+001, 2.0013172E+001, 2.0014114E+001, 2.0015587E+001, 2.0016594E+001, 2.0018148E+001, 2.0019310E+001, 2.0021217E+001, 2.0022538E+001, 2.0024671E+001, 2.0026286E+001, 2.0029085E+001, 2.0031096E+001, 2.0034182E+001, 2.0036250E+001, 2.0039372E+001, 2.0041568E+001, 2.0045087E+001, 2.0047617E+001, 2.0051756E+001, 2.0054822E+001, 2.0060085E+001, 2.0064263E+001, 2.0073099E+001, 2.3443158E+001, 9.6479230E+001, 1.0941117E+002, 1.0737090E+002, 8.7197530E+001, 8.8514342E+001, 8.8078955E+001, 9.4290819E+001, 9.6266293E+001, 9.7394628E+001, 9.7380731E+001, 9.6173487E+001, 9.4987104E+001, 9.3863440E+001, 9.4021405E+001, 9.3840606E+001, 9.1313657E+001, 8.2912788E+001, 7.6865754E+001, 6.9482887E+001, 6.6717935E+001, 6.9928835E+001, 7.6151870E+001, 9.9636028E+001, 1.2818067E+002, 1.5621493E+002, 1.7459607E+002, 1.8873764E+002, 1.9487152E+002, 2.0181941E+002, 2.0222200E+002, 1.9977660E+002, 1.9932041E+002, 1.9404394E+002, 1.8860815E+002, 1.8063732E+002, 1.7632337E+002, 1.7073587E+002, 1.6624386E+002, 1.6034614E+002, 1.5871365E+002, 1.6064900E+002, 1.6885409E+002, 1.9186120E+002, 2.0854804E+002, 2.2630542E+002, 2.2815245E+002, 2.0377973E+002, 2.0551059E+002, 2.3490892E+002, 2.7078238E+002, 3.0088496E+002, 2.7668991E+002, 2.6500586E+002, 2.7596359E+002, 2.9977863E+002, 3.2109841E+002, 3.4041645E+002, 3.3468233E+002, 3.5821646E+002, 3.6882074E+002, 3.8320307E+002, 3.9810579E+002, 3.9768548E+002, 3.4531989E+002, 3.1704115E+002, 2.7546553E+002, 3.1794646E+002, 2.9757217E+002, 2.6601497E+002, 2.4375286E+002, 2.1249732E+002, 2.1022043E+002, 1.8789071E+002, 1.7375712E+002, 2.0215667E+002, 2.0228318E+002, 1.9890613E+002, 1.9409004E+002, 1.8420078E+002, 1.7647915E+002, 1.6456669E+002, 1.5684647E+002, 1.4714298E+002, 1.4520813E+002, 1.5197904E+002, 1.7656887E+002, 1.8109366E+002, 1.8640853E+002, 1.9000632E+002, 1.9099534E+002, 1.9618414E+002, 1.9666046E+002, 1.9278123E+002, 1.8938558E+002, 1.8444889E+002, 1.8181860E+002, 1.8044770E+002, 1.8048110E+002, 1.8007712E+002, 1.7928428E+002, 1.7770084E+002, 1.7674926E+002, 1.7526057E+002, 1.7352462E+002, 1.7101545E+002, 1.6897534E+002, 1.5793604E+002, 1.5510236E+002, 1.5480365E+002, 1.5280343E+002, 1.4000650E+002, 1.4915031E+002, 1.6369965E+002, 1.6454166E+002, 1.6423636E+002, 1.6355361E+002, 1.6017403E+002, 1.5727942E+002, 1.5083284E+002, 1.4384441E+002, 2.0000247E+001, 2.0000614E+001, 2.0001259E+001, 2.0001656E+001, 2.0002662E+001, 2.0003414E+001, 2.0004504E+001, 2.0005212E+001, 2.0006197E+001, 2.0006830E+001, 2.0007817E+001, 2.0008479E+001, 2.0009444E+001, 2.0010065E+001, 2.0011397E+001, 2.0012470E+001, 2.0013971E+001, 2.0014958E+001, 2.0016467E+001, 2.0017557E+001, 2.0019220E+001, 2.0020475E+001, 2.0022535E+001, 2.0023956E+001, 2.0026237E+001, 2.0027828E+001, 2.0030806E+001, 2.0033007E+001, 2.0036422E+001, 2.0038738E+001, 2.0042159E+001, 2.0044480E+001, 2.0048195E+001, 2.0050876E+001, 2.0055320E+001, 2.0058581E+001, 2.0064068E+001, 2.0068590E+001, 2.0077204E+001, 2.0832174E+001, 8.7530948E+001, 1.1053669E+002, 1.0556413E+002, 9.4368469E+001, 8.9351464E+001, 9.3366450E+001, 1.0162459E+002, 1.0411464E+002, 1.0304038E+002, 9.9790619E+001, 9.3116649E+001, 8.8440350E+001, 8.2661636E+001, 8.1248737E+001, 9.1200194E+001, 1.0397059E+002, 1.0016065E+002, 8.8968874E+001, 7.1217202E+001, 6.3539095E+001, 5.4749221E+001, 5.8629752E+001, 8.2711752E+001, 1.1196806E+002, 1.6656213E+002, 1.7863731E+002, 1.8536517E+002, 1.9676671E+002, 2.1820777E+002, 2.2081113E+002, 2.2001223E+002, 2.1948902E+002, 2.1096322E+002, 1.9681515E+002, 1.7281739E+002, 1.5774731E+002, 1.4512785E+002, 1.3811638E+002, 1.2746941E+002, 1.2355273E+002, 1.2731043E+002, 1.3609687E+002, 1.6736873E+002, 2.0749603E+002, 2.4896237E+002, 2.4882879E+002, 2.2599257E+002, 1.9141451E+002, 2.0977766E+002, 2.5291495E+002, 2.8187596E+002, 2.8708084E+002, 2.9674105E+002, 2.7154519E+002
 5.5002939E+001, 2.0000212E+001, 2.0000532E+001, 2.0001105E+001, 2.0001540E+001, 2.0002211E+001, 2.0002816E+001, 2.0003912E+001, 2.0004658E+001, 2.0005711E+001, 2.0006342E+001, 2.0007270E+001, 2.0007920E+001, 2.0008907E+001, 2.0009553E+001, 2.0010600E+001, 2.0011451E+001, 2.0012837E+001, 2.0013775E+001, 2.0015241E+001, 2.0016261E+001, 2.0017831E+001, 2.0018914E+001, 2.0020723E+001, 2.0022048E+001, 2.0024129E+001, 2.0025615E+001, 2.0028143E+001, 2.0030088E+001, 2.0033259E+001, 2.0035453E+001, 2.0038795E+001, 2.0041064E+001, 2.0044676E+001, 2.0047283E+001, 2.0051584E+001, 2.0054799E+001, 2.0060479E+001, 2.0065165E+001, 2.1226459E+001, 6.6254349E+001, 1.0810020E+002, 1.0837013E+002, 1.0202415E+002, 8.7329308E+001, 8.1810968E+001, 9.2081196E+001, 9.3039390E+001, 9.1277880E+001, 8.9291982E+001, 8.8362996E+001, 8.7266483E+001, 8.6750400E+001, 8.6005800E+001, 8.6054299E+001, 8.4528574E+001, 8.1488296E+001, 7.5090152E+001, 6.9849142E+001, 6.4929663E+001, 6.5850411E+001, 8.0746983E+001, 1.1001633E+002, 1.4965660E+002, 1.6427175E+002, 1.8919107E+002, 1.9647650E+002, 1.9611148E+002, 1.9174588E+002, 1.8897007E+002, 1.8939153E+002, 1.8428726E+002, 1.7763011E+002, 1.6899765E+002, 1.6590783E+002, 1.6177992E+002, 1.5956136E+002, 1.5401555E+002, 1.5127606E+002, 1.5194683E+002, 1.5722444E+002, 1.8147667E+002, 1.9979866E+002, 2.1930358E+002, 2.1602394E+002, 1.9932419E+002, 1.9891691E+002, 2.3041994E+002, 2.7036894E+002, 2.7536350E+002, 2.5901080E+002, 2.6072883E+002, 2.7307800E+002, 2.9066515E+002, 3.1140174E+002, 3.2477380E+002, 3.5114019E+002, 3.6580384E+002, 3.7745852E+002, 3.8753145E+002, 4.2926689E+002, 4.2599012E+002, 3.6275335E+002, 3.7766745E+002, 3.6187296E+002, 3.2261211E+002, 3.0104618E+002, 2.4151879E+002, 2.3758695E+002, 2.5624182E+002, 2.6931186E+002, 2.7970538E+002, 2.7616977E+002, 2.5882283E+002, 2.3960893E+002, 1.9734590E+002, 1.9245013E+002, 2.0167433E+002, 2.0545379E+002, 2.0525400E+002, 2.0467902E+002, 2.0407116E+002, 2.0240301E+002, 1.9610485E+002, 1.8568582E+002, 1.6502844E+002, 1.5135475E+002, 1.6357712E+002, 1.9250924E+002, 1.9923115E+002, 1.9992507E+002, 2.0443131E+002, 2.0775397E+002, 2.0934275E+002, 2.0791217E+002, 2.0306535E+002, 1.9824932E+002, 1.9019049E+002, 1.8560081E+002, 1.8127953E+002, 1.7951672E+002, 1.7819758E+002, 1.7790381E+002, 1.7690124E+002, 1.7570509E+002, 1.7298303E+002, 1.7121019E+002, 1.6912105E+002, 1.6769290E+002, 1.6162306E+002, 1.5559355E+002, 1.4727382E+002, 1.3731602E+002, 1.5521146E+002, 1.6162369E+002, 1.6340785E+002, 1.6504706E+002, 1.6302158E+002, 1.6226170E+002, 1.5940568E+002, 1.5349230E+002, 2.0000220E+001, 2.0000543E+001, 2.0001111E+001, 2.0001538E+001, 2.0002215E+001, 2.0002888E+001, 2.0004026E+001, 2.0004774E+001, 2.0005893E+001, 2.0006597E+001, 2.0007602E+001, 2.0008295E+001, 2.0009339E+001, 2.0010017E+001, 2.0011016E+001, 2.0011902E+001, 2.0013538E+001, 2.0014601E+001, 2.0016152E+001, 2.0017199E+001, 2.0018879E+001, 2.0020040E+001, 2.0021970E+001, 2.0023408E+001, 2.0025649E+001, 2.0027243E+001, 2.0029794E+001, 2.0031837E+001, 2.0035281E+001, 2.0037680E+001, 2.0041397E+001, 2.0043866E+001, 2.0047700E+001, 2.0050430E+001, 2.0054993E+001, 2.0058439E+001, 2.0064308E+001, 2.0069239E+001, 2.0237880E+001, 4.6847090E+001, 1.0803950E+002, 1.0698522E+002, 9.8213112E+001, 9.1271541E+001, 1.0004876E+002, 9.9599162E+001, 9.3756320E+001, 9.0090695E+001, 8.5677328E+001, 8.3407073E+001, 8.0187625E+001, 7.8172396E+001, 7.6236980E+001, 7.5087115E+001, 7.7987667E+001, 7.8198175E+001, 8.1212523E+001, 7.5462249E+001, 6.4523730E+001, 5.9806856E+001, 6.0946597E+001, 8.9704545E+001, 1.4710688E+002, 1.7576573E+002, 1.8847593E+002, 1.9951828E+002, 2.1328316E+002, 2.1269614E+002, 2.0963739E+002, 2.1288215E+002, 2.1279196E+002, 1.9996353E+002, 1.6614695E+002, 1.4985525E+002, 1.3540376E+002, 1.2992492E+002, 1.2886891E+002, 1.2055812E+002, 1.2187271E+002, 1.2980810E+002, 1.5486675E+002, 1.8571086E+002, 2.3708053E+002, 2.4250349E+002, 1.9996335E+002, 1.7272525E+002, 2.1839026E+002, 2.6347386E+002, 2.7531346E+002, 2.7805750E+002, 2.9581393E+002, 2.9076729E+002, 2.6708252E+002, 2.8890395E+002
 5.6014746E+001, 2.0000234E+001, 2.0000539E+001, 2.0001028E+001, 2.0001422E+001, 2.0002082E+001, 2.0002537E+001, 2.0003463E+001, 2.0004206E+001, 2.0005351E+001, 2.0006091E+001, 2.0007109E+001, 2.0007757E+001, 2.0008773E+001, 2.0009463E+001, 2.0010480E+001, 2.0011194E+001, 2.0012510E+001, 2.0013478E+001, 2.0014963E+001, 2.0015984E+001, 2.0017581E+001, 2.0018674E+001, 2.0020390E+001, 2.0021655E+001, 2.0023736E+001, 2.0025199E+001, 2.0027554E+001, 2.0029329E+001, 2.0032408E+001, 2.0034667E+001, 2.0038218E+001, 2.0040657E+001, 2.0044444E+001, 2.0047171E+001, 2.0051714E+001, 2.0055177E+001, 2.0061558E+001, 2.0076497E+001, 6.7482191E+001, 1.0513542E+002, 1.0632926E+002, 1.0596372E+002, 9.9278605E+001, 7.8942368E+001, 8.7346810E+001, 8.5713403E+001, 8.4446144E+001, 8.3747619E+001, 8.2030949E+001, 8.0353134E+001, 7.7998939E+001, 7.6574588E+001, 7.3921638E+001, 7.2221031E+001, 7.1566943E+001, 7.2641790E+001, 6.8073657E+001, 6.4712521E+001, 6.7473538E+001, 9.5048465E+001, 1.4578546E+002, 1.6245433E+002, 1.8653461E+002, 1.9228677E+002, 1.8577831E+002, 1.8074792E+002, 1.8236310E+002, 1.8462917E+002, 1.7909405E+002, 1.7092782E+002, 1.6029242E+002, 1.5556589E+002, 1.5308590E+002, 1.5237019E+002, 1.4970092E+002, 1.4721988E+002, 1.4553956E+002, 1.4933020E+002, 1.7479952E+002, 1.9467326E+002, 2.0731627E+002, 2.0254813E+002, 1.9063359E+002, 2.0082190E+002, 2.3613166E+002, 2.5919543E+002, 2.5406935E+002, 2.4560724E+002, 2.6234281E+002, 2.7930421E+002, 2.9954129E+002, 3.1760154E+002, 3.1960953E+002, 3.3071239E+002, 3.4699407E+002, 3.5321759E+002, 3.4664220E+002, 3.6527440E+002, 3.9467068E+002, 3.7204389E+002, 3.2705933E+002, 3.5888938E+002, 3.4606333E+002, 3.0135166E+002, 2.7671952E+002, 2.5462488E+002, 1.7820825E+002, 1.7324909E+002, 1.7521583E+002, 1.7319934E+002, 1.7469965E+002, 1.8156227E+002, 1.9953037E+002, 2.1509606E+002, 2.4264835E+002, 2.5669519E+002, 2.3327495E+002, 2.1017048E+002, 2.0288277E+002, 1.9868212E+002, 1.9789806E+002, 1.9984148E+002, 2.0227236E+002, 2.0286211E+002, 2.0201398E+002, 1.9960084E+002, 1.7769229E+002, 1.6207147E+002, 1.8502995E+002, 2.0111929E+002, 1.9958607E+002, 1.9757980E+002, 1.9776689E+002, 1.9980416E+002, 2.0634766E+002, 2.1078301E+002, 2.1289803E+002, 2.1078463E+002, 2.0324598E+002, 1.9741036E+002, 1.8907587E+002, 1.8438688E+002, 1.8006722E+002, 1.7850934E+002, 1.7722410E+002, 1.7628400E+002, 1.7432046E+002, 1.7274141E+002, 1.7043365E+002, 1.6828969E+002, 1.6340872E+002, 1.5706457E+002, 1.4155644E+002, 1.4502929E+002, 1.5787243E+002, 1.6442458E+002, 1.6297169E+002, 1.6214701E+002, 1.6367711E+002, 1.6202519E+002, 2.0000248E+001, 2.0000565E+001, 2.0001034E+001, 2.0001441E+001, 2.0002086E+001, 2.0002535E+001, 2.0003565E+001, 2.0004337E+001, 2.0005500E+001, 2.0006283E+001, 2.0007412E+001, 2.0008125E+001, 2.0009199E+001, 2.0009938E+001, 2.0011017E+001, 2.0011678E+001, 2.0013063E+001, 2.0014187E+001, 2.0015869E+001, 2.0016965E+001, 2.0018618E+001, 2.0019782E+001, 2.0021624E+001, 2.0022960E+001, 2.0025204E+001, 2.0026778E+001, 2.0029287E+001, 2.0031064E+001, 2.0034269E+001, 2.0036718E+001, 2.0040581E+001, 2.0043281E+001, 2.0047379E+001, 2.0050238E+001, 2.0055044E+001, 2.0058693E+001, 2.0065389E+001, 2.0071735E+001, 4.6562405E+001, 1.0198607E+002, 1.0313565E+002, 1.0158550E+002, 9.3175452E+001, 8.6758059E+001, 8.8043688E+001, 8.5058221E+001, 8.2386751E+001, 8.1151030E+001, 7.9571476E+001, 7.8443833E+001, 7.8125052E+001, 7.8749030E+001, 7.5479965E+001, 6.9110740E+001, 6.0675996E+001, 6.2557127E+001, 7.0275804E+001, 6.8424142E+001, 6.1541876E+001, 7.3500311E+001, 1.3298492E+002, 1.6707802E+002, 1.8965280E+002, 2.0157049E+002, 2.0353580E+002, 2.0124429E+002, 2.0536916E+002, 2.1097875E+002, 2.1260967E+002, 2.0167608E+002, 1.6980645E+002, 1.4897228E+002, 1.2863031E+002, 1.2639626E+002, 1.2467376E+002, 1.2653317E+002, 1.2278970E+002, 1.2900844E+002, 1.5221017E+002, 1.7857821E+002, 2.2235966E+002, 2.2815924E+002, 1.9583541E+002, 1.7606149E+002, 1.8567012E+002, 2.2375791E+002, 2.6675860E+002, 2.7432198E+002, 2.8394329E+002, 2.8663558E+002, 2.8587900E+002, 3.1339888E+002, 3.5469489E+002, 3.8015514E+002
 5.7006543E+001, 2.0000275E+001, 2.0000621E+001, 2.0001113E+001, 2.0001454E+001, 2.0002082E+001, 2.0002536E+001, 2.0003276E+001, 2.0003940E+001, 2.0005085E+001, 2.0005874E+001, 2.0007031E+001, 2.0007749E+001, 2.0008784E+001, 2.0009500E+001, 2.0010592E+001, 2.0011305E+001, 2.0012451E+001, 2.0013396E+001, 2.0014929E+001, 2.0015979E+001, 2.0017602E+001, 2.0018735E+001, 2.0020473E+001, 2.0021694E+001, 2.0023741E+001, 2.0025225E+001, 2.0027589E+001, 2.0029282E+001, 2.0032194E+001, 2.0034437E+001, 2.0038144E+001, 2.0040769E+001, 2.0044898E+001, 2.0047844E+001, 2.0052815E+001, 2.0056761E+001, 2.0079974E+001, 3.7028116E+001, 1.0311010E+002, 1.0375977E+002, 9.8885025E+001, 1.0227066E+002, 9.6365572E+001, 7.9384515E+001, 8.0944110E+001, 7.9113750E+001, 7.4961078E+001, 7.2997434E+001, 7.3300500E+001, 7.3807453E+001, 7.2377582E+001, 7.0040181E+001, 6.6907291E+001, 6.6150325E+001, 6.8062723E+001, 6.6642226E+001, 6.3716542E+001, 8.4892313E+001, 1.4204963E+002, 1.6540853E+002, 1.8657452E+002, 1.8526785E+002, 1.7397754E+002, 1.7253717E+002, 1.8022747E+002, 1.8236207E+002, 1.7570480E+002, 1.6686986E+002, 1.5364725E+002, 1.4759250E+002, 1.4336619E+002, 1.4311819E+002, 1.4486850E+002, 1.4314436E+002, 1.4113786E+002, 1.4303916E+002, 1.7326951E+002, 1.9162464E+002, 1.9510663E+002, 1.9042416E+002, 2.0259281E+002, 2.1933013E+002, 2.4458724E+002, 2.4755297E+002, 2.4657743E+002, 2.5124361E+002, 2.7048420E+002, 2.9859852E+002, 3.1131187E+002, 3.1223528E+002, 3.2249841E+002, 3.4232522E+002, 3.6599637E+002, 3.7057109E+002, 3.6291649E+002, 3.6943261E+002, 3.6692606E+002, 3.6109791E+002, 3.4897934E+002, 3.1607865E+002, 3.2731671E+002, 3.0817646E+002, 3.1251182E+002, 2.4199255E+002, 2.5510744E+002, 2.0059016E+002, 2.3437337E+002, 2.3833167E+002, 2.2810786E+002, 2.2039587E+002, 2.0636223E+002, 1.9551395E+002, 1.7827974E+002, 1.6552920E+002, 1.6332866E+002, 1.6476053E+002, 1.9416359E+002, 2.2616116E+002, 2.3199606E+002, 2.1392215E+002, 1.8997174E+002, 1.9069949E+002, 1.9213328E+002, 1.9222972E+002, 1.9284882E+002, 1.9357899E+002, 1.9439504E+002, 1.9397880E+002, 1.7800427E+002, 1.7520991E+002, 1.8645978E+002, 1.8708559E+002, 1.8492104E+002, 1.8179744E+002, 1.7881304E+002, 1.7944031E+002, 1.8510741E+002, 1.9126166E+002, 2.0216562E+002, 2.0811433E+002, 2.1230971E+002, 2.1051977E+002, 2.0280759E+002, 1.9671091E+002, 1.8869603E+002, 1.8474030E+002, 1.8063974E+002, 1.7849770E+002, 1.7533840E+002, 1.7334951E+002, 1.7048007E+002, 1.6730669E+002, 1.6223120E+002, 1.5765834E+002, 1.4608791E+002, 1.5580321E+002, 1.5958975E+002, 1.5981038E+002, 1.6128272E+002, 1.6258008E+002, 2.0000274E+001, 2.0000641E+001, 2.0001151E+001, 2.0001468E+001, 2.0002114E+001, 2.0002551E+001, 2.0003284E+001, 2.0004047E+001, 2.0005234E+001, 2.0006036E+001, 2.0007267E+001, 2.0008068E+001, 2.0009207E+001, 2.0009965E+001, 2.0011129E+001, 2.0011901E+001, 2.0012967E+001, 2.0013992E+001, 2.0015748E+001, 2.0016937E+001, 2.0018672E+001, 2.0019856E+001, 2.0021709E+001, 2.0023013E+001, 2.0025190E+001, 2.0026781E+001, 2.0029342E+001, 2.0031128E+001, 2.0034063E+001, 2.0036413E+001, 2.0040374E+001, 2.0043228E+001, 2.0047745E+001, 2.0050893E+001, 2.0056166E+001, 2.0060308E+001, 2.0069834E+001, 2.5996224E+001, 1.0029132E+002, 9.8056560E+001, 9.0755827E+001, 9.5440749E+001, 8.7865977E+001, 8.1665524E+001, 8.0740682E+001, 7.9318657E+001, 7.6992367E+001, 7.7105531E+001, 8.0792413E+001, 8.3270677E+001, 8.4224103E+001, 8.1090169E+001, 7.2325601E+001, 6.5050813E+001, 5.9432118E+001, 6.1746760E+001, 6.6125988E+001, 6.9377366E+001, 1.2692574E+002, 1.6469044E+002, 1.8969235E+002, 1.9735094E+002, 1.9208982E+002, 1.9324099E+002, 2.0329434E+002, 2.0577055E+002, 1.9951697E+002, 1.8982246E+002, 1.6685668E+002, 1.4907570E+002, 1.2365365E+002, 1.1298838E+002, 1.1942832E+002, 1.2313484E+002, 1.2664386E+002, 1.3111093E+002, 1.5681345E+002, 1.8183064E+002, 2.1108430E+002, 2.0797257E+002, 1.8841017E+002, 1.8011353E+002, 1.9434322E+002, 2.2193920E+002, 2.5366560E+002, 2.6923862E+002, 2.9372600E+002, 3.1411847E+002, 3.1544776E+002, 3.2968625E+002, 3.6612831E+002, 3.9854083E+002, 4.2437135E+002, 4.2090731E+002
 5.8010445E+001, 2.0000289E+001, 2.0000624E+001, 2.0001197E+001, 2.0001543E+001, 2.0002086E+001, 2.0002533E+001, 2.0003230E+001, 2.0003742E+001, 2.0004789E+001, 2.0005581E+001, 2.0006805E+001, 2.0007614E+001, 2.0008762E+001, 2.0009486E+001, 2.0010621E+001, 2.0011390E+001, 2.0012520E+001, 2.0013314E+001, 2.0014813E+001, 2.0015899E+001, 2.0017576E+001, 2.0018721E+001, 2.0020521E+001, 2.0021753E+001, 2.0023721E+001, 2.0025196E+001, 2.0027590E+001, 2.0029297E+001, 2.0032071E+001, 2.0034199E+001, 2.0037922E+001, 2.0040688E+001, 2.0045196E+001, 2.0048448E+001, 2.0054028E+001, 2.0059449E+001, 4.0850779E+001, 8.4189442E+001, 9.4925267E+001, 8.9003301E+001, 9.2910857E+001, 9.6821759E+001, 8.3840588E+001, 7.3902678E+001, 7.1076856E+001, 7.1353979E+001, 7.3757253E+001, 7.5382901E+001, 7.4217492E+001, 7.1516908E+001, 6.7308323E+001, 6.5533377E+001, 6.4572387E+001, 6.4646677E+001, 6.6388639E+001, 8.5949833E+001, 1.2978504E+002, 1.6233687E+002, 1.7873171E+002, 1.7748470E+002, 1.6977453E+002, 1.6690362E+002, 1.7087202E+002, 1.7239342E+002, 1.6689483E+002, 1.6019238E+002, 1.4988736E+002, 1.4363946E+002, 1.3755898E+002, 1.3579377E+002, 1.3664791E+002, 1.3809608E+002, 1.3775296E+002, 1.4388114E+002, 1.6472754E+002, 1.7939116E+002, 1.9111247E+002, 1.9697091E+002, 2.0757107E+002, 2.2070671E+002, 2.3279257E+002, 2.3961934E+002, 2.5280771E+002, 2.6397251E+002, 2.8146110E+002, 2.9259199E+002, 3.0603598E+002, 3.2472663E+002, 3.3765929E+002, 3.4982147E+002, 3.4871242E+002, 3.4607432E+002, 3.4550649E+002, 3.4549538E+002, 3.4341660E+002, 3.3598803E+002, 3.3205113E+002, 3.4634634E+002, 3.8071645E+002, 4.3317610E+002, 3.0511019E+002, 2.7898540E+002, 2.5957906E+002, 2.5348518E+002, 2.5954835E+002, 2.1756204E+002, 2.4140869E+002, 2.4182380E+002, 2.3544063E+002, 2.2823083E+002, 2.2002801E+002, 2.1751059E+002, 2.1843687E+002, 2.1944731E+002, 2.0569394E+002, 1.9700092E+002, 1.7607703E+002, 1.6190742E+002, 1.9356786E+002, 2.1986217E+002, 2.2382251E+002, 2.1454766E+002, 2.0313774E+002, 1.9748345E+002, 1.9334836E+002, 1.9362220E+002, 1.9115435E+002, 1.8916422E+002, 1.8707172E+002, 1.8563254E+002, 1.7913419E+002, 1.7150727E+002, 1.7810231E+002, 1.7845891E+002, 1.7844799E+002, 1.7773734E+002, 1.7566177E+002, 1.7408544E+002, 1.7382078E+002, 1.7555934E+002, 1.8205077E+002, 1.8903912E+002, 1.9950676E+002, 2.0359552E+002, 2.0336298E+002, 2.0007390E+002, 1.9389584E+002, 1.9054807E+002, 1.8603775E+002, 1.8310139E+002, 1.7827242E+002, 1.7492662E+002, 1.6837778E+002, 1.6373007E+002, 1.5718039E+002, 1.4542951E+002, 1.5258706E+002, 1.5595385E+002, 1.5622002E+002, 1.5892803E+002, 2.0000274E+001, 2.0000616E+001, 2.0001228E+001, 2.0001596E+001, 2.0002115E+001, 2.0002579E+001, 2.0003248E+001, 2.0003732E+001, 2.0004934E+001, 2.0005739E+001, 2.0007002E+001, 2.0007865E+001, 2.0009140E+001, 2.0009952E+001, 2.0011159E+001, 2.0011973E+001, 2.0013202E+001, 2.0013898E+001, 2.0015515E+001, 2.0016757E+001, 2.0018652E+001, 2.0019878E+001, 2.0021769E+001, 2.0023081E+001, 2.0025151E+001, 2.0026744E+001, 2.0029291E+001, 2.0031157E+001, 2.0034075E+001, 2.0036184E+001, 2.0040086E+001, 2.0043012E+001, 2.0047889E+001, 2.0051423E+001, 2.0057425E+001, 2.0062205E+001, 3.3839901E+001, 7.4033029E+001, 9.2180174E+001, 8.2827002E+001, 9.1636585E+001, 9.0092310E+001, 8.3347047E+001, 7.5922675E+001, 7.5623820E+001, 7.7508321E+001, 8.1817936E+001, 8.4447772E+001, 8.5095168E+001, 8.3169860E+001, 7.6070960E+001, 6.9600704E+001, 6.2261967E+001, 5.9647189E+001, 6.0346658E+001, 7.2532461E+001, 1.1325934E+002, 1.4893438E+002, 1.8577311E+002, 1.8749813E+002, 1.8898308E+002, 1.8774302E+002, 1.9033822E+002, 1.8986304E+002, 1.7871901E+002, 1.6980668E+002, 1.5853588E+002, 1.4908860E+002, 1.3105749E+002, 1.1768377E+002, 1.0597080E+002, 1.1158917E+002, 1.2387023E+002, 1.3108904E+002, 1.5603401E+002, 1.7460555E+002, 1.9599706E+002, 2.0192732E+002, 1.9223425E+002, 1.9280938E+002, 2.0750421E+002, 2.2354606E+002, 2.5296479E+002, 2.7215401E+002, 2.9546372E+002, 3.1284532E+002, 3.4955522E+002, 3.6859457E+002, 3.9451943E+002, 4.0438261E+002, 3.6839108E+002, 3.0372815E+002, 2.9790200E+002, 3.2611769E+002
 5.9010383E+001, 2.0000398E+001, 2.0000818E+001, 2.0001400E+001, 2.0001803E+001, 2.0002355E+001, 2.0002768E+001, 2.0003487E+001, 2.0003968E+001, 2.0004887E+001, 2.0005661E+001, 2.0006907E+001, 2.0007757E+001, 2.0009017E+001, 2.0009813E+001, 2.0010981E+001, 2.0011792E+001, 2.0013010E+001, 2.0013800E+001, 2.0015183E+001, 2.0016285E+001, 2.0018033E+001, 2.0019230E+001, 2.0021095E+001, 2.0022384E+001, 2.0024397E+001, 2.0025861E+001, 2.0028319E+001, 2.0030091E+001, 2.0032955E+001, 2.0035086E+001, 2.0038861E+001, 2.0041803E+001, 2.0046816E+001, 2.0050624E+001, 2.0061173E+001, 2.7588398E+001, 9.0374313E+001, 9.0749496E+001, 8.5774337E+001, 8.8877059E+001, 9.2474970E+001, 8.8725807E+001, 6.7333048E+001, 7.0143301E+001, 7.4792258E+001, 7.4924160E+001, 7.2196859E+001, 6.9299473E+001, 6.4998748E+001, 6.3335604E+001, 6.2249630E+001, 6.2105684E+001, 7.4459060E+001, 9.8322009E+001, 1.4627872E+002, 1.6949565E+002, 1.7613289E+002, 1.7070326E+002, 1.5984321E+002, 1.6129996E+002, 1.6139779E+002, 1.5931676E+002, 1.5174656E+002, 1.4712469E+002, 1.4040640E+002, 1.3664237E+002, 1.3245296E+002, 1.3072598E+002, 1.3071365E+002, 1.3191534E+002, 1.3484206E+002, 1.4527724E+002, 1.6728374E+002, 1.8182030E+002, 1.9234069E+002, 1.9873163E+002, 2.1569618E+002, 2.2200961E+002, 2.3731953E+002, 2.4993243E+002, 2.6950826E+002, 2.7593481E+002, 2.9262264E+002, 3.0409566E+002, 3.1867891E+002, 3.2393524E+002, 3.0716428E+002, 2.8414596E+002, 2.6399102E+002, 2.7463739E+002, 3.0579198E+002, 3.2704205E+002, 3.2727540E+002, 3.1676856E+002, 3.1776693E+002, 3.1668883E+002, 3.2584395E+002, 3.1627406E+002, 2.9261122E+002, 3.6700662E+002, 4.6492785E+002, 2.3887786E+002, 2.4513424E+002, 2.3081034E+002, 2.2308667E+002, 2.3089928E+002, 2.3201746E+002, 2.3015771E+002, 2.0369659E+002, 1.9288835E+002, 1.8925181E+002, 1.9461726E+002, 1.9025300E+002, 1.8612240E+002, 1.8123900E+002, 1.7875080E+002, 1.8408450E+002, 1.9002457E+002, 1.7750908E+002, 1.7492529E+002, 1.9706132E+002, 2.1353091E+002, 2.2098348E+002, 2.2061722E+002, 2.1714994E+002, 2.1223180E+002, 2.0731853E+002, 2.0409417E+002, 1.9797899E+002, 1.9337189E+002, 1.8707509E+002, 1.8077509E+002, 1.5959596E+002, 1.6781647E+002, 1.8314937E+002, 1.8785723E+002, 1.8762695E+002, 1.8552446E+002, 1.8009387E+002, 1.7611815E+002, 1.7111997E+002, 1.6907511E+002, 1.7136432E+002, 1.7533956E+002, 1.8177177E+002, 1.8459754E+002, 1.8459793E+002, 1.8302141E+002, 1.8211564E+002, 1.8267824E+002, 1.8324837E+002, 1.8284658E+002, 1.8116672E+002, 1.7924943E+002, 1.7241461E+002, 1.6590175E+002, 1.4791493E+002, 1.4539389E+002, 1.5088723E+002, 1.5477477E+002, 2.0000389E+001, 2.0000786E+001, 2.0001415E+001, 2.0001855E+001, 2.0002413E+001, 2.0002822E+001, 2.0003551E+001, 2.0003976E+001, 2.0004978E+001, 2.0005836E+001, 2.0007119E+001, 2.0007993E+001, 2.0009371E+001, 2.0010269E+001, 2.0011545E+001, 2.0012420E+001, 2.0013739E+001, 2.0014572E+001, 2.0015893E+001, 2.0017122E+001, 2.0019099E+001, 2.0020450E+001, 2.0022433E+001, 2.0023787E+001, 2.0025949E+001, 2.0027466E+001, 2.0030120E+001, 2.0031989E+001, 2.0035096E+001, 2.0037281E+001, 2.0041094E+001, 2.0044226E+001, 2.0049525E+001, 2.0053687E+001, 2.0061474E+001, 2.3114552E+001, 8.6809214E+001, 9.2173810E+001, 8.5505060E+001, 8.9024548E+001, 8.8468854E+001, 8.7621166E+001, 7.1275106E+001, 7.6669849E+001, 8.2700631E+001, 8.3649276E+001, 8.2657175E+001, 8.0446804E+001, 7.3671352E+001, 6.8018512E+001, 6.0869893E+001, 5.7635959E+001, 5.8459424E+001, 7.2457357E+001, 1.2196925E+002, 1.5751481E+002, 1.8393702E+002, 1.8141785E+002, 1.7715988E+002, 1.7864043E+002, 1.7871322E+002, 1.7635929E+002, 1.6286953E+002, 1.5308302E+002, 1.3922358E+002, 1.3187389E+002, 1.2551719E+002, 1.2072425E+002, 1.0800426E+002, 1.0567580E+002, 1.2058507E+002, 1.3474976E+002, 1.6029112E+002, 1.8093560E+002, 1.9788501E+002, 1.9913021E+002, 2.0385677E+002, 2.0933558E+002, 2.3027479E+002, 2.4396758E+002, 2.5954033E+002, 2.7708027E+002, 3.2127655E+002, 3.4421458E+002, 3.6934474E+002, 3.7319104E+002, 3.6247964E+002, 3.1851200E+002, 2.6983648E+002, 2.0495580E+002, 2.0534023E+002, 2.7258289E+002, 3.2558184E+002, 3.3551872E+002
 6.0016350E+001, 2.0000340E+001, 2.0000862E+001, 2.0001536E+001, 2.0001957E+001, 2.0002595E+001, 2.0002990E+001, 2.0003676E+001, 2.0004179E+001, 2.0004969E+001, 2.0005659E+001, 2.0006884E+001, 2.0007754E+001, 2.0009085E+001, 2.0009964E+001, 2.0011227E+001, 2.0012060E+001, 2.0013351E+001, 2.0014213E+001, 2.0015506E+001, 2.0016531E+001, 2.0018303E+001, 2.0019557E+001, 2.0021489E+001, 2.0022835E+001, 2.0024928E+001, 2.0026395E+001, 2.0028854E+001, 2.0030672E+001, 2.0033650E+001, 2.0035823E+001, 2.0039604E+001, 2.0042650E+001, 2.0048209E+001, 2.0052809E+001, 2.3394859E+001, 7.3935846E+001, 8.4675831E+001, 8.5733798E+001, 8.6859104E+001, 8.4002551E+001, 8.3930467E+001, 6.6850950E+001, 6.8358528E+001, 6.9661536E+001, 6.8278843E+001, 6.5995188E+001, 6.2974540E+001, 6.1626528E+001, 6.1024936E+001, 6.7935290E+001, 9.6075904E+001, 1.2361186E+002, 1.6361629E+002, 1.7199884E+002, 1.7521543E+002, 1.6650186E+002, 1.5126794E+002, 1.5233400E+002, 1.5175410E+002, 1.4877583E+002, 1.4236109E+002, 1.3842134E+002, 1.3291776E+002, 1.2955067E+002, 1.2758841E+002, 1.2676416E+002, 1.2609589E+002, 1.2685399E+002, 1.3054756E+002, 1.4238805E+002, 1.7041366E+002, 1.8061112E+002, 1.9344105E+002, 2.0575619E+002, 2.2037363E+002, 2.3345649E+002, 2.5235458E+002, 2.6222475E+002, 2.7631706E+002, 2.8220774E+002, 2.9104541E+002, 3.0290114E+002, 2.9726424E+002, 2.8146188E+002, 2.5352328E+002, 2.3522624E+002, 2.0970157E+002, 2.1899789E+002, 2.7116218E+002, 3.1222715E+002, 3.1269211E+002, 3.0193951E+002, 3.0062841E+002, 2.7634708E+002, 2.6099966E+002, 2.4699314E+002, 2.3436245E+002, 2.4595348E+002, 3.1812378E+002, 3.5324269E+002, 3.8806538E+002, 3.5688039E+002, 2.2058906E+002, 2.1668309E+002, 2.1382268E+002, 2.1704110E+002, 2.0978226E+002, 2.0341259E+002, 1.7272698E+002, 1.4841710E+002, 1.5426096E+002, 1.7293574E+002, 1.8884945E+002, 1.9197995E+002, 1.9547940E+002, 1.9581958E+002, 1.9140949E+002, 1.8718717E+002, 1.8006430E+002, 1.7528175E+002, 1.7721336E+002, 1.7945006E+002, 2.0799047E+002, 2.1311200E+002, 2.0333397E+002, 2.0304887E+002, 2.0717887E+002, 2.1021251E+002, 2.1372613E+002, 2.1383876E+002, 2.0807943E+002, 2.0307372E+002, 1.8910353E+002, 1.6887698E+002, 1.7389113E+002, 1.8732305E+002, 1.8933070E+002, 1.8884438E+002, 1.8661568E+002, 1.8566729E+002, 1.8328663E+002, 1.8016253E+002, 1.7224171E+002, 1.6774271E+002, 1.6508011E+002, 1.6817521E+002, 1.7140507E+002, 1.7068409E+002, 1.6748071E+002, 1.6576914E+002, 1.6518601E+002, 1.6592113E+002, 1.6777108E+002, 1.6898975E+002, 1.7090487E+002, 1.7263028E+002, 1.7336133E+002, 1.6974013E+002, 1.5433076E+002, 1.4872273E+002, 2.0000325E+001, 2.0000853E+001, 2.0001522E+001, 2.0001979E+001, 2.0002685E+001, 2.0003071E+001, 2.0003763E+001, 2.0004274E+001, 2.0004994E+001, 2.0005785E+001, 2.0007115E+001, 2.0008007E+001, 2.0009411E+001, 2.0010377E+001, 2.0011795E+001, 2.0012712E+001, 2.0014084E+001, 2.0015046E+001, 2.0016359E+001, 2.0017362E+001, 2.0019318E+001, 2.0020746E+001, 2.0022897E+001, 2.0024326E+001, 2.0026550E+001, 2.0028103E+001, 2.0030709E+001, 2.0032639E+001, 2.0035849E+001, 2.0038179E+001, 2.0041997E+001, 2.0045174E+001, 2.0050971E+001, 2.0055941E+001, 2.0845972E+001, 6.1435567E+001, 8.9998460E+001, 8.5503197E+001, 7.7412326E+001, 6.5830792E+001, 8.4073806E+001, 7.6870554E+001, 7.6660589E+001, 7.9402030E+001, 7.9289447E+001, 7.6987743E+001, 7.2147211E+001, 6.8414186E+001, 6.2929671E+001, 6.0159288E+001, 6.0722309E+001, 7.2469740E+001, 1.2258192E+002, 1.5322583E+002, 1.7027716E+002, 1.7474317E+002, 1.6726058E+002, 1.6925464E+002, 1.7139077E+002, 1.6927206E+002, 1.6304703E+002, 1.5281545E+002, 1.3823924E+002, 1.2501949E+002, 1.1163630E+002, 1.1282505E+002, 1.1445046E+002, 1.0764454E+002, 1.1280205E+002, 1.3292579E+002, 1.6613654E+002, 1.8575287E+002, 1.9924742E+002, 2.0522267E+002, 2.1662855E+002, 2.3005616E+002, 2.4811936E+002, 2.5278335E+002, 2.6283866E+002, 2.8651753E+002, 3.3758106E+002, 3.5983078E+002, 3.5943137E+002, 3.3761333E+002, 2.9356200E+002, 2.6130618E+002, 1.9846852E+002, 1.6221060E+002, 1.5716699E+002, 2.1641085E+002, 3.0798633E+002, 3.3468695E+002, 3.4492713E+002, 3.1893818E+002
 6.1000031E+001, 2.0000179E+001, 2.0000549E+001, 2.0001302E+001, 2.0001786E+001, 2.0002467E+001, 2.0002916E+001, 2.0003564E+001, 2.0004034E+001, 2.0004802E+001, 2.0005341E+001, 2.0006386E+001, 2.0007219E+001, 2.0008554E+001, 2.0009473E+001, 2.0010853E+001, 2.0011749E+001, 2.0013078E+001, 2.0013983E+001, 2.0015347E+001, 2.0016260E+001, 2.0017850E+001, 2.0019083E+001, 2.0021071E+001, 2.0022448E+001, 2.0024602E+001, 2.0026102E+001, 2.0028492E+001, 2.0030270E+001, 2.0033256E+001, 2.0035464E+001, 2.0039184E+001, 2.0042138E+001, 2.0047884E+001, 2.0053498E+001, 4.3506346E+001, 8.5279547E+001, 8.4197067E+001, 8.5614845E+001, 7.0579186E+001, 7.1011376E+001, 5.9969781E+001, 5.9176055E+001, 6.2019672E+001, 6.2544761E+001, 6.1178042E+001, 6.2524197E+001, 7.6361151E+001, 9.1215010E+001, 1.2103621E+002, 1.3837635E+002, 1.5932784E+002, 1.6636827E+002, 1.6436817E+002, 1.6461026E+002, 1.4638037E+002, 1.4091121E+002, 1.4431824E+002, 1.4416698E+002, 1.3872091E+002, 1.3645755E+002, 1.3167585E+002, 1.2716485E+002, 1.2149217E+002, 1.2118572E+002, 1.2285353E+002, 1.2286031E+002, 1.2431550E+002, 1.3053570E+002, 1.6346657E+002, 1.7419190E+002, 1.9088577E+002, 2.0650382E+002, 2.2942390E+002, 2.4388876E+002, 2.5823643E+002, 2.6527126E+002, 2.7409456E+002, 2.7352624E+002, 2.7415114E+002, 2.8055863E+002, 2.6855035E+002, 2.5029406E+002, 2.3243086E+002, 2.2322602E+002, 1.9740572E+002, 1.8611368E+002, 2.0783769E+002, 2.5680070E+002, 2.9718136E+002, 2.9122562E+002, 2.8545314E+002, 2.7279772E+002, 2.3322743E+002, 2.6797325E+002, 2.5220798E+002, 2.1873424E+002, 2.7368486E+002, 3.2622242E+002, 3.4122856E+002, 2.9020265E+002, 3.0229125E+002, 3.4492367E+002, 2.0979815E+002, 2.1426348E+002, 2.0428197E+002, 2.0707518E+002, 1.9745866E+002, 1.7274595E+002, 1.6464021E+002, 1.6034227E+002, 1.5252555E+002, 1.7042817E+002, 1.8920606E+002, 2.0081406E+002, 2.0555144E+002, 2.0617272E+002, 2.0706907E+002, 2.0644957E+002, 2.0231356E+002, 1.9873423E+002, 1.8361475E+002, 1.7668878E+002, 1.6712648E+002, 1.7625363E+002, 1.9711760E+002, 1.9413891E+002, 1.9160458E+002, 1.9136680E+002, 1.9154785E+002, 1.9180310E+002, 1.9281971E+002, 1.9448560E+002, 1.9953287E+002, 2.0173157E+002, 1.8944307E+002, 1.8201331E+002, 1.8590936E+002, 1.8730702E+002, 1.8659208E+002, 1.8538673E+002, 1.8204864E+002, 1.8045559E+002, 1.7870374E+002, 1.7726555E+002, 1.7368139E+002, 1.6793486E+002, 1.6256895E+002, 1.6323156E+002, 1.6752102E+002, 1.6576461E+002, 1.6111624E+002, 1.5914423E+002, 1.5810056E+002, 1.5813107E+002, 1.5856577E+002, 1.5850482E+002, 1.5880429E+002, 1.6045629E+002, 1.6403563E+002, 1.6567105E+002, 2.0000176E+001, 2.0000543E+001, 2.0001299E+001, 2.0001785E+001, 2.0002509E+001, 2.0003012E+001, 2.0003680E+001, 2.0004148E+001, 2.0004916E+001, 2.0005417E+001, 2.0006548E+001, 2.0007457E+001, 2.0008846E+001, 2.0009812E+001, 2.0011321E+001, 2.0012321E+001, 2.0013787E+001, 2.0014749E+001, 2.0016250E+001, 2.0017188E+001, 2.0018775E+001, 2.0020106E+001, 2.0022343E+001, 2.0023871E+001, 2.0026167E+001, 2.0027766E+001, 2.0030285E+001, 2.0032167E+001, 2.0035334E+001, 2.0037685E+001, 2.0041672E+001, 2.0044653E+001, 2.0050531E+001, 2.0055744E+001, 2.9675368E+001, 8.5999211E+001, 8.5960902E+001, 8.2115639E+001, 5.9607174E+001, 5.8748154E+001, 7.8902172E+001, 6.8140458E+001, 7.1512489E+001, 7.1008822E+001, 6.9293025E+001, 6.7688881E+001, 6.6359552E+001, 6.6494362E+001, 6.9899643E+001, 7.6366058E+001, 1.0352696E+002, 1.3448982E+002, 1.2640383E+002, 1.3783832E+002, 1.5964832E+002, 1.5941620E+002, 1.6603015E+002, 1.6900822E+002, 1.6389722E+002, 1.6381703E+002, 1.5099855E+002, 1.4095974E+002, 1.1611781E+002, 1.0624822E+002, 1.0821271E+002, 1.1396809E+002, 1.0998315E+002, 1.1558719E+002, 1.5847318E+002, 1.8210934E+002, 2.0006121E+002, 2.0870455E+002, 2.3031864E+002, 2.4513938E+002, 2.5382779E+002, 2.5756427E+002, 2.7975223E+002, 3.0562946E+002, 3.4028361E+002, 3.4671433E+002, 3.3495874E+002, 3.1404657E+002, 2.8130431E+002, 2.6138768E+002, 2.1192155E+002, 1.8784913E+002, 1.6965180E+002, 1.7690825E+002, 1.6786821E+002, 3.0496738E+002, 3.3464135E+002, 3.3265738E+002, 2.7336356E+002, 2.7601879E+002
 6.2013443E+001, 2.0000180E+001, 2.0000404E+001, 2.0000927E+001, 2.0001424E+001, 2.0002187E+001, 2.0002670E+001, 2.0003380E+001, 2.0003836E+001, 2.0004559E+001, 2.0005083E+001, 2.0005904E+001, 2.0006599E+001, 2.0007859E+001, 2.0008768E+001, 2.0010186E+001, 2.0011148E+001, 2.0012572E+001, 2.0013507E+001, 2.0014932E+001, 2.0015897E+001, 2.0017345E+001, 2.0018433E+001, 2.0020349E+001, 2.0021752E+001, 2.0023959E+001, 2.0025497E+001, 2.0027925E+001, 2.0029647E+001, 2.0032558E+001, 2.0034767E+001, 2.0038532E+001, 2.0041449E+001, 2.0047214E+001, 2.0089065E+001, 7.5768628E+001, 8.3922867E+001, 8.3456316E+001, 7.1727544E+001, 6.5213589E+001, 6.8818570E+001, 5.7988363E+001, 5.6061584E+001, 6.7106392E+001, 8.2309407E+001, 1.0504506E+002, 1.1711006E+002, 1.2861941E+002, 1.3657041E+002, 1.4594587E+002, 1.4559599E+002, 1.3950565E+002, 1.4193986E+002, 1.4893717E+002, 1.3474949E+002, 1.3581086E+002, 1.3931744E+002, 1.3755052E+002, 1.3635425E+002, 1.3377452E+002, 1.3165950E+002, 1.2269548E+002, 1.1755039E+002, 1.1733174E+002, 1.1898998E+002, 1.2034496E+002, 1.2331434E+002, 1.5115565E+002, 1.6706034E+002, 1.8764768E+002, 2.0928783E+002, 2.3574118E+002, 2.4857257E+002, 2.6070152E+002, 2.6416788E+002, 2.5994291E+002, 2.5712469E+002, 2.6507603E+002, 2.7017805E+002, 2.5399341E+002, 2.4049968E+002, 2.2894892E+002, 2.1980145E+002, 2.0031358E+002, 1.8730990E+002, 1.8180826E+002, 1.9246984E+002, 2.5201270E+002, 2.8093513E+002, 2.8385239E+002, 2.6997589E+002, 2.5516462E+002, 2.5375521E+002, 2.8068511E+002, 2.6995656E+002, 2.2093165E+002, 2.9369609E+002, 3.1478422E+002, 2.7485019E+002, 1.7641287E+002, 2.3609806E+002, 3.0270687E+002, 1.9784871E+002, 2.0322871E+002, 2.2013235E+002, 2.3754702E+002, 2.4289640E+002, 2.3384852E+002, 2.0387498E+002, 1.4861523E+002, 1.5256460E+002, 1.4663156E+002, 1.7292326E+002, 2.0220491E+002, 2.0481136E+002, 2.0232842E+002, 2.0159549E+002, 2.0017854E+002, 1.9812762E+002, 1.9646086E+002, 1.9621641E+002, 1.9644674E+002, 1.9554056E+002, 1.8855924E+002, 1.7992567E+002, 1.6735406E+002, 1.7428049E+002, 1.8938835E+002, 1.8885687E+002, 1.8907320E+002, 1.8893865E+002, 1.8800774E+002, 1.8676820E+002, 1.8471814E+002, 1.8391955E+002, 1.8446564E+002, 1.8789375E+002, 1.7565496E+002, 1.7768458E+002, 1.8360494E+002, 1.8410904E+002, 1.8394237E+002, 1.8447195E+002, 1.8321965E+002, 1.8085989E+002, 1.7729116E+002, 1.7484454E+002, 1.7135487E+002, 1.6809847E+002, 1.6154033E+002, 1.6087821E+002, 1.6339367E+002, 1.6161314E+002, 1.5668458E+002, 1.5489548E+002, 1.5416322E+002, 1.5420221E+002, 1.5390217E+002, 1.5307577E+002, 1.5172520E+002, 1.5136932E+002, 2.0000171E+001, 2.0000399E+001, 2.0000937E+001, 2.0001436E+001, 2.0002201E+001, 2.0002701E+001, 2.0003500E+001, 2.0003979E+001, 2.0004706E+001, 2.0005243E+001, 2.0006005E+001, 2.0006750E+001, 2.0008132E+001, 2.0009078E+001, 2.0010561E+001, 2.0011606E+001, 2.0013185E+001, 2.0014224E+001, 2.0015754E+001, 2.0016812E+001, 2.0018326E+001, 2.0019406E+001, 2.0021425E+001, 2.0022992E+001, 2.0025433E+001, 2.0027081E+001, 2.0029660E+001, 2.0031462E+001, 2.0034518E+001, 2.0036834E+001, 2.0040883E+001, 2.0044016E+001, 2.0049792E+001, 2.0058827E+001, 5.6504060E+001, 8.6569914E+001, 8.1604401E+001, 6.8899356E+001, 6.1556519E+001, 6.7998216E+001, 6.5988351E+001, 6.2431273E+001, 6.7292619E+001, 7.4580112E+001, 7.9064980E+001, 8.0121646E+001, 8.4703895E+001, 8.9934104E+001, 9.9968904E+001, 1.0223058E+002, 9.5987209E+001, 9.9585734E+001, 1.4713481E+002, 1.5110872E+002, 1.5908402E+002, 1.6575766E+002, 1.6466252E+002, 1.6423117E+002, 1.6058481E+002, 1.5270783E+002, 1.3552311E+002, 1.1974534E+002, 1.0410034E+002, 1.0117695E+002, 1.1524449E+002, 1.1633334E+002, 1.3892128E+002, 1.7327018E+002, 1.9919105E+002, 2.1562441E+002, 2.4072758E+002, 2.5089354E+002, 2.6291341E+002, 2.7541618E+002, 2.9943564E+002, 3.1268581E+002, 3.2071848E+002, 3.1776012E+002, 2.9503926E+002, 2.7542760E+002, 2.6123867E+002, 2.4565335E+002, 1.9994943E+002, 1.7710594E+002, 1.8030266E+002, 1.6131509E+002, 1.9399811E+002, 2.0935298E+002, 2.9737477E+002, 3.2033275E+002, 2.8510166E+002, 2.8702779E+002, 2.7705638E+002, 2.6835817E+002
 6.3011233E+001, 2.0000271E+001, 2.0000553E+001, 2.0000931E+001, 2.0001314E+001, 2.0002082E+001, 2.0002612E+001, 2.0003382E+001, 2.0003886E+001, 2.0004612E+001, 2.0005129E+001, 2.0005945E+001, 2.0006510E+001, 2.0007629E+001, 2.0008519E+001, 2.0009942E+001, 2.0010932E+001, 2.0012448E+001, 2.0013453E+001, 2.0014945E+001, 2.0015962E+001, 2.0017507E+001, 2.0018532E+001, 2.0020314E+001, 2.0021706E+001, 2.0023992E+001, 2.0025601E+001, 2.0028150E+001, 2.0029957E+001, 2.0032915E+001, 2.0035190E+001, 2.0039204E+001, 2.0042424E+001, 2.0063824E+001, 3.5570598E+001, 8.2456765E+001, 8.1666316E+001, 7.0334260E+001, 6.5533655E+001, 6.6888917E+001, 5.1450810E+001, 7.7991758E+001, 1.0056820E+002, 1.2067474E+002, 1.2640300E+002, 1.2836005E+002, 1.2580007E+002, 1.2164387E+002, 1.2194730E+002, 1.2867976E+002, 1.3493394E+002, 1.3608125E+002, 1.3457891E+002, 1.3379783E+002, 1.3780734E+002, 1.3734736E+002, 1.3711967E+002, 1.3435901E+002, 1.3082111E+002, 1.2415624E+002, 1.1820475E+002, 1.1409376E+002, 1.1455732E+002, 1.1668918E+002, 1.2135736E+002, 1.4861269E+002, 1.6417919E+002, 1.9615918E+002, 2.2028725E+002, 2.4500974E+002, 2.5009910E+002, 2.5032826E+002, 2.4838515E+002, 2.4701539E+002, 2.5045503E+002, 2.5153474E+002, 2.4525248E+002, 2.3254117E+002, 2.2489186E+002, 2.1246176E+002, 2.0205010E+002, 1.8574578E+002, 1.7812457E+002, 1.7666374E+002, 1.8246295E+002, 2.0841865E+002, 2.4474069E+002, 2.8280929E+002, 2.7680284E+002, 2.5749209E+002, 2.5301554E+002, 2.6444221E+002, 2.5727713E+002, 2.4109389E+002, 2.6650509E+002, 2.9272887E+002, 2.7996439E+002, 2.2601207E+002, 1.9135529E+002, 2.2092347E+002, 2.5957916E+002, 2.6010891E+002, 2.4711256E+002, 2.7260515E+002, 2.7717085E+002, 2.5528204E+002, 2.3162895E+002, 2.3065624E+002, 2.3905115E+002, 2.5230123E+002, 2.2816477E+002, 1.8227152E+002, 1.8221743E+002, 2.2469135E+002, 2.5141636E+002, 2.3825707E+002, 2.3162530E+002, 2.2270153E+002, 2.1901118E+002, 2.1537119E+002, 2.1241905E+002, 2.0515657E+002, 1.9718727E+002, 1.8796039E+002, 1.8823702E+002, 1.8584749E+002, 1.8776611E+002, 1.7370783E+002, 1.7537212E+002, 1.8805333E+002, 1.8932880E+002, 1.9040464E+002, 1.9081868E+002, 1.9013647E+002, 1.8858254E+002, 1.8565869E+002, 1.8331179E+002, 1.7871802E+002, 1.6775856E+002, 1.7499674E+002, 1.7901076E+002, 1.8170204E+002, 1.8615754E+002, 1.9234558E+002, 1.9227550E+002, 1.8985342E+002, 1.8692107E+002, 1.8172569E+002, 1.7831130E+002, 1.7316530E+002, 1.6991564E+002, 1.6161643E+002, 1.5840421E+002, 1.5838658E+002, 1.5704057E+002, 1.5334998E+002, 1.5213094E+002, 1.5178465E+002, 1.5161173E+002, 1.5002412E+002, 1.4776588E+002, 2.0000246E+001, 2.0000532E+001, 2.0000924E+001, 2.0001337E+001, 2.0002104E+001, 2.0002634E+001, 2.0003455E+001, 2.0004025E+001, 2.0004791E+001, 2.0005312E+001, 2.0006141E+001, 2.0006659E+001, 2.0007841E+001, 2.0008826E+001, 2.0010319E+001, 2.0011340E+001, 2.0013003E+001, 2.0014112E+001, 2.0015768E+001, 2.0016850E+001, 2.0018553E+001, 2.0019625E+001, 2.0021403E+001, 2.0022858E+001, 2.0025398E+001, 2.0027172E+001, 2.0029876E+001, 2.0031826E+001, 2.0034897E+001, 2.0037291E+001, 2.0041551E+001, 2.0045058E+001, 2.0053112E+001, 2.5033683E+001, 8.2390899E+001, 8.4206307E+001, 6.8222836E+001, 6.4359567E+001, 6.8538290E+001, 6.8391007E+001, 7.5849425E+001, 9.2852399E+001, 1.0185956E+002, 1.0340001E+002, 1.0471286E+002, 1.0063770E+002, 9.1906737E+001, 8.8997581E+001, 9.5879566E+001, 1.1235546E+002, 1.3909303E+002, 1.4996632E+002, 1.5878917E+002, 1.6463198E+002, 1.6409809E+002, 1.6550275E+002, 1.6068747E+002, 1.5080458E+002, 1.3122362E+002, 1.2081986E+002, 1.1205764E+002, 1.0470490E+002, 1.0555024E+002, 1.1576912E+002, 1.4346089E+002, 1.7246960E+002, 2.0958502E+002, 2.2964799E+002, 2.5385468E+002, 2.6459735E+002, 2.7988935E+002, 2.8931548E+002, 2.9482048E+002, 2.9719593E+002, 2.8962324E+002, 2.7598133E+002, 2.4908761E+002, 2.2880708E+002, 2.1189118E+002, 2.0197999E+002, 1.6770233E+002, 1.4611111E+002, 1.4475996E+002, 1.6337455E+002, 1.7214240E+002, 2.0694286E+002, 2.6443870E+002, 2.9660257E+002, 2.8101149E+002, 2.7618906E+002, 2.8225312E+002, 2.5383987E+002, 2.2900173E+002, 2.5915642E+002
 6.4004740E+001, 2.0000240E+001, 2.0000590E+001, 2.0001068E+001, 2.0001335E+001, 2.0001951E+001, 2.0002481E+001, 2.0003304E+001, 2.0003849E+001, 2.0004651E+001, 2.0005163E+001, 2.0005987E+001, 2.0006553E+001, 2.0007470E+001, 2.0008269E+001, 2.0009665E+001, 2.0010659E+001, 2.0012215E+001, 2.0013283E+001, 2.0014884E+001, 2.0015947E+001, 2.0017585E+001, 2.0018694E+001, 2.0020386E+001, 2.0021687E+001, 2.0023973E+001, 2.0025650E+001, 2.0028338E+001, 2.0030258E+001, 2.0033382E+001, 2.0035744E+001, 2.0040043E+001, 2.0043748E+001, 2.6175766E+001, 7.3441021E+001, 8.2358665E+001, 7.6401174E+001, 6.6076282E+001, 6.5566190E+001, 7.5093839E+001, 1.0168285E+002, 1.2361183E+002, 1.2229616E+002, 1.1571135E+002, 1.1454784E+002, 1.2039618E+002, 1.2619119E+002, 1.3123027E+002, 1.3384905E+002, 1.3650942E+002, 1.3739186E+002, 1.4239652E+002, 1.4270410E+002, 1.4186779E+002, 1.4031293E+002, 1.3429700E+002, 1.2866775E+002, 1.2036989E+002, 1.1579673E+002, 1.1209080E+002, 1.1175349E+002, 1.1288410E+002, 1.1729144E+002, 1.4276193E+002, 1.6372916E+002, 2.0089684E+002, 2.2265307E+002, 2.3601399E+002, 2.3465771E+002, 2.3420580E+002, 2.3657253E+002, 2.4120955E+002, 2.4093060E+002, 2.3536379E+002, 2.2662270E+002, 2.1230125E+002, 2.0394573E+002, 1.9357073E+002, 1.8657641E+002, 1.7418905E+002, 1.6738088E+002, 1.6640772E+002, 1.7268690E+002, 2.0490899E+002, 2.3692243E+002, 2.7026959E+002, 2.7381923E+002, 2.5453165E+002, 2.3931212E+002, 2.4549705E+002, 2.3958440E+002, 2.2124809E+002, 2.4665240E+002, 2.8278423E+002, 2.6767810E+002, 2.4204065E+002, 2.1174603E+002, 2.0545562E+002, 2.1404141E+002, 2.4112429E+002, 2.7100820E+002, 2.8619690E+002, 2.6833604E+002, 2.4477404E+002, 2.2316785E+002, 2.1989852E+002, 2.1626260E+002, 2.1904906E+002, 2.1343205E+002, 2.1783274E+002, 2.2501219E+002, 2.1846011E+002, 2.1844142E+002, 2.1558257E+002, 2.0697133E+002, 2.0710666E+002, 2.3544889E+002, 2.4068648E+002, 2.3642578E+002, 2.3463669E+002, 2.3256183E+002, 2.2943368E+002, 2.2699499E+002, 2.1864636E+002, 2.0830194E+002, 1.9441247E+002, 1.8446787E+002, 1.8028331E+002, 1.8013736E+002, 1.7297582E+002, 1.7746426E+002, 1.8733167E+002, 1.9025985E+002, 1.9197038E+002, 1.9217474E+002, 1.9065250E+002, 1.8904067E+002, 1.8520668E+002, 1.8073618E+002, 1.6534322E+002, 1.6577685E+002, 1.8008830E+002, 1.8832321E+002, 1.9125574E+002, 1.9062723E+002, 1.9035991E+002, 1.9052382E+002, 1.8972695E+002, 1.8873128E+002, 1.8617818E+002, 1.8303813E+002, 1.7756184E+002, 1.7353358E+002, 1.6417548E+002, 1.5844318E+002, 1.5471876E+002, 1.5404589E+002, 1.5163474E+002, 1.5038020E+002, 1.4902367E+002, 1.4763913E+002, 2.0000222E+001, 2.0000556E+001, 2.0001052E+001, 2.0001343E+001, 2.0001990E+001, 2.0002528E+001, 2.0003344E+001, 2.0003930E+001, 2.0004838E+001, 2.0005376E+001, 2.0006221E+001, 2.0006800E+001, 2.0007652E+001, 2.0008506E+001, 2.0010035E+001, 2.0011085E+001, 2.0012705E+001, 2.0013878E+001, 2.0015656E+001, 2.0016834E+001, 2.0018590E+001, 2.0019819E+001, 2.0021584E+001, 2.0022852E+001, 2.0025287E+001, 2.0027134E+001, 2.0030078E+001, 2.0032111E+001, 2.0035419E+001, 2.0037901E+001, 2.0042488E+001, 2.0046377E+001, 2.1643843E+001, 5.9419117E+001, 8.2757160E+001, 7.3363127E+001, 6.6329178E+001, 6.7266082E+001, 7.3859449E+001, 9.4004158E+001, 1.1535903E+002, 1.1475223E+002, 1.0704200E+002, 1.0192300E+002, 1.0427453E+002, 1.1070972E+002, 1.2464909E+002, 1.3399533E+002, 1.4242822E+002, 1.4441885E+002, 1.5398883E+002, 1.5781834E+002, 1.6397324E+002, 1.6509197E+002, 1.6196348E+002, 1.5127004E+002, 1.3041151E+002, 1.1538665E+002, 1.0533442E+002, 1.0499570E+002, 1.0501111E+002, 1.0989270E+002, 1.4344860E+002, 1.7446395E+002, 2.1451100E+002, 2.3787065E+002, 2.6185295E+002, 2.7024163E+002, 2.7590853E+002, 2.7727849E+002, 2.7712078E+002, 2.7104018E+002, 2.5650012E+002, 2.4194414E+002, 2.1803530E+002, 1.9705787E+002, 1.6951298E+002, 1.6587246E+002, 1.5447488E+002, 1.3454755E+002, 1.2156767E+002, 1.3197637E+002, 1.6648666E+002, 1.8554869E+002, 2.3383133E+002, 2.4752661E+002, 2.6323354E+002, 2.6735285E+002, 2.7705089E+002, 2.7829266E+002, 2.4538548E+002, 2.2739994E+002, 2.7449006E+002, 2.5824788E+002
 6.5012521E+001, 2.0000176E+001, 2.0000466E+001, 2.0000994E+001, 2.0001341E+001, 2.0001808E+001, 2.0002221E+001, 2.0003014E+001, 2.0003578E+001, 2.0004438E+001, 2.0005007E+001, 2.0005833E+001, 2.0006410E+001, 2.0007293E+001, 2.0007921E+001, 2.0009145E+001, 2.0010107E+001, 2.0011655E+001, 2.0012740E+001, 2.0014428E+001, 2.0015566E+001, 2.0017284E+001, 2.0018462E+001, 2.0020265E+001, 2.0021497E+001, 2.0023617E+001, 2.0025280E+001, 2.0028073E+001, 2.0030098E+001, 2.0033444E+001, 2.0035952E+001, 2.0040521E+001, 2.0048897E+001, 5.4369366E+001, 8.0808806E+001, 8.0147111E+001, 6.8568734E+001, 6.8846986E+001, 9.4775765E+001, 1.2162951E+002, 1.1804582E+002, 1.1130590E+002, 1.1592065E+002, 1.2599023E+002, 1.2807422E+002, 1.3137885E+002, 1.3357604E+002, 1.3777806E+002, 1.3959967E+002, 1.4068779E+002, 1.4154621E+002, 1.4227019E+002, 1.4135915E+002, 1.3670094E+002, 1.3117180E+002, 1.1977400E+002, 1.1373573E+002, 1.0877417E+002, 1.0856164E+002, 1.0967332E+002, 1.1079122E+002, 1.3107514E+002, 1.5652086E+002, 2.0318852E+002, 2.2268405E+002, 2.1461323E+002, 2.1314100E+002, 2.2176565E+002, 2.2952070E+002, 2.3141437E+002, 2.2752803E+002, 2.1600109E+002, 2.0755095E+002, 1.9639268E+002, 1.8998645E+002, 1.8067695E+002, 1.7512015E+002, 1.6879778E+002, 1.6256080E+002, 1.5691703E+002, 1.5989604E+002, 1.9766925E+002, 2.3114381E+002, 2.6002039E+002, 2.5994952E+002, 2.4188184E+002, 2.3606486E+002, 2.2177059E+002, 2.2793392E+002, 2.1954934E+002, 2.1793464E+002, 2.5305699E+002, 2.7615834E+002, 2.5540392E+002, 2.2695538E+002, 2.0387206E+002, 2.1054008E+002, 2.4874277E+002, 2.6914573E+002, 2.5784647E+002, 2.4948305E+002, 2.3558505E+002, 2.3244895E+002, 2.3226956E+002, 2.2934002E+002, 2.2921091E+002, 2.1075797E+002, 1.9250459E+002, 2.1147550E+002, 2.1067114E+002, 2.0809277E+002, 2.1349903E+002, 2.1631041E+002, 2.1494723E+002, 2.1324612E+002, 2.1798117E+002, 2.0690671E+002, 2.1507866E+002, 2.1314720E+002, 2.1726095E+002, 2.1845454E+002, 2.2051339E+002, 2.2228700E+002, 2.2513720E+002, 2.2677491E+002, 2.2660297E+002, 2.2426063E+002, 2.1833607E+002, 2.0546947E+002, 1.8554524E+002, 1.7570314E+002, 1.6736197E+002, 1.7376369E+002, 1.8192750E+002, 1.8668279E+002, 1.8955914E+002, 1.8908335E+002, 1.8748325E+002, 1.8545594E+002, 1.7940270E+002, 1.7251523E+002, 1.6283873E+002, 1.8358399E+002, 1.8462256E+002, 1.8455731E+002, 1.8603876E+002, 1.8666138E+002, 1.8672201E+002, 1.8598962E+002, 1.8476027E+002, 1.8427143E+002, 1.8390352E+002, 1.8339935E+002, 1.8104630E+002, 1.7821629E+002, 1.6947046E+002, 1.6119423E+002, 1.5237072E+002, 1.5167947E+002, 1.4999466E+002, 1.4833260E+002, 2.0000160E+001, 2.0000448E+001, 2.0000968E+001, 2.0001333E+001, 2.0001846E+001, 2.0002280E+001, 2.0003084E+001, 2.0003638E+001, 2.0004559E+001, 2.0005198E+001, 2.0006074E+001, 2.0006676E+001, 2.0007582E+001, 2.0008155E+001, 2.0009447E+001, 2.0010488E+001, 2.0012118E+001, 2.0013255E+001, 2.0015080E+001, 2.0016343E+001, 2.0018231E+001, 2.0019495E+001, 2.0021473E+001, 2.0022763E+001, 2.0024891E+001, 2.0026629E+001, 2.0029661E+001, 2.0031871E+001, 2.0035418E+001, 2.0038051E+001, 2.0042920E+001, 2.0047307E+001, 3.6099069E+001, 7.7269765E+001, 7.5670464E+001, 6.8122880E+001, 6.7789352E+001, 8.7989030E+001, 1.1508526E+002, 1.1495828E+002, 1.0805210E+002, 1.0826436E+002, 1.2063088E+002, 1.3098562E+002, 1.3890565E+002, 1.3956542E+002, 1.3520979E+002, 1.2990864E+002, 1.2299384E+002, 1.2150121E+002, 1.2751632E+002, 1.4029250E+002, 1.4598281E+002, 1.4543257E+002, 1.3671581E+002, 1.2560778E+002, 1.0418377E+002, 9.5700858E+001, 1.0264133E+002, 1.0565388E+002, 1.3085400E+002, 1.7070268E+002, 2.1444186E+002, 2.3743736E+002, 2.5527190E+002, 2.5828916E+002, 2.6181404E+002, 2.6296012E+002, 2.6267291E+002, 2.5311145E+002, 2.3000447E+002, 2.1223808E+002, 1.9308624E+002, 1.8383939E+002, 1.6302377E+002, 1.4636393E+002, 1.3735193E+002, 1.3683144E+002, 1.2399335E+002, 1.2316278E+002, 1.5023933E+002, 1.7820509E+002, 1.9673538E+002, 2.3118515E+002, 2.3650596E+002, 2.2131556E+002, 2.6470969E+002, 2.7900268E+002, 2.7260396E+002, 1.9682364E+002, 2.4031069E+002, 2.4552121E+002, 2.3635817E+002, 2.0794424E+002
 6.6011028E+001, 2.0000173E+001, 2.0000392E+001, 2.0000821E+001, 2.0001179E+001, 2.0001735E+001, 2.0002073E+001, 2.0002677E+001, 2.0003207E+001, 2.0004073E+001, 2.0004674E+001, 2.0005583E+001, 2.0006170E+001, 2.0007075E+001, 2.0007696E+001, 2.0008659E+001, 2.0009484E+001, 2.0010966E+001, 2.0012038E+001, 2.0013741E+001, 2.0014934E+001, 2.0016769E+001, 2.0018007E+001, 2.0019931E+001, 2.0021260E+001, 2.0023306E+001, 2.0024844E+001, 2.0027598E+001, 2.0029712E+001, 2.0033281E+001, 2.0036017E+001, 2.0041027E+001, 2.0190635E+001, 7.2810564E+001, 7.9955130E+001, 7.4206535E+001, 7.9407647E+001, 1.1249688E+002, 1.1469500E+002, 1.1109210E+002, 1.1659588E+002, 1.2501985E+002, 1.2637823E+002, 1.2938677E+002, 1.3183595E+002, 1.3392689E+002, 1.3316409E+002, 1.3173243E+002, 1.3055240E+002, 1.2720856E+002, 1.2386391E+002, 1.2081276E+002, 1.2177150E+002, 1.2059030E+002, 1.1636158E+002, 1.0914308E+002, 1.0561862E+002, 1.0499242E+002, 1.0706854E+002, 1.1939099E+002, 1.4418526E+002, 1.9822266E+002, 2.1894148E+002, 2.0190059E+002, 2.0011429E+002, 2.1338783E+002, 2.2258731E+002, 2.2060793E+002, 2.1368852E+002, 2.0110807E+002, 1.9392276E+002, 1.8626141E+002, 1.8217434E+002, 1.7478560E+002, 1.6946217E+002, 1.6225960E+002, 1.5877032E+002, 1.5374839E+002, 1.5120015E+002, 1.8503700E+002, 2.1743141E+002, 2.4437339E+002, 2.4571353E+002, 2.3295761E+002, 2.1994961E+002, 2.1382560E+002, 2.2428429E+002, 2.2552617E+002, 2.2125822E+002, 2.1700186E+002, 2.4965004E+002, 2.6436129E+002, 2.4658073E+002, 2.2465577E+002, 1.9595982E+002, 2.4040480E+002, 2.7713425E+002, 2.4454317E+002, 2.3265441E+002, 2.3313449E+002, 2.2801076E+002, 2.4578194E+002, 2.7125924E+002, 2.6594643E+002, 2.2714417E+002, 2.1195285E+002, 2.0310272E+002, 2.2610670E+002, 2.0980375E+002, 2.1938211E+002, 2.3074784E+002, 2.2951789E+002, 2.2530208E+002, 2.2123521E+002, 2.1993883E+002, 2.1519349E+002, 2.0897503E+002, 1.9380186E+002, 1.9395124E+002, 2.2739746E+002, 2.3043199E+002, 2.2990546E+002, 2.2652839E+002, 2.1898783E+002, 2.1438411E+002, 2.0976984E+002, 2.0816761E+002, 2.0743498E+002, 2.0878666E+002, 2.1316022E+002, 2.1468011E+002, 2.0847326E+002, 1.9383881E+002, 1.7862397E+002, 1.7275754E+002, 1.7772569E+002, 1.8367764E+002, 1.8599965E+002, 1.8495511E+002, 1.8232419E+002, 1.7778854E+002, 1.7226033E+002, 1.6584926E+002, 1.7551897E+002, 1.7928828E+002, 1.8242705E+002, 1.8325931E+002, 1.8338038E+002, 1.8355792E+002, 1.8389483E+002, 1.8438041E+002, 1.8436355E+002, 1.8335295E+002, 1.8111902E+002, 1.7985144E+002, 1.7845309E+002, 1.7759433E+002, 1.7298386E+002, 1.6358291E+002, 1.4989307E+002, 1.4880185E+002, 2.0000178E+001, 2.0000367E+001, 2.0000809E+001, 2.0001155E+001, 2.0001739E+001, 2.0002112E+001, 2.0002751E+001, 2.0003303E+001, 2.0004157E+001, 2.0004788E+001, 2.0005802E+001, 2.0006436E+001, 2.0007383E+001, 2.0008031E+001, 2.0008932E+001, 2.0009788E+001, 2.0011386E+001, 2.0012527E+001, 2.0014311E+001, 2.0015582E+001, 2.0017593E+001, 2.0018963E+001, 2.0021018E+001, 2.0022472E+001, 2.0024658E+001, 2.0026163E+001, 2.0029014E+001, 2.0031269E+001, 2.0035105E+001, 2.0037988E+001, 2.0043321E+001, 2.0068061E+001, 5.8819395E+001, 7.7077681E+001, 7.0962897E+001, 7.1065648E+001, 1.0697050E+002, 1.1257871E+002, 1.1045589E+002, 1.1478685E+002, 1.2798717E+002, 1.3483725E+002, 1.3710779E+002, 1.3485811E+002, 1.2866345E+002, 1.2365617E+002, 1.1654564E+002, 1.1172452E+002, 1.0261577E+002, 9.6616498E+001, 9.2319091E+001, 9.1092702E+001, 1.1251389E+002, 1.2629387E+002, 1.1676582E+002, 1.0709660E+002, 9.5165588E+001, 9.8747122E+001, 1.1511138E+002, 1.5433752E+002, 2.1317213E+002, 2.3010747E+002, 2.3204466E+002, 2.3508244E+002, 2.4477718E+002, 2.5319933E+002, 2.5658912E+002, 2.4680992E+002, 2.1703116E+002, 1.9593485E+002, 1.7360013E+002, 1.6890902E+002, 1.6461972E+002, 1.5486457E+002, 1.3709464E+002, 1.2862515E+002, 1.2467792E+002, 1.2783031E+002, 1.5202614E+002, 1.7537175E+002, 1.8666386E+002, 2.0140032E+002, 2.2378506E+002, 2.2861995E+002, 2.3601691E+002, 2.5286346E+002, 2.7252728E+002, 2.4033334E+002, 2.2282149E+002, 2.4449368E+002, 2.4050329E+002, 2.2391148E+002, 2.1582442E+002, 2.0893830E+002
 6.7005254E+001, 2.0000232E+001, 2.0000486E+001, 2.0000840E+001, 2.0001140E+001, 2.0001695E+001, 2.0002089E+001, 2.0002649E+001, 2.0003073E+001, 2.0003892E+001, 2.0004491E+001, 2.0005442E+001, 2.0006089E+001, 2.0007039E+001, 2.0007687E+001, 2.0008676E+001, 2.0009347E+001, 2.0010656E+001, 2.0011711E+001, 2.0013417E+001, 2.0014634E+001, 2.0016560E+001, 2.0017896E+001, 2.0019950E+001, 2.0021384E+001, 2.0023630E+001, 2.0025197E+001, 2.0027908E+001, 2.0030095E+001, 2.0034004E+001, 2.0037116E+001, 2.0051004E+001, 3.0578040E+001, 7.7318608E+001, 7.8163702E+001, 9.7056782E+001, 1.1055633E+002, 1.0999544E+002, 1.1502320E+002, 1.2388085E+002, 1.2652311E+002, 1.2844194E+002, 1.2910032E+002, 1.2619788E+002, 1.2332730E+002, 1.1699756E+002, 1.1188147E+002, 1.0504404E+002, 1.0149303E+002, 9.7951014E+001, 9.8030062E+001, 1.0361196E+002, 1.0899232E+002, 1.0834292E+002, 1.0555107E+002, 1.0239482E+002, 1.0185475E+002, 1.1729843E+002, 1.4624019E+002, 1.9588235E+002, 2.0973951E+002, 1.9857020E+002, 1.9593594E+002, 2.1289656E+002, 2.1621352E+002, 2.1009635E+002, 2.0161599E+002, 1.8891713E+002, 1.8313247E+002, 1.7726914E+002, 1.7439600E+002, 1.6936679E+002, 1.6524758E+002, 1.5865498E+002, 1.5458872E+002, 1.4970669E+002, 1.4728555E+002, 1.7845712E+002, 2.0511342E+002, 2.2854539E+002, 2.2870652E+002, 2.1923920E+002, 2.0797728E+002, 2.1416251E+002, 2.1838699E+002, 2.2564259E+002, 2.1582621E+002, 1.9594894E+002, 2.1546422E+002, 2.4134131E+002, 2.4798495E+002, 2.3239948E+002, 2.1174377E+002, 2.2962617E+002, 2.6451364E+002, 2.6699249E+002, 2.2730580E+002, 2.4056869E+002, 2.6041749E+002, 2.7371946E+002, 2.9084304E+002, 2.9336035E+002, 3.0877555E+002, 1.8530172E+002, 2.2214762E+002, 2.2888301E+002, 2.3425895E+002, 2.3066796E+002, 2.2395851E+002, 2.1973044E+002, 2.2981567E+002, 2.3606220E+002, 2.3581392E+002, 2.3343101E+002, 2.3076215E+002, 2.2856946E+002, 2.1690141E+002, 2.0996379E+002, 2.0511533E+002, 1.8953412E+002, 2.0644859E+002, 2.2875444E+002, 2.2743002E+002, 2.2366131E+002, 2.2101603E+002, 2.1835492E+002, 2.1644490E+002, 2.1307462E+002, 2.1123194E+002, 2.0804617E+002, 2.0545655E+002, 2.0302079E+002, 2.0493247E+002, 2.0974467E+002, 2.1370969E+002, 2.0709198E+002, 1.9905226E+002, 1.8972373E+002, 1.8412589E+002, 1.7614106E+002, 1.7493007E+002, 1.7243406E+002, 1.7026488E+002, 1.6488759E+002, 1.7025697E+002, 1.7825315E+002, 1.8023222E+002, 1.8025506E+002, 1.8026725E+002, 1.7952133E+002, 1.7941685E+002, 1.7985281E+002, 1.8048317E+002, 1.8177220E+002, 1.8249696E+002, 1.8233066E+002, 1.8104597E+002, 1.7796150E+002, 1.7598348E+002, 1.7115275E+002, 1.6052492E+002, 2.0000231E+001, 2.0000498E+001, 2.0000820E+001, 2.0001133E+001, 2.0001692E+001, 2.0002101E+001, 2.0002714E+001, 2.0003170E+001, 2.0004015E+001, 2.0004597E+001, 2.0005589E+001, 2.0006319E+001, 2.0007341E+001, 2.0008027E+001, 2.0009065E+001, 2.0009684E+001, 2.0010997E+001, 2.0012151E+001, 2.0013963E+001, 2.0015234E+001, 2.0017283E+001, 2.0018742E+001, 2.0020982E+001, 2.0022510E+001, 2.0024958E+001, 2.0026634E+001, 2.0029320E+001, 2.0031590E+001, 2.0035764E+001, 2.0039141E+001, 2.0046109E+001, 2.3886158E+001, 7.3842794E+001, 7.2446079E+001, 8.4229274E+001, 1.0133005E+002, 1.1033913E+002, 1.1796045E+002, 1.2960136E+002, 1.3358854E+002, 1.3356548E+002, 1.3090013E+002, 1.2406210E+002, 1.1892902E+002, 1.1042802E+002, 1.0433070E+002, 9.4728598E+001, 8.9033234E+001, 8.3547150E+001, 8.1865957E+001, 7.9462916E+001, 8.3258120E+001, 1.0474607E+002, 1.0771370E+002, 1.0110030E+002, 9.6983867E+001, 1.1126441E+002, 1.5064108E+002, 2.0903164E+002, 2.2034355E+002, 2.2176740E+002, 2.2687415E+002, 2.4422722E+002, 2.5214649E+002, 2.4886363E+002, 2.3658394E+002, 2.0563064E+002, 1.8484210E+002, 1.6473517E+002, 1.5643206E+002, 1.5210330E+002, 1.5242193E+002, 1.4536433E+002, 1.3696503E+002, 1.2636440E+002, 1.2423653E+002, 1.5230928E+002, 1.8046514E+002, 1.9240710E+002, 1.9349961E+002, 2.0776185E+002, 2.2039530E+002, 2.3734177E+002, 2.4911425E+002, 2.3503178E+002, 2.0026673E+002, 1.9123593E+002, 1.4400069E+002, 2.1147852E+002, 2.5155796E+002, 2.1972734E+002, 2.1488262E+002, 2.2864325E+002, 2.5518300E+002
 6.8001995E+001, 2.0000236E+001, 2.0000560E+001, 2.0000991E+001, 2.0001239E+001, 2.0001717E+001, 2.0002111E+001, 2.0002738E+001, 2.0003145E+001, 2.0003843E+001, 2.0004421E+001, 2.0005365E+001, 2.0006042E+001, 2.0007084E+001, 2.0007769E+001, 2.0008825E+001, 2.0009537E+001, 2.0010662E+001, 2.0011608E+001, 2.0013314E+001, 2.0014544E+001, 2.0016531E+001, 2.0017943E+001, 2.0020178E+001, 2.0021723E+001, 2.0024199E+001, 2.0025956E+001, 2.0028823E+001, 2.0031088E+001, 2.0035417E+001, 2.0039153E+001, 2.1430306E+001, 5.7581468E+001, 8.7770751E+001, 1.0160513E+002, 1.0851577E+002, 1.1282068E+002, 1.1996345E+002, 1.2477051E+002, 1.2709023E+002, 1.2447808E+002, 1.1653719E+002, 1.1040400E+002, 1.0158306E+002, 9.6892251E+001, 9.2370084E+001, 9.1188494E+001, 9.0907579E+001, 9.1211745E+001, 9.3417219E+001, 9.6437995E+001, 1.0112764E+002, 1.0179889E+002, 1.0031848E+002, 1.0005837E+002, 1.2274247E+002, 1.5517406E+002, 2.0146845E+002, 2.0627105E+002, 1.8316408E+002, 1.8670175E+002, 2.0857005E+002, 2.0901359E+002, 1.9993370E+002, 1.9138808E+002, 1.7913700E+002, 1.7301200E+002, 1.6815634E+002, 1.6689720E+002, 1.6410561E+002, 1.6125346E+002, 1.5605854E+002, 1.5225378E+002, 1.4669332E+002, 1.4412720E+002, 1.7102652E+002, 1.9639146E+002, 2.1516373E+002, 2.1345723E+002, 2.0690040E+002, 2.0859659E+002, 2.1067747E+002, 2.1571779E+002, 1.9971664E+002, 1.8086528E+002, 1.5944829E+002, 1.6854013E+002, 2.1186431E+002, 2.3548096E+002, 2.3399989E+002, 2.1935032E+002, 2.2585635E+002, 2.5022651E+002, 2.5859727E+002, 2.3692065E+002, 2.2201591E+002, 2.5046942E+002, 2.6510842E+002, 2.6117474E+002, 2.6035291E+002, 2.5911593E+002, 2.6167582E+002, 2.7858876E+002, 1.6696351E+002, 2.2131686E+002, 2.2593982E+002, 2.2461635E+002, 2.2995523E+002, 2.2357908E+002, 2.1486958E+002, 2.0922396E+002, 2.0782478E+002, 2.1052024E+002, 2.1419954E+002, 2.1642445E+002, 2.2262787E+002, 2.2697788E+002, 2.2717168E+002, 2.1287358E+002, 2.0972553E+002, 1.8748936E+002, 1.9951648E+002, 2.1651596E+002, 2.2060352E+002, 2.2307586E+002, 2.2444275E+002, 2.2502188E+002, 2.2559851E+002, 2.2430487E+002, 2.2059165E+002, 2.1761019E+002, 2.1283848E+002, 2.0974725E+002, 2.0379969E+002, 1.9934492E+002, 1.9967767E+002, 2.0283391E+002, 2.0986342E+002, 2.1301483E+002, 2.1403647E+002, 2.0933913E+002, 1.9587211E+002, 1.8475006E+002, 1.6616754E+002, 1.5443239E+002, 1.7188801E+002, 1.7591676E+002, 1.7798413E+002, 1.7888539E+002, 1.7824955E+002, 1.7819217E+002, 1.7697830E+002, 1.7603603E+002, 1.7597170E+002, 1.7630036E+002, 1.7731656E+002, 1.7836556E+002, 1.7989600E+002, 1.8033815E+002, 1.7887215E+002, 1.7534924E+002, 2.0000239E+001, 2.0000570E+001, 2.0001008E+001, 2.0001231E+001, 2.0001708E+001, 2.0002112E+001, 2.0002766E+001, 2.0003214E+001, 2.0003962E+001, 2.0004563E+001, 2.0005500E+001, 2.0006195E+001, 2.0007362E+001, 2.0008100E+001, 2.0009217E+001, 2.0009973E+001, 2.0011055E+001, 2.0011977E+001, 2.0013834E+001, 2.0015119E+001, 2.0017225E+001, 2.0018709E+001, 2.0021140E+001, 2.0022821E+001, 2.0025472E+001, 2.0027380E+001, 2.0030384E+001, 2.0032720E+001, 2.0037182E+001, 2.0041243E+001, 2.0344359E+001, 5.0487356E+001, 8.1633380E+001, 9.2105576E+001, 1.0696578E+002, 1.1543580E+002, 1.2935081E+002, 1.3166460E+002, 1.3000716E+002, 1.2579888E+002, 1.1685238E+002, 1.1016769E+002, 1.0042843E+002, 9.5378481E+001, 8.9599243E+001, 8.7094970E+001, 8.5078365E+001, 8.4297855E+001, 8.2380024E+001, 8.0249377E+001, 7.9492519E+001, 8.4088141E+001, 9.2299224E+001, 9.6738614E+001, 1.1141385E+002, 1.4903603E+002, 2.0604771E+002, 2.1712876E+002, 2.1998208E+002, 2.2845999E+002, 2.4596858E+002, 2.4715857E+002, 2.4308613E+002, 2.3133879E+002, 2.0272645E+002, 1.8025706E+002, 1.5198032E+002, 1.4230084E+002, 1.4059939E+002, 1.4064979E+002, 1.4460249E+002, 1.4269777E+002, 1.3506572E+002, 1.3056877E+002, 1.4460166E+002, 1.7025874E+002, 1.9567224E+002, 1.9333321E+002, 2.0056260E+002, 2.1341071E+002, 2.3100476E+002, 2.4039898E+002, 2.2965412E+002, 2.0100125E+002, 1.3725812E+002, 1.0846637E+002, 1.6855447E+002, 1.9616865E+002, 2.3481874E+002, 2.1882036E+002, 2.2343565E+002, 2.4514757E+002, 2.6101601E+002, 2.5689151E+002
 6.9014502E+001, 2.0000190E+001, 2.0000483E+001, 2.0000989E+001, 2.0001312E+001, 2.0001734E+001, 2.0002057E+001, 2.0002666E+001, 2.0003110E+001, 2.0003779E+001, 2.0004270E+001, 2.0005163E+001, 2.0005820E+001, 2.0006894E+001, 2.0007644E+001, 2.0008769E+001, 2.0009537E+001, 2.0010704E+001, 2.0011514E+001, 2.0013021E+001, 2.0014248E+001, 2.0016255E+001, 2.0017711E+001, 2.0020070E+001, 2.0021758E+001, 2.0024445E+001, 2.0026401E+001, 2.0029638E+001, 2.0032072E+001, 2.0036759E+001, 2.0041091E+001, 2.8969636E+001, 7.8876952E+001, 1.0400085E+002, 1.0834959E+002, 1.1856424E+002, 1.1937592E+002, 1.2546697E+002, 1.2108293E+002, 1.0870029E+002, 1.0044141E+002, 9.2458814E+001, 8.9951676E+001, 8.8590391E+001, 8.8317443E+001, 8.8282942E+001, 8.8453431E+001, 8.8961023E+001, 8.9935133E+001, 9.2383682E+001, 9.4103526E+001, 9.6459909E+001, 1.0656571E+002, 1.4063781E+002, 1.7021091E+002, 2.0796415E+002, 2.0785387E+002, 1.7152481E+002, 1.6389662E+002, 2.0022911E+002, 2.0178422E+002, 1.9377671E+002, 1.8669715E+002, 1.7570485E+002, 1.6832400E+002, 1.6006127E+002, 1.5715230E+002, 1.5722739E+002, 1.5756339E+002, 1.5411044E+002, 1.5130366E+002, 1.4611265E+002, 1.4215838E+002, 1.5824841E+002, 1.8394981E+002, 2.0445562E+002, 2.0280044E+002, 2.0212427E+002, 2.0539056E+002, 2.0927444E+002, 2.0427315E+002, 1.8455160E+002, 1.7141841E+002, 1.5014062E+002, 1.3995532E+002, 1.5056121E+002, 1.7576620E+002, 2.2597432E+002, 2.2121689E+002, 2.1427640E+002, 2.3185943E+002, 2.4911270E+002, 2.4282710E+002, 2.2688293E+002, 2.3651681E+002, 2.4893446E+002, 2.4924845E+002, 2.5224068E+002, 2.5134294E+002, 2.4933803E+002, 2.5314498E+002, 2.4934273E+002, 2.5001741E+002, 2.0405154E+002, 2.1926091E+002, 2.0819039E+002, 1.8845160E+002, 1.6464067E+002, 1.5253722E+002, 1.7917910E+002, 1.9013997E+002, 1.8389120E+002, 1.8927475E+002, 1.9911745E+002, 2.0152389E+002, 2.0057838E+002, 2.0047970E+002, 1.9745396E+002, 2.1389576E+002, 1.9987276E+002, 1.8358755E+002, 1.9373572E+002, 2.1170897E+002, 2.1380831E+002, 2.1771409E+002, 2.2263404E+002, 2.2468032E+002, 2.2657964E+002, 2.2782635E+002, 2.2860780E+002, 2.2832887E+002, 2.2696588E+002, 2.2520515E+002, 2.2113303E+002, 2.1707765E+002, 2.0791487E+002, 2.0233986E+002, 1.9712856E+002, 1.9537266E+002, 1.9629227E+002, 1.9830580E+002, 2.0205092E+002, 2.0426724E+002, 2.0563280E+002, 1.9790355E+002, 1.6146357E+002, 1.6329020E+002, 1.7484511E+002, 1.7625458E+002, 1.7805700E+002, 1.7856438E+002, 1.7911514E+002, 1.7918429E+002, 1.7759036E+002, 1.7549398E+002, 1.7209664E+002, 1.7216556E+002, 1.7355973E+002, 1.7406237E+002, 1.7457659E+002, 1.7504694E+002, 2.0000201E+001, 2.0000493E+001, 2.0001006E+001, 2.0001342E+001, 2.0001749E+001, 2.0002050E+001, 2.0002678E+001, 2.0003139E+001, 2.0003862E+001, 2.0004390E+001, 2.0005327E+001, 2.0005980E+001, 2.0007076E+001, 2.0007913E+001, 2.0009134E+001, 2.0009944E+001, 2.0011178E+001, 2.0011983E+001, 2.0013434E+001, 2.0014761E+001, 2.0016901E+001, 2.0018427E+001, 2.0020888E+001, 2.0022720E+001, 2.0025631E+001, 2.0027710E+001, 2.0031207E+001, 2.0033742E+001, 2.0038622E+001, 2.0043421E+001, 2.6337263E+001, 7.9864926E+001, 9.9911918E+001, 1.0845794E+002, 1.2471710E+002, 1.2969376E+002, 1.2749691E+002, 1.2132520E+002, 1.0954748E+002, 1.0154631E+002, 9.3182395E+001, 9.0132417E+001, 8.8088236E+001, 8.7481004E+001, 8.5667367E+001, 8.4300748E+001, 8.2293877E+001, 8.0294732E+001, 7.6489792E+001, 7.4530743E+001, 7.6828685E+001, 8.5729485E+001, 1.1891216E+002, 1.4891611E+002, 2.0440783E+002, 2.1317529E+002, 2.1479657E+002, 2.2694117E+002, 2.3863153E+002, 2.3981227E+002, 2.3720087E+002, 2.2761937E+002, 2.0536979E+002, 1.8900272E+002, 1.6164529E+002, 1.4353443E+002, 1.2850528E+002, 1.2936441E+002, 1.3012398E+002, 1.3691745E+002, 1.4144178E+002, 1.3829616E+002, 1.4238367E+002, 1.5961702E+002, 1.8885701E+002, 1.9096979E+002, 1.9482952E+002, 2.0585450E+002, 2.2179200E+002, 2.2990149E+002, 2.2328187E+002, 2.0325671E+002, 1.6829895E+002, 1.4025268E+002, 1.0053211E+002, 1.1463400E+002, 2.1927294E+002, 2.1861337E+002, 2.1870141E+002, 2.3902135E+002, 2.6171280E+002, 2.5655013E+002, 2.5403396E+002, 2.6996612E+002
 7.0000232E+001, 2.0000186E+001, 2.0000451E+001, 2.0000901E+001, 2.0001256E+001, 2.0001786E+001, 2.0002100E+001, 2.0002600E+001, 2.0003020E+001, 2.0003725E+001, 2.0004208E+001, 2.0004998E+001, 2.0005620E+001, 2.0006653E+001, 2.0007412E+001, 2.0008627E+001, 2.0009448E+001, 2.0010717E+001, 2.0011581E+001, 2.0012929E+001, 2.0014005E+001, 2.0015985E+001, 2.0017465E+001, 2.0019911E+001, 2.0021696E+001, 2.0024631E+001, 2.0026786E+001, 2.0030459E+001, 2.0033306E+001, 2.0038725E+001, 2.0051645E+001, 6.0219552E+001, 1.0120616E+002, 1.1107745E+002, 1.1872565E+002, 1.1957537E+002, 1.2210854E+002, 1.0627319E+002, 9.5664643E+001, 8.8289538E+001, 8.7337544E+001, 8.6903978E+001, 8.6660608E+001, 8.6177493E+001, 8.5776591E+001, 8.5431493E+001, 8.5440523E+001, 8.6581044E+001, 9.1538235E+001, 1.1465613E+002, 1.3634985E+002, 1.7544411E+002, 1.9630927E+002, 2.0548555E+002, 2.0342697E+002, 1.7179412E+002, 1.5439650E+002, 1.9075397E+002, 1.9407416E+002, 1.8863004E+002, 1.8313387E+002, 1.7359116E+002, 1.6801661E+002, 1.5788767E+002, 1.5248040E+002, 1.4954078E+002, 1.4978856E+002, 1.5129187E+002, 1.4931599E+002, 1.4595193E+002, 1.4266946E+002, 1.4467769E+002, 1.6723339E+002, 1.9504756E+002, 1.9467657E+002, 1.9571587E+002, 1.9931052E+002, 2.0272755E+002, 1.9178629E+002, 1.7649788E+002, 1.7228088E+002, 1.5678057E+002, 1.4566014E+002, 1.3470001E+002, 1.3887957E+002, 1.8044375E+002, 2.0542401E+002, 2.1131883E+002, 2.1009665E+002, 2.3633242E+002, 2.3879460E+002, 2.2397336E+002, 2.2048201E+002, 2.4272820E+002, 2.3404033E+002, 2.3497195E+002, 2.3948685E+002, 2.4032217E+002, 2.4102671E+002, 2.5206967E+002, 2.5452294E+002, 2.3855866E+002, 2.0410847E+002, 1.9014263E+002, 1.6589395E+002, 1.6566282E+002, 1.5695269E+002, 1.4987268E+002, 1.5601462E+002, 1.6716411E+002, 1.7830252E+002, 1.7694686E+002, 1.8253971E+002, 1.9001589E+002, 1.8454953E+002, 1.8613079E+002, 1.9053381E+002, 1.9517957E+002, 1.9376751E+002, 1.8444043E+002, 1.6499876E+002, 1.7161797E+002, 2.0607470E+002, 2.0465421E+002, 2.0548949E+002, 2.0979988E+002, 2.1278418E+002, 2.1722887E+002, 2.1892820E+002, 2.2029303E+002, 2.2083168E+002, 2.2126847E+002, 2.2124020E+002, 2.2082636E+002, 2.2036912E+002, 2.1958588E+002, 2.1796689E+002, 2.1188296E+002, 2.0825522E+002, 2.0267830E+002, 1.9897947E+002, 1.9490448E+002, 1.9297240E+002, 1.9117866E+002, 1.9247980E+002, 1.9559562E+002, 1.7066427E+002, 1.6318019E+002, 1.7100745E+002, 1.7573477E+002, 1.7827017E+002, 1.8103710E+002, 1.8321005E+002, 1.8364918E+002, 1.8306386E+002, 1.7972545E+002, 1.7464574E+002, 1.6781882E+002, 1.6703040E+002, 1.6989329E+002, 1.6956462E+002, 2.0000175E+001, 2.0000455E+001, 2.0000907E+001, 2.0001270E+001, 2.0001828E+001, 2.0002137E+001, 2.0002613E+001, 2.0003041E+001, 2.0003764E+001, 2.0004285E+001, 2.0005144E+001, 2.0005797E+001, 2.0006829E+001, 2.0007590E+001, 2.0008922E+001, 2.0009816E+001, 2.0011170E+001, 2.0012092E+001, 2.0013432E+001, 2.0014452E+001, 2.0016559E+001, 2.0018114E+001, 2.0020678E+001, 2.0022514E+001, 2.0025694E+001, 2.0027980E+001, 2.0031866E+001, 2.0034951E+001, 2.0040619E+001, 2.0046804E+001, 5.4500280E+001, 9.9080858E+001, 1.1741597E+002, 1.2569473E+002, 1.2709149E+002, 1.2074489E+002, 1.0499095E+002, 9.6292341E+001, 8.9606923E+001, 8.8300025E+001, 8.7549338E+001, 8.6964329E+001, 8.5257137E+001, 8.3493190E+001, 8.0659702E+001, 7.8911165E+001, 7.5895689E+001, 7.4549518E+001, 8.3073878E+001, 9.8387491E+001, 1.3063723E+002, 1.5234909E+002, 1.8522482E+002, 1.9662380E+002, 2.0444545E+002, 2.1291378E+002, 2.2814120E+002, 2.3083337E+002, 2.2890961E+002, 2.2188417E+002, 1.9857251E+002, 1.8366318E+002, 1.6587428E+002, 1.5300343E+002, 1.3507292E+002, 1.2676078E+002, 1.2358065E+002, 1.2422114E+002, 1.3142378E+002, 1.3914571E+002, 1.4080719E+002, 1.5332517E+002, 1.8001345E+002, 1.8521356E+002, 1.9058116E+002, 2.0075652E+002, 2.1432046E+002, 2.2059815E+002, 2.1591308E+002, 2.0286178E+002, 1.7857645E+002, 1.6446147E+002, 1.4158674E+002, 1.1726156E+002, 1.2455893E+002, 1.6324009E+002, 2.0064337E+002, 2.2782017E+002, 2.5749684E+002, 2.5512879E+002, 2.5182619E+002, 2.6209081E+002, 2.7129366E+002, 2.6097271E+002
 7.1005359E+001, 2.0000178E+001, 2.0000436E+001, 2.0000862E+001, 2.0001172E+001, 2.0001719E+001, 2.0002106E+001, 2.0002646E+001, 2.0002997E+001, 2.0003635E+001, 2.0004131E+001, 2.0004918E+001, 2.0005480E+001, 2.0006459E+001, 2.0007184E+001, 2.0008389E+001, 2.0009268E+001, 2.0010631E+001, 2.0011574E+001, 2.0013037E+001, 2.0014042E+001, 2.0015796E+001, 2.0017245E+001, 2.0019742E+001, 2.0021606E+001, 2.0024723E+001, 2.0027095E+001, 2.0031206E+001, 2.0034519E+001, 2.0041050E+001, 2.0898057E+001, 1.0028740E+002, 1.0949629E+002, 1.1965979E+002, 1.1460215E+002, 1.1752864E+002, 1.0036888E+002, 8.6465247E+001, 8.5966939E+001, 8.5852972E+001, 8.5594186E+001, 8.4436826E+001, 8.3521988E+001, 8.2771359E+001, 8.6457013E+001, 1.0464082E+002, 1.2184865E+002, 1.5473972E+002, 1.7545773E+002, 1.8802948E+002, 1.8895974E+002, 1.9296480E+002, 1.9046382E+002, 1.6744706E+002, 1.5908793E+002, 1.8686263E+002, 1.8606956E+002, 1.8266955E+002, 1.7887511E+002, 1.7078443E+002, 1.6570030E+002, 1.5720887E+002, 1.5159806E+002, 1.4611946E+002, 1.4482161E+002, 1.4484012E+002, 1.4658618E+002, 1.4468647E+002, 1.4254241E+002, 1.3761605E+002, 1.4639278E+002, 1.8499024E+002, 1.8763756E+002, 1.8780155E+002, 1.9089225E+002, 1.9392442E+002, 1.8357157E+002, 1.7240562E+002, 1.7527254E+002, 1.6193736E+002, 1.5188511E+002, 1.4099293E+002, 1.3496977E+002, 1.4017610E+002, 1.7637568E+002, 2.0137000E+002, 2.0264470E+002, 2.1225159E+002, 2.2758965E+002, 2.3025701E+002, 2.1817866E+002, 2.4445027E+002, 2.4034803E+002, 2.1397715E+002, 2.2445857E+002, 2.4213646E+002, 2.4936706E+002, 2.4495886E+002, 2.4744604E+002, 2.4817188E+002, 2.4508089E+002, 2.1003865E+002, 1.7570550E+002, 1.9822454E+002, 2.0438130E+002, 1.8467568E+002, 1.6891419E+002, 1.7840573E+002, 1.8989477E+002, 1.7616205E+002, 1.6979003E+002, 1.7096411E+002, 1.7403684E+002, 1.8089034E+002, 1.8109744E+002, 1.6984178E+002, 1.6381349E+002, 1.6997974E+002, 1.8025718E+002, 1.9171320E+002, 1.9028190E+002, 1.6631257E+002, 1.5886458E+002, 1.9603748E+002, 2.0613460E+002, 2.1738545E+002, 2.1856700E+002, 2.1399005E+002, 2.1115078E+002, 2.0762406E+002, 2.0753366E+002, 2.0947886E+002, 2.1012140E+002, 2.0987262E+002, 2.0956050E+002, 2.0996701E+002, 2.1046096E+002, 2.1098039E+002, 2.1102875E+002, 2.1030520E+002, 2.0915628E+002, 2.0520061E+002, 2.0162804E+002, 1.9582581E+002, 1.9204510E+002, 1.8591168E+002, 1.8491730E+002, 1.5329693E+002, 1.5607248E+002, 1.7247387E+002, 1.7606026E+002, 1.7806579E+002, 1.7981715E+002, 1.8179226E+002, 1.8354164E+002, 1.8615702E+002, 1.8631069E+002, 1.8216570E+002, 1.7537795E+002, 1.6172188E+002, 1.6192242E+002, 2.0000175E+001, 2.0000419E+001, 2.0000861E+001, 2.0001183E+001, 2.0001738E+001, 2.0002150E+001, 2.0002695E+001, 2.0003029E+001, 2.0003664E+001, 2.0004170E+001, 2.0005009E+001, 2.0005619E+001, 2.0006655E+001, 2.0007393E+001, 2.0008601E+001, 2.0009541E+001, 2.0011028E+001, 2.0012032E+001, 2.0013590E+001, 2.0014621E+001, 2.0016325E+001, 2.0017842E+001, 2.0020434E+001, 2.0022402E+001, 2.0025644E+001, 2.0028196E+001, 2.0032573E+001, 2.0036075E+001, 2.0043171E+001, 2.0201936E+001, 9.5085347E+001, 1.1401549E+002, 1.2553835E+002, 1.2491659E+002, 1.0936733E+002, 9.6497135E+001, 8.8023301E+001, 8.8035984E+001, 8.7402083E+001, 8.6644208E+001, 8.4724370E+001, 8.2982383E+001, 8.0072326E+001, 7.8885173E+001, 7.9774554E+001, 8.2728061E+001, 9.7221388E+001, 1.1639835E+002, 1.4093671E+002, 1.4227759E+002, 1.4320583E+002, 1.6720841E+002, 1.9385243E+002, 2.0551583E+002, 2.2151122E+002, 2.2129784E+002, 2.2208171E+002, 2.1696306E+002, 2.0008102E+002, 1.8386054E+002, 1.6213292E+002, 1.5570731E+002, 1.4387370E+002, 1.3295837E+002, 1.2238201E+002, 1.2225046E+002, 1.2324610E+002, 1.2717220E+002, 1.3647435E+002, 1.4220852E+002, 1.7306397E+002, 1.7958929E+002, 1.8413525E+002, 1.9455389E+002, 2.0727241E+002, 2.1149926E+002, 2.0981713E+002, 2.0307724E+002, 1.8336847E+002, 1.6806736E+002, 1.5013559E+002, 1.4015828E+002, 1.2859261E+002, 1.3770597E+002, 1.7371396E+002, 1.7253940E+002, 2.4848680E+002, 2.5430624E+002, 2.4684916E+002, 2.5322803E+002, 2.6960998E+002, 2.6489298E+002, 2.4745222E+002, 2.6816260E+002
 7.2003194E+001, 2.0000227E+001, 2.0000500E+001, 2.0000910E+001, 2.0001220E+001, 2.0001720E+001, 2.0002112E+001, 2.0002742E+001, 2.0003146E+001, 2.0003725E+001, 2.0004180E+001, 2.0004983E+001, 2.0005556E+001, 2.0006487E+001, 2.0007202E+001, 2.0008381E+001, 2.0009259E+001, 2.0010716E+001, 2.0011734E+001, 2.0013348E+001, 2.0014472E+001, 2.0016221E+001, 2.0017564E+001, 2.0020101E+001, 2.0022060E+001, 2.0025448E+001, 2.0028077E+001, 2.0032902E+001, 2.0037047E+001, 2.0849351E+001, 7.3350674E+001, 1.1204817E+002, 1.1580265E+002, 1.1559034E+002, 1.1336793E+002, 9.1179860E+001, 8.4545873E+001, 8.5015739E+001, 8.4549080E+001, 8.3077104E+001, 8.2015335E+001, 9.9246691E+001, 1.1903193E+002, 1.4428601E+002, 1.5636692E+002, 1.6382212E+002, 1.6739443E+002, 1.7202929E+002, 1.7421404E+002, 1.7375929E+002, 1.6506002E+002, 1.6801612E+002, 1.7347313E+002, 1.8324477E+002, 1.8230730E+002, 1.7808098E+002, 1.7517772E+002, 1.6665750E+002, 1.6043335E+002, 1.5195287E+002, 1.4742479E+002, 1.4340504E+002, 1.4156615E+002, 1.3995982E+002, 1.4020424E+002, 1.4207500E+002, 1.4084954E+002, 1.3646097E+002, 1.4064026E+002, 1.7124997E+002, 1.8039943E+002, 1.8168779E+002, 1.8190967E+002, 1.8301284E+002, 1.7649625E+002, 1.7287140E+002, 1.7459217E+002, 1.6369639E+002, 1.5392008E+002, 1.4245554E+002, 1.3661036E+002, 1.3180061E+002, 1.5251759E+002, 1.8782695E+002, 1.9253180E+002, 2.0795952E+002, 2.2272901E+002, 2.1847649E+002, 2.2777009E+002, 2.4355626E+002, 2.4981450E+002, 2.2475167E+002, 2.0943109E+002, 2.3756218E+002, 2.5181726E+002, 2.4940327E+002, 2.4194097E+002, 2.3874282E+002, 2.3707443E+002, 2.3809368E+002, 2.3587545E+002, 1.8881804E+002, 1.9623988E+002, 1.8143213E+002, 1.9094666E+002, 1.9795480E+002, 1.8505991E+002, 2.1942298E+002, 2.2238338E+002, 2.0533306E+002, 1.9248323E+002, 1.8317508E+002, 1.8005692E+002, 1.7830983E+002, 1.7600579E+002, 1.7437878E+002, 1.7565572E+002, 1.6133199E+002, 1.8074983E+002, 1.9876991E+002, 1.9930425E+002, 1.9372218E+002, 1.9308831E+002, 1.7994764E+002, 2.0644552E+002, 2.1675378E+002, 2.1701406E+002, 2.1926661E+002, 2.2013596E+002, 2.1991011E+002, 2.1689878E+002, 2.1015797E+002, 2.0624555E+002, 2.0156049E+002, 2.0001132E+002, 1.9954003E+002, 1.9903470E+002, 1.9888390E+002, 1.9928710E+002, 1.9989732E+002, 1.9977826E+002, 1.9885440E+002, 1.9827857E+002, 1.9748226E+002, 1.9475823E+002, 1.9023883E+002, 1.8646749E+002, 1.7928361E+002, 1.5659037E+002, 1.6696042E+002, 1.7277923E+002, 1.7416444E+002, 1.7550439E+002, 1.7595967E+002, 1.7649126E+002, 1.7810444E+002, 1.7974908E+002, 1.8186366E+002, 1.8293856E+002, 1.8110700E+002, 1.7225220E+002, 2.0000214E+001, 2.0000494E+001, 2.0000881E+001, 2.0001207E+001, 2.0001725E+001, 2.0002129E+001, 2.0002800E+001, 2.0003215E+001, 2.0003768E+001, 2.0004221E+001, 2.0005045E+001, 2.0005648E+001, 2.0006646E+001, 2.0007413E+001, 2.0008611E+001, 2.0009482E+001, 2.0011045E+001, 2.0012146E+001, 2.0013859E+001, 2.0015061E+001, 2.0016894E+001, 2.0018201E+001, 2.0020768E+001, 2.0022832E+001, 2.0026412E+001, 2.0029100E+001, 2.0034257E+001, 2.0038597E+001, 2.0199958E+001, 5.3058425E+001, 1.1752113E+002, 1.2293143E+002, 1.1722295E+002, 1.0604318E+002, 8.9077635E+001, 8.7500446E+001, 8.9200599E+001, 8.7074017E+001, 8.4017206E+001, 8.2317776E+001, 9.2809323E+001, 1.0696630E+002, 1.1030624E+002, 1.0707392E+002, 1.0727000E+002, 1.1319414E+002, 1.2379922E+002, 1.2852128E+002, 1.4958516E+002, 1.7210187E+002, 1.9874418E+002, 2.0782204E+002, 2.1488139E+002, 2.1610267E+002, 2.1377591E+002, 2.0728081E+002, 1.9337871E+002, 1.7850086E+002, 1.5584549E+002, 1.4086905E+002, 1.3486104E+002, 1.3143175E+002, 1.2479577E+002, 1.1964672E+002, 1.2154077E+002, 1.2459201E+002, 1.2912164E+002, 1.3542817E+002, 1.6383171E+002, 1.7491969E+002, 1.8104141E+002, 1.8938283E+002, 2.0087139E+002, 2.0263393E+002, 2.0181177E+002, 1.9839551E+002, 1.8229888E+002, 1.6936254E+002, 1.5225680E+002, 1.4312150E+002, 1.3120670E+002, 1.3528258E+002, 1.6785308E+002, 1.7307706E+002, 2.1243135E+002, 2.4063810E+002, 2.4298364E+002, 2.5051749E+002, 2.6482564E+002, 2.6416129E+002, 2.4242590E+002, 2.4418513E+002, 2.8257474E+002, 3.0817809E+002
 7.3018899E+001, 2.0000227E+001, 2.0000530E+001, 2.0000998E+001, 2.0001289E+001, 2.0001791E+001, 2.0002148E+001, 2.0002778E+001, 2.0003239E+001, 2.0003913E+001, 2.0004339E+001, 2.0005076E+001, 2.0005662E+001, 2.0006613E+001, 2.0007301E+001, 2.0008489E+001, 2.0009354E+001, 2.0010808E+001, 2.0011902E+001, 2.0013648E+001, 2.0014893E+001, 2.0016873E+001, 2.0018261E+001, 2.0020720E+001, 2.0022762E+001, 2.0026458E+001, 2.0029453E+001, 2.0035340E+001, 2.0078924E+001, 7.1013846E+001, 1.1092972E+002, 1.1581243E+002, 1.1707927E+002, 1.1123477E+002, 1.0134357E+002, 8.2995322E+001, 8.3668110E+001, 8.2447015E+001, 9.2643867E+001, 1.1896065E+002, 1.3753699E+002, 1.4982990E+002, 1.4946751E+002, 1.4988894E+002, 1.5117004E+002, 1.5521921E+002, 1.5910955E+002, 1.6056202E+002, 1.6277663E+002, 1.6905342E+002, 1.7986369E+002, 1.8108877E+002, 1.7913928E+002, 1.7418389E+002, 1.6828753E+002, 1.5945135E+002, 1.5267244E+002, 1.4385280E+002, 1.4075785E+002, 1.3858102E+002, 1.3752024E+002, 1.3622612E+002, 1.3573786E+002, 1.3680381E+002, 1.3782220E+002, 1.3516465E+002, 1.3659793E+002, 1.5882474E+002, 1.7316495E+002, 1.7521788E+002, 1.7434481E+002, 1.7407169E+002, 1.7231413E+002, 1.7211370E+002, 1.7292710E+002, 1.6289944E+002, 1.5338243E+002, 1.4398796E+002, 1.3778599E+002, 1.3103803E+002, 1.4200221E+002, 1.7455914E+002, 1.8725189E+002, 2.0148761E+002, 2.1352125E+002, 2.2213232E+002, 2.3124665E+002, 2.4918877E+002, 2.5029347E+002, 2.3864350E+002, 2.1566564E+002, 2.2331622E+002, 2.5266669E+002, 2.5786104E+002, 2.5142018E+002, 2.3684598E+002, 2.3482436E+002, 2.3475106E+002, 2.2952034E+002, 2.2381012E+002, 1.7971954E+002, 1.9627398E+002, 2.1279971E+002, 2.1671810E+002, 2.0824216E+002, 2.1275135E+002, 2.3678026E+002, 2.3066148E+002, 2.1700013E+002, 2.0200602E+002, 1.7405349E+002, 1.6142581E+002, 1.6523217E+002, 1.6858671E+002, 1.7316568E+002, 1.7720057E+002, 1.7442816E+002, 1.7201294E+002, 1.6084907E+002, 1.7212099E+002, 1.7945583E+002, 1.8476342E+002, 1.8518413E+002, 1.9660768E+002, 2.0652627E+002, 2.0832695E+002, 2.0788699E+002, 2.0792183E+002, 2.0866223E+002, 2.0968499E+002, 2.1075898E+002, 2.1221153E+002, 2.1292155E+002, 2.1310408E+002, 2.1172023E+002, 2.0791260E+002, 2.0597873E+002, 2.0308540E+002, 2.0089563E+002, 1.9768374E+002, 1.9603490E+002, 1.9481242E+002, 1.9402154E+002, 1.9199090E+002, 1.9006880E+002, 1.8714652E+002, 1.8549083E+002, 1.8220666E+002, 1.7948928E+002, 1.5427720E+002, 1.6715439E+002, 1.7007031E+002, 1.7105957E+002, 1.7218353E+002, 1.7211068E+002, 1.7234956E+002, 1.7317118E+002, 1.7480002E+002, 1.7577061E+002, 1.7682182E+002, 1.7722130E+002, 2.0000206E+001, 2.0000506E+001, 2.0001003E+001, 2.0001271E+001, 2.0001793E+001, 2.0002164E+001, 2.0002813E+001, 2.0003302E+001, 2.0004003E+001, 2.0004416E+001, 2.0005143E+001, 2.0005745E+001, 2.0006745E+001, 2.0007480E+001, 2.0008745E+001, 2.0009639E+001, 2.0011093E+001, 2.0012250E+001, 2.0014113E+001, 2.0015427E+001, 2.0017565E+001, 2.0019032E+001, 2.0021439E+001, 2.0023518E+001, 2.0027371E+001, 2.0030555E+001, 2.0036578E+001, 2.0046361E+001, 5.3871268E+001, 1.1132148E+002, 1.2199119E+002, 1.1703021E+002, 1.0277684E+002, 9.3211629E+001, 8.7829756E+001, 8.7945049E+001, 8.3527390E+001, 8.8568587E+001, 1.1056490E+002, 1.2690429E+002, 1.4015182E+002, 1.3287067E+002, 1.1670290E+002, 1.0859856E+002, 1.1108965E+002, 1.2612957E+002, 1.6016231E+002, 1.8211908E+002, 2.0110936E+002, 2.0573842E+002, 2.0362063E+002, 1.9987309E+002, 1.9432340E+002, 1.8431742E+002, 1.7048501E+002, 1.6073879E+002, 1.3461543E+002, 1.2013533E+002, 1.1627860E+002, 1.1372620E+002, 1.1781668E+002, 1.1598014E+002, 1.1702988E+002, 1.1835224E+002, 1.2720391E+002, 1.2945746E+002, 1.5215489E+002, 1.6832985E+002, 1.7813415E+002, 1.8483814E+002, 1.9426239E+002, 1.9593508E+002, 1.9566324E+002, 1.9333149E+002, 1.7909905E+002, 1.6487094E+002, 1.5017739E+002, 1.4479302E+002, 1.3706065E+002, 1.3524552E+002, 1.5578552E+002, 1.7167487E+002, 1.9988046E+002, 2.2514904E+002, 2.4163898E+002, 2.4777093E+002, 2.6248759E+002, 2.6184127E+002, 2.4524666E+002, 2.4196388E+002, 2.6767900E+002, 3.0798133E+002, 3.2230317E+002, 3.1747077E+002
 7.4014956E+001, 2.0000281E+001, 2.0000601E+001, 2.0001108E+001, 2.0001454E+001, 2.0001943E+001, 2.0002318E+001, 2.0002915E+001, 2.0003385E+001, 2.0004146E+001, 2.0004648E+001, 2.0005379E+001, 2.0005933E+001, 2.0006918E+001, 2.0007633E+001, 2.0008824E+001, 2.0009733E+001, 2.0011216E+001, 2.0012331E+001, 2.0014231E+001, 2.0015599E+001, 2.0017832E+001, 2.0019454E+001, 2.0022119E+001, 2.0024286E+001, 2.0028493E+001, 2.0032091E+001, 2.3548204E+001, 4.7282106E+001, 1.1278650E+002, 1.1530190E+002, 1.1463864E+002, 1.1037804E+002, 1.0299660E+002, 8.3864673E+001, 9.3995189E+001, 1.0679094E+002, 1.3568295E+002, 1.4417924E+002, 1.4308901E+002, 1.4196104E+002, 1.4367386E+002, 1.4768098E+002, 1.5537645E+002, 1.6097051E+002, 1.6829034E+002, 1.7108603E+002, 1.7667624E+002, 1.7559245E+002, 1.6955954E+002, 1.6447842E+002, 1.5602192E+002, 1.5090590E+002, 1.4365358E+002, 1.3880495E+002, 1.3124845E+002, 1.2803079E+002, 1.2893273E+002, 1.3078354E+002, 1.3094635E+002, 1.3123949E+002, 1.3178413E+002, 1.3272854E+002, 1.3350660E+002, 1.3686367E+002, 1.5138186E+002, 1.6692582E+002, 1.6981879E+002, 1.6905849E+002, 1.6832136E+002, 1.7019874E+002, 1.6958938E+002, 1.7025027E+002, 1.5963585E+002, 1.4979241E+002, 1.4161064E+002, 1.3634079E+002, 1.3385915E+002, 1.4029964E+002, 1.6949450E+002, 1.8573274E+002, 1.9984710E+002, 2.1119461E+002, 2.2533193E+002, 2.3264175E+002, 2.5063215E+002, 2.5058774E+002, 2.2950330E+002, 2.2563471E+002, 2.3142138E+002, 2.6437539E+002, 2.7991648E+002, 2.6646397E+002, 2.4855240E+002, 2.3480975E+002, 2.3531206E+002, 2.3249375E+002, 2.3007075E+002, 2.2042094E+002, 2.0219695E+002, 2.1547850E+002, 2.1599235E+002, 2.1179422E+002, 2.2601387E+002, 2.6242717E+002, 2.8961207E+002, 2.7151625E+002, 2.1584884E+002, 2.1602676E+002, 2.0152488E+002, 1.8463036E+002, 1.5604380E+002, 1.5754035E+002, 1.6427176E+002, 1.6617983E+002, 1.6733472E+002, 1.6662845E+002, 1.6662398E+002, 1.6877504E+002, 1.6630935E+002, 1.6090745E+002, 1.5542297E+002, 1.8637820E+002, 1.9864440E+002, 2.0165762E+002, 2.0315033E+002, 2.0383544E+002, 2.0410990E+002, 2.0371796E+002, 2.0288739E+002, 2.0254036E+002, 2.0296548E+002, 2.0375877E+002, 2.0490891E+002, 2.0511090E+002, 2.0516690E+002, 2.0546034E+002, 2.0606664E+002, 2.0653900E+002, 2.0718625E+002, 2.0723325E+002, 2.0607742E+002, 2.0476788E+002, 2.0213935E+002, 1.9980674E+002, 1.9526824E+002, 1.9113302E+002, 1.8230515E+002, 1.7787919E+002, 1.7654050E+002, 1.6897549E+002, 1.6376887E+002, 1.6736072E+002, 1.6982727E+002, 1.7014719E+002, 1.6869354E+002, 1.6898017E+002, 1.6954275E+002, 1.7085181E+002, 1.7420791E+002, 1.7629764E+002, 2.0000279E+001, 2.0000574E+001, 2.0001092E+001, 2.0001469E+001, 2.0001919E+001, 2.0002326E+001, 2.0002944E+001, 2.0003432E+001, 2.0004240E+001, 2.0004763E+001, 2.0005493E+001, 2.0006024E+001, 2.0007039E+001, 2.0007797E+001, 2.0009039E+001, 2.0010022E+001, 2.0011576E+001, 2.0012652E+001, 2.0014661E+001, 2.0016109E+001, 2.0018495E+001, 2.0020227E+001, 2.0023006E+001, 2.0025136E+001, 2.0029512E+001, 2.0033418E+001, 2.1370840E+001, 4.0235881E+001, 1.1487963E+002, 1.2044217E+002, 1.1256304E+002, 1.0080107E+002, 9.3949627E+001, 8.5094477E+001, 9.3390315E+001, 1.0283513E+002, 1.2664500E+002, 1.3784363E+002, 1.3917305E+002, 1.3713290E+002, 1.3191327E+002, 1.3207147E+002, 1.4087184E+002, 1.5320578E+002, 1.7952427E+002, 1.9140481E+002, 1.9328528E+002, 1.9013667E+002, 1.7898941E+002, 1.6863205E+002, 1.5316166E+002, 1.4446620E+002, 1.2950476E+002, 1.2515103E+002, 1.1580249E+002, 1.0316913E+002, 9.3088138E+001, 9.7242404E+001, 1.0000691E+002, 1.0477542E+002, 1.1081501E+002, 1.1387496E+002, 1.2103508E+002, 1.2940855E+002, 1.4370287E+002, 1.6092555E+002, 1.7608345E+002, 1.8141484E+002, 1.8873546E+002, 1.9053564E+002, 1.8927301E+002, 1.8706959E+002, 1.7587824E+002, 1.6377504E+002, 1.4792080E+002, 1.3962758E+002, 1.3639839E+002, 1.4000589E+002, 1.5210728E+002, 1.7201180E+002, 1.9575980E+002, 2.1883486E+002, 2.3825918E+002, 2.4438627E+002, 2.5361488E+002, 2.5375969E+002, 2.4607121E+002, 2.5359937E+002, 2.8508901E+002, 3.0942203E+002, 3.1507586E+002, 3.0606054E+002, 2.9970924E+002, 2.8378063E+002
 7.5005367E+001, 2.0000533E+001, 2.0001019E+001, 2.0001577E+001, 2.0001962E+001, 2.0002514E+001, 2.0002917E+001, 2.0003574E+001, 2.0004079E+001, 2.0004919E+001, 2.0005488E+001, 2.0006325E+001, 2.0006938E+001, 2.0008022E+001, 2.0008826E+001, 2.0010169E+001, 2.0011193E+001, 2.0012884E+001, 2.0014154E+001, 2.0016341E+001, 2.0017957E+001, 2.0020667E+001, 2.0022698E+001, 2.0026187E+001, 2.0029196E+001, 2.0036086E+001, 2.2785767E+001, 1.0647731E+002, 1.1414001E+002, 1.1406775E+002, 1.0969146E+002, 1.0584249E+002, 9.9135306E+001, 1.1973242E+002, 1.3541219E+002, 1.3845098E+002, 1.3693196E+002, 1.3932763E+002, 1.4551725E+002, 1.5745137E+002, 1.6378582E+002, 1.6936157E+002, 1.7045487E+002, 1.6752672E+002, 1.6335231E+002, 1.5521298E+002, 1.4948456E+002, 1.4083064E+002, 1.3568240E+002, 1.2879274E+002, 1.2581064E+002, 1.2203568E+002, 1.1837044E+002, 1.1438372E+002, 1.1469104E+002, 1.1893613E+002, 1.2119688E+002, 1.2351223E+002, 1.2495589E+002, 1.2735284E+002, 1.2801698E+002, 1.3042695E+002, 1.4502489E+002, 1.6384756E+002, 1.6585148E+002, 1.6269758E+002, 1.6571254E+002, 1.6814958E+002, 1.6967000E+002, 1.6664915E+002, 1.5821772E+002, 1.4658708E+002, 1.4123711E+002, 1.3328543E+002, 1.2869839E+002, 1.4074197E+002, 1.6406735E+002, 1.8720872E+002, 1.9654388E+002, 2.1329275E+002, 2.2659254E+002, 2.4101148E+002, 2.4518580E+002, 2.4414546E+002, 2.3606452E+002, 2.2356829E+002, 2.4746187E+002, 2.7008291E+002, 2.6811825E+002, 2.5668330E+002, 2.4284268E+002, 2.3730251E+002, 2.4063804E+002, 2.3469129E+002, 2.2765606E+002, 2.2647716E+002, 2.2851698E+002, 2.0968123E+002, 2.0160807E+002, 2.2750882E+002, 2.5852104E+002, 2.7911024E+002, 2.9725345E+002, 3.3408022E+002, 2.8874945E+002, 2.6370199E+002, 2.3197273E+002, 2.3396012E+002, 2.3443163E+002, 2.1695505E+002, 1.9985259E+002, 1.7524730E+002, 1.5816150E+002, 1.5663878E+002, 1.6834651E+002, 1.6949781E+002, 1.6827881E+002, 1.6226389E+002, 1.5872504E+002, 1.5818580E+002, 1.5892724E+002, 1.6146209E+002, 1.5859354E+002, 1.8710715E+002, 1.9662260E+002, 2.0020803E+002, 2.0091803E+002, 2.0213440E+002, 2.0249898E+002, 2.0175756E+002, 2.0072736E+002, 1.9933382E+002, 1.9815066E+002, 1.9839196E+002, 1.9915099E+002, 2.0062919E+002, 2.0099718E+002, 2.0065100E+002, 2.0035554E+002, 2.0004867E+002, 1.9993490E+002, 1.9978976E+002, 1.9946717E+002, 1.9864309E+002, 1.9796867E+002, 1.9727034E+002, 1.9719829E+002, 1.9633783E+002, 1.9163789E+002, 1.8040937E+002, 1.7167172E+002, 1.6749672E+002, 1.5683384E+002, 1.7074230E+002, 1.7188620E+002, 1.6755114E+002, 1.6682953E+002, 1.6668344E+002, 1.6571869E+002, 1.6737971E+002, 1.7356001E+002, 2.0000530E+001, 2.0000999E+001, 2.0001557E+001, 2.0001982E+001, 2.0002516E+001, 2.0002935E+001, 2.0003621E+001, 2.0004142E+001, 2.0005032E+001, 2.0005634E+001, 2.0006481E+001, 2.0007074E+001, 2.0008186E+001, 2.0009030E+001, 2.0010430E+001, 2.0011533E+001, 2.0013320E+001, 2.0014570E+001, 2.0016852E+001, 2.0018568E+001, 2.0021448E+001, 2.0023624E+001, 2.0027313E+001, 2.0030348E+001, 2.0036984E+001, 2.0756661E+001, 1.0616493E+002, 1.1916552E+002, 1.1209032E+002, 1.0164034E+002, 9.6768487E+001, 9.1283270E+001, 1.1763913E+002, 1.3248651E+002, 1.3574595E+002, 1.3577066E+002, 1.3889109E+002, 1.4456107E+002, 1.6096631E+002, 1.7342211E+002, 1.8362938E+002, 1.8447954E+002, 1.7670388E+002, 1.6898135E+002, 1.5821728E+002, 1.4988691E+002, 1.3412865E+002, 1.2482618E+002, 1.1297165E+002, 1.0697604E+002, 1.0545585E+002, 1.0175823E+002, 9.2669104E+001, 8.6827890E+001, 8.5066787E+001, 8.8347240E+001, 9.3500246E+001, 9.6294335E+001, 1.1036335E+002, 1.1463937E+002, 1.2340274E+002, 1.3521447E+002, 1.5966147E+002, 1.7091903E+002, 1.7954169E+002, 1.8269842E+002, 1.8421301E+002, 1.8530563E+002, 1.8102488E+002, 1.7183947E+002, 1.5862663E+002, 1.5031450E+002, 1.3722341E+002, 1.3268271E+002, 1.3525436E+002, 1.4977131E+002, 1.7397772E+002, 1.9492120E+002, 2.2043145E+002, 2.3189303E+002, 2.4645810E+002, 2.4691296E+002, 2.3950412E+002, 2.3346005E+002, 2.4931427E+002, 2.8398650E+002, 3.1809408E+002, 3.2214725E+002, 2.9469869E+002, 2.6299863E+002, 2.7272390E+002, 2.7324081E+002, 2.6882038E+002, 2.4302039E+002
 7.6009295E+001, 2.0000438E+001, 2.0001096E+001, 2.0001859E+001, 2.0002269E+001, 2.0002904E+001, 2.0003320E+001, 2.0004019E+001, 2.0004528E+001, 2.0005417E+001, 2.0006061E+001, 2.0007035E+001, 2.0007687E+001, 2.0008813E+001, 2.0009681E+001, 2.0011132E+001, 2.0012232E+001, 2.0014104E+001, 2.0015493E+001, 2.0017910E+001, 2.0019768E+001, 2.0022958E+001, 2.0025461E+001, 2.0029989E+001, 2.0033993E+001, 3.0809177E+001, 9.6813912E+001, 1.1139624E+002, 1.0937732E+002, 1.0597415E+002, 1.0477767E+002, 1.0592011E+002, 1.2997546E+002, 1.3321026E+002, 1.3535051E+002, 1.4880623E+002, 1.5908462E+002, 1.6608972E+002, 1.6299170E+002, 1.5461293E+002, 1.4913087E+002, 1.4097781E+002, 1.3554988E+002, 1.2810945E+002, 1.2383924E+002, 1.1887269E+002, 1.1643072E+002, 1.1369594E+002, 1.1221255E+002, 1.0888778E+002, 1.0630234E+002, 1.0437070E+002, 1.0542857E+002, 1.1000105E+002, 1.1287441E+002, 1.1633078E+002, 1.1895136E+002, 1.2266058E+002, 1.2350501E+002, 1.3144899E+002, 1.4678102E+002, 1.6171957E+002, 1.6132584E+002, 1.5886644E+002, 1.6256268E+002, 1.6631620E+002, 1.6641342E+002, 1.5881436E+002, 1.5089895E+002, 1.4225341E+002, 1.3770237E+002, 1.2983070E+002, 1.2714121E+002, 1.4916273E+002, 1.7039016E+002, 1.8930146E+002, 2.0052557E+002, 2.2323356E+002, 2.3302769E+002, 2.3790354E+002, 2.3661417E+002, 2.3059187E+002, 2.1191321E+002, 2.4338694E+002, 2.6465344E+002, 2.7248973E+002, 2.6460482E+002, 2.4090882E+002, 2.3828555E+002, 2.3766187E+002, 2.3911483E+002, 2.3169992E+002, 2.2355398E+002, 2.2195575E+002, 2.2249782E+002, 2.2844445E+002, 2.1740235E+002, 2.8904750E+002, 3.3929157E+002, 3.7134816E+002, 3.7273588E+002, 3.7387010E+002, 3.2664902E+002, 2.5698812E+002, 2.2900320E+002, 2.0147632E+002, 2.1646269E+002, 2.3747110E+002, 2.2796147E+002, 2.2739690E+002, 2.3530432E+002, 2.3067406E+002, 2.1662335E+002, 1.7927618E+002, 1.6120981E+002, 1.5873170E+002, 1.6371142E+002, 1.6640412E+002, 1.6500079E+002, 1.6167875E+002, 1.5977803E+002, 1.5541031E+002, 1.5371417E+002, 1.5874514E+002, 1.5454098E+002, 1.9397231E+002, 1.9583760E+002, 1.9782017E+002, 1.9786797E+002, 1.9715599E+002, 1.9681776E+002, 1.9739944E+002, 1.9700116E+002, 1.9823931E+002, 1.9814700E+002, 1.9686447E+002, 1.9591831E+002, 1.9557407E+002, 1.9626796E+002, 1.9739945E+002, 1.9760483E+002, 1.9705232E+002, 1.9669837E+002, 1.9622292E+002, 1.9575859E+002, 1.9478097E+002, 1.9394986E+002, 1.9260666E+002, 1.9170083E+002, 1.9047821E+002, 1.8914680E+002, 1.7672812E+002, 1.6803387E+002, 1.5209730E+002, 1.7188058E+002, 1.7783316E+002, 1.7106231E+002, 1.6742021E+002, 1.6797077E+002, 1.6157193E+002, 1.6343072E+002, 2.0000429E+001, 2.0001094E+001, 2.0001833E+001, 2.0002251E+001, 2.0002945E+001, 2.0003339E+001, 2.0004076E+001, 2.0004596E+001, 2.0005516E+001, 2.0006210E+001, 2.0007230E+001, 2.0007874E+001, 2.0009023E+001, 2.0009899E+001, 2.0011409E+001, 2.0012567E+001, 2.0014588E+001, 2.0016035E+001, 2.0018440E+001, 2.0020427E+001, 2.0023804E+001, 2.0026465E+001, 2.0031406E+001, 2.0035672E+001, 2.3982392E+001, 9.2831377E+001, 1.1539028E+002, 1.0252455E+002, 9.7528183E+001, 9.7962489E+001, 1.1951628E+002, 1.3159369E+002, 1.3374296E+002, 1.3840391E+002, 1.5522740E+002, 1.6621354E+002, 1.7557653E+002, 1.7320842E+002, 1.6252566E+002, 1.5325393E+002, 1.4157973E+002, 1.3490045E+002, 1.2428812E+002, 1.1820101E+002, 1.1007892E+002, 1.0557686E+002, 9.9696916E+001, 9.8064238E+001, 9.6831433E+001, 9.2971319E+001, 8.5352750E+001, 8.1103594E+001, 7.8549530E+001, 8.0981590E+001, 8.4898576E+001, 8.8244143E+001, 9.9851899E+001, 1.1062985E+002, 1.2292789E+002, 1.3699019E+002, 1.5917454E+002, 1.6950857E+002, 1.7682964E+002, 1.7900501E+002, 1.8058775E+002, 1.8049154E+002, 1.7214126E+002, 1.6378816E+002, 1.5211215E+002, 1.4424062E+002, 1.3531468E+002, 1.3116642E+002, 1.3861312E+002, 1.5503283E+002, 1.8315396E+002, 2.0351418E+002, 2.2577229E+002, 2.3437966E+002, 2.4120178E+002, 2.3687104E+002, 2.3438220E+002, 2.5064681E+002, 2.8693275E+002, 3.0296074E+002, 3.0152387E+002, 2.8622670E+002, 2.5897896E+002, 2.4149573E+002, 2.4306542E+002, 2.5469522E+002, 2.5101645E+002, 2.4506790E+002, 2.2624076E+002, 2.0900394E+002
 7.7004067E+001, 2.0000296E+001, 2.0000833E+001, 2.0001800E+001, 2.0002365E+001, 2.0003093E+001, 2.0003561E+001, 2.0004286E+001, 2.0004813E+001, 2.0005692E+001, 2.0006364E+001, 2.0007464E+001, 2.0008217E+001, 2.0009386E+001, 2.0010273E+001, 2.0011804E+001, 2.0012955E+001, 2.0014941E+001, 2.0016456E+001, 2.0019058E+001, 2.0021089E+001, 2.0024729E+001, 2.0027690E+001, 2.0033238E+001, 2.0130089E+001, 9.3577049E+001, 1.0937316E+002, 1.0260071E+002, 1.0044716E+002, 1.0300130E+002, 1.0264684E+002, 1.2483740E+002, 1.3157109E+002, 1.4956026E+002, 1.6347426E+002, 1.6058363E+002, 1.4943469E+002, 1.3466757E+002, 1.2884937E+002, 1.2111009E+002, 1.1614572E+002, 1.1112853E+002, 1.0904008E+002, 1.0646320E+002, 1.0492206E+002, 1.0332790E+002, 1.0272631E+002, 1.0030073E+002, 9.8365054E+001, 9.7755772E+001, 9.8128932E+001, 1.0107305E+002, 1.0410814E+002, 1.0905026E+002, 1.1223705E+002, 1.1743029E+002, 1.1920859E+002, 1.2471144E+002, 1.4270097E+002, 1.5910312E+002, 1.6013954E+002, 1.5245964E+002, 1.5859196E+002, 1.6187495E+002, 1.6251099E+002, 1.5400565E+002, 1.4639775E+002, 1.4026912E+002, 1.3643142E+002, 1.2871082E+002, 1.2401443E+002, 1.4577923E+002, 1.7104934E+002, 1.8618391E+002, 1.9983389E+002, 2.2621473E+002, 2.3189540E+002, 2.3143735E+002, 2.2833126E+002, 2.2815099E+002, 2.0812460E+002, 2.1870917E+002, 2.4661384E+002, 2.4894630E+002, 2.4134052E+002, 2.3051692E+002, 2.2535148E+002, 2.3236143E+002, 2.3673030E+002, 2.3687688E+002, 2.1845174E+002, 2.1426594E+002, 2.1329654E+002, 2.1637104E+002, 2.2222160E+002, 2.7749973E+002, 4.0515669E+002, 3.9132375E+002, 3.5979584E+002, 3.3868921E+002, 2.8144182E+002, 2.7397836E+002, 2.3771735E+002, 2.6156857E+002, 2.8914557E+002, 3.0808563E+002, 3.2300433E+002, 2.8548856E+002, 2.5251095E+002, 2.0943165E+002, 2.0824981E+002, 2.2298382E+002, 2.2871182E+002, 2.3674192E+002, 2.3079098E+002, 2.0771316E+002, 1.9127946E+002, 1.6854022E+002, 1.5979385E+002, 1.5584343E+002, 1.5525235E+002, 1.5783833E+002, 1.5821386E+002, 1.4746376E+002, 1.5463318E+002, 1.4040522E+002, 1.8748974E+002, 1.8842356E+002, 1.8759488E+002, 1.8721100E+002, 1.8754803E+002, 1.8837602E+002, 1.8874767E+002, 1.9060493E+002, 1.9236088E+002, 1.9323841E+002, 1.9397731E+002, 1.9554271E+002, 1.9546331E+002, 1.9454109E+002, 1.9440736E+002, 1.9466994E+002, 1.9461595E+002, 1.9398602E+002, 1.9343776E+002, 1.9256513E+002, 1.9196248E+002, 1.9099639E+002, 1.9022871E+002, 1.8895089E+002, 1.8810137E+002, 1.8617629E+002, 1.8387294E+002, 1.7194576E+002, 1.5347695E+002, 1.7150223E+002, 1.7313241E+002, 1.7764943E+002, 1.8256159E+002, 1.7422016E+002, 1.7107188E+002, 2.0000278E+001, 2.0000816E+001, 2.0001794E+001, 2.0002346E+001, 2.0003098E+001, 2.0003604E+001, 2.0004336E+001, 2.0004881E+001, 2.0005785E+001, 2.0006484E+001, 2.0007649E+001, 2.0008437E+001, 2.0009635E+001, 2.0010532E+001, 2.0012082E+001, 2.0013284E+001, 2.0015393E+001, 2.0017012E+001, 2.0019679E+001, 2.0021786E+001, 2.0025582E+001, 2.0028721E+001, 2.0035063E+001, 2.0051229E+001, 7.4754187E+001, 1.1360411E+002, 9.3317951E+001, 9.2154942E+001, 9.9805865E+001, 1.2351831E+002, 1.3177884E+002, 1.4006559E+002, 1.6640386E+002, 1.7307103E+002, 1.6856033E+002, 1.5446149E+002, 1.3734744E+002, 1.3130306E+002, 1.2192556E+002, 1.1573186E+002, 1.0724965E+002, 1.0375327E+002, 9.9821450E+001, 9.7369980E+001, 9.4332031E+001, 9.3305981E+001, 9.3130178E+001, 8.9812764E+001, 8.4413307E+001, 8.1188074E+001, 7.6943370E+001, 7.5645753E+001, 7.7236561E+001, 7.9578994E+001, 8.7749669E+001, 9.8174636E+001, 1.1468712E+002, 1.2947260E+002, 1.5443422E+002, 1.6546491E+002, 1.7239092E+002, 1.7552101E+002, 1.7734869E+002, 1.7719049E+002, 1.6675146E+002, 1.5883957E+002, 1.5139792E+002, 1.4506638E+002, 1.3365583E+002, 1.2998465E+002, 1.3401750E+002, 1.5251405E+002, 1.8262628E+002, 2.0598175E+002, 2.2823955E+002, 2.3316614E+002, 2.3428614E+002, 2.3116451E+002, 2.4121935E+002, 2.5311226E+002, 2.7441399E+002, 2.8341404E+002, 2.8896340E+002, 2.7650096E+002, 2.3610384E+002, 2.1552154E+002, 1.9892704E+002, 2.2239793E+002, 2.3546839E+002, 2.3924139E+002, 2.3338468E+002, 2.2235534E+002, 2.0412839E+002, 2.1874180E+002
 7.8005011E+001, 2.0000268E+001, 2.0000622E+001, 2.0001400E+001, 2.0002069E+001, 2.0003041E+001, 2.0003604E+001, 2.0004404E+001, 2.0004944E+001, 2.0005828E+001, 2.0006478E+001, 2.0007600E+001, 2.0008436E+001, 2.0009750E+001, 2.0010658E+001, 2.0012194E+001, 2.0013378E+001, 2.0015401E+001, 2.0016975E+001, 2.0019742E+001, 2.0021878E+001, 2.0025816E+001, 2.0029133E+001, 2.0038993E+001, 2.4658426E+001, 1.0520299E+002, 1.0493722E+002, 9.7700088E+001, 9.8818709E+001, 1.0514867E+002, 9.1791727E+001, 1.3902367E+002, 1.5184377E+002, 1.5610322E+002, 1.4164388E+002, 1.2133222E+002, 1.1703096E+002, 1.1038941E+002, 1.0708269E+002, 1.0376777E+002, 1.0189735E+002, 9.9221602E+001, 9.7935708E+001, 9.6423383E+001, 9.5446121E+001, 9.3815516E+001, 9.2876018E+001, 9.2714972E+001, 9.3195783E+001, 9.4513001E+001, 9.6345360E+001, 9.9931319E+001, 1.0420416E+002, 1.1105321E+002, 1.1412863E+002, 1.1845116E+002, 1.3313699E+002, 1.5336373E+002, 1.5673024E+002, 1.5141191E+002, 1.5229760E+002, 1.5702069E+002, 1.5654875E+002, 1.5104723E+002, 1.4459968E+002, 1.3939275E+002, 1.3655979E+002, 1.2989180E+002, 1.2440687E+002, 1.3465228E+002, 1.6075593E+002, 1.8044995E+002, 1.9437603E+002, 2.1961246E+002, 2.2496428E+002, 2.2405895E+002, 2.2295385E+002, 2.2304986E+002, 2.1019460E+002, 2.1306320E+002, 2.3459493E+002, 2.4922550E+002, 2.4237630E+002, 2.2447516E+002, 2.1484018E+002, 2.0662521E+002, 2.1136257E+002, 2.2180084E+002, 2.2340185E+002, 2.1189641E+002, 2.0816446E+002, 2.0943735E+002, 2.0240215E+002, 2.4055184E+002, 3.5182899E+002, 3.4601239E+002, 3.2621145E+002, 3.0713254E+002, 2.8919939E+002, 2.8572034E+002, 2.8280062E+002, 3.1369229E+002, 3.6263151E+002, 3.6221945E+002, 3.4773280E+002, 3.3492015E+002, 3.0709505E+002, 3.5714574E+002, 3.5788609E+002, 3.2783852E+002, 3.0224309E+002, 2.5837557E+002, 2.3296430E+002, 2.2921565E+002, 2.3899240E+002, 2.6073504E+002, 2.5402527E+002, 2.4603925E+002, 2.3650029E+002, 2.1055573E+002, 1.9116622E+002, 1.6772548E+002, 1.5643258E+002, 1.5108166E+002, 1.4434629E+002, 1.4301352E+002, 1.7492375E+002, 1.8262130E+002, 1.8643536E+002, 1.9005127E+002, 1.9138367E+002, 1.9179755E+002, 1.9220060E+002, 1.9127909E+002, 1.9202469E+002, 1.9512579E+002, 1.9632534E+002, 1.9525375E+002, 1.9334570E+002, 1.9028921E+002, 1.9020259E+002, 1.9342121E+002, 1.9400895E+002, 1.9392900E+002, 1.9370041E+002, 1.9320182E+002, 1.9270381E+002, 1.9149057E+002, 1.9036109E+002, 1.8829300E+002, 1.8687518E+002, 1.8516377E+002, 1.8392689E+002, 1.8052404E+002, 1.7597487E+002, 1.6091216E+002, 1.5534334E+002, 1.6915167E+002, 1.8333053E+002, 1.7816098E+002, 1.9434763E+002, 2.0000256E+001, 2.0000591E+001, 2.0001376E+001, 2.0002060E+001, 2.0003028E+001, 2.0003602E+001, 2.0004461E+001, 2.0005013E+001, 2.0005924E+001, 2.0006596E+001, 2.0007740E+001, 2.0008632E+001, 2.0010025E+001, 2.0010958E+001, 2.0012493E+001, 2.0013698E+001, 2.0015837E+001, 2.0017465E+001, 2.0020411E+001, 2.0022655E+001, 2.0026653E+001, 2.0030172E+001, 2.0037523E+001, 2.1216862E+001, 9.4608150E+001, 1.0627007E+002, 9.1113992E+001, 1.0050111E+002, 1.2452454E+002, 1.2896245E+002, 1.6209317E+002, 1.6968108E+002, 1.5922502E+002, 1.4345110E+002, 1.2700221E+002, 1.2851425E+002, 1.1923305E+002, 1.0766531E+002, 1.0227901E+002, 1.0040673E+002, 9.6630875E+001, 9.4055432E+001, 9.1489517E+001, 9.0543302E+001, 8.9448542E+001, 8.8240151E+001, 8.5092011E+001, 8.2707286E+001, 7.9241309E+001, 7.7473218E+001, 7.4736070E+001, 7.4091391E+001, 7.7957876E+001, 8.4870740E+001, 1.0246052E+002, 1.1797725E+002, 1.4135832E+002, 1.5430803E+002, 1.6573955E+002, 1.6995188E+002, 1.7384253E+002, 1.7396640E+002, 1.6564782E+002, 1.5779279E+002, 1.5109524E+002, 1.4635865E+002, 1.3687243E+002, 1.3125255E+002, 1.2961079E+002, 1.4473963E+002, 1.7379569E+002, 2.0055309E+002, 2.2539348E+002, 2.2823626E+002, 2.2442352E+002, 2.3001934E+002, 2.3596144E+002, 2.2845276E+002, 2.5056483E+002, 2.7252614E+002, 2.9302865E+002, 2.9279436E+002, 2.4697066E+002, 2.1957385E+002, 1.8364440E+002, 1.5494234E+002, 2.1186680E+002, 2.1408847E+002, 2.2525662E+002, 2.3336380E+002, 2.2202729E+002, 2.1089126E+002, 2.6874110E+002, 4.0036547E+002
 7.9012441E+001, 2.0000337E+001, 2.0000724E+001, 2.0001303E+001, 2.0001823E+001, 2.0002868E+001, 2.0003588E+001, 2.0004579E+001, 2.0005189E+001, 2.0006116E+001, 2.0006788E+001, 2.0007902E+001, 2.0008752E+001, 2.0010201E+001, 2.0011241E+001, 2.0012876E+001, 2.0014096E+001, 2.0016216E+001, 2.0017868E+001, 2.0020809E+001, 2.0023174E+001, 2.0027546E+001, 2.0031381E+001, 2.0810128E+001, 7.6169144E+001, 1.0311382E+002, 9.8514770E+001, 9.5909709E+001, 9.6565759E+001, 1.0527857E+002, 1.3954156E+002, 1.5231146E+002, 1.4182501E+002, 1.1402617E+002, 1.0985872E+002, 1.0552133E+002, 1.0213732E+002, 9.8938913E+001, 9.7033319E+001, 9.4505728E+001, 9.3061086E+001, 9.1081191E+001, 8.9992814E+001, 8.8866369E+001, 8.8418029E+001, 8.8322464E+001, 8.8676028E+001, 8.9979484E+001, 9.1424000E+001, 9.4621869E+001, 9.7616512E+001, 1.0443184E+002, 1.0783946E+002, 1.1633398E+002, 1.2922463E+002, 1.4729676E+002, 1.5147364E+002, 1.5008651E+002, 1.5126039E+002, 1.5304178E+002, 1.5124059E+002, 1.4645398E+002, 1.4253069E+002, 1.3837970E+002, 1.3574338E+002, 1.2942532E+002, 1.2444116E+002, 1.3288084E+002, 1.5299451E+002, 1.7813149E+002, 1.9269538E+002, 2.1178775E+002, 2.1674336E+002, 2.1818929E+002, 2.1952167E+002, 2.1474189E+002, 1.9653874E+002, 2.1480660E+002, 2.3435341E+002, 2.4425992E+002, 2.3642959E+002, 2.1898751E+002, 2.0762221E+002, 1.9853371E+002, 1.9587557E+002, 1.9138045E+002, 1.8733980E+002, 2.1363104E+002, 2.0672715E+002, 2.0863811E+002, 2.0223737E+002, 2.4502754E+002, 3.1810046E+002, 3.4622511E+002, 3.0756846E+002, 3.0167178E+002, 2.9630239E+002, 2.9840424E+002, 2.8654506E+002, 2.9429950E+002, 3.1166922E+002, 3.0571798E+002, 2.9266187E+002, 2.8409370E+002, 2.6629876E+002, 2.4747948E+002, 2.3719477E+002, 2.5130323E+002, 2.8731214E+002, 2.8521023E+002, 2.9109029E+002, 3.0938447E+002, 3.0624586E+002, 2.9867695E+002, 2.8439249E+002, 2.6164515E+002, 2.5439043E+002, 2.3929819E+002, 2.3625988E+002, 2.3854306E+002, 2.4004808E+002, 2.3680199E+002, 2.3100305E+002, 2.1039358E+002, 1.8642185E+002, 1.4659373E+002, 1.6546181E+002, 1.8684129E+002, 1.9007507E+002, 1.9161834E+002, 1.9070618E+002, 1.8738423E+002, 1.8491906E+002, 1.8109470E+002, 1.8013735E+002, 1.7967294E+002, 1.8026153E+002, 1.8269279E+002, 1.8592755E+002, 1.9161313E+002, 1.9329956E+002, 1.9094784E+002, 1.8951271E+002, 1.8741858E+002, 1.8663257E+002, 1.8699603E+002, 1.8714114E+002, 1.8723918E+002, 1.8721414E+002, 1.8700901E+002, 1.8656644E+002, 1.8531268E+002, 1.8415961E+002, 1.8202633E+002, 1.8017757E+002, 1.7461182E+002, 1.6922949E+002, 1.5471150E+002, 1.5003070E+002, 1.7061448E+002, 1.8657521E+002, 2.0000330E+001, 2.0000711E+001, 2.0001255E+001, 2.0001785E+001, 2.0002860E+001, 2.0003591E+001, 2.0004589E+001, 2.0005248E+001, 2.0006222E+001, 2.0006908E+001, 2.0008047E+001, 2.0008911E+001, 2.0010452E+001, 2.0011559E+001, 2.0013229E+001, 2.0014470E+001, 2.0016650E+001, 2.0018356E+001, 2.0021465E+001, 2.0023973E+001, 2.0028559E+001, 2.0032651E+001, 2.0193258E+001, 4.8829002E+001, 9.7974191E+001, 9.4474940E+001, 1.0310558E+002, 1.1666173E+002, 1.4620701E+002, 1.6277094E+002, 1.5371020E+002, 1.3822448E+002, 1.2441540E+002, 1.2511991E+002, 1.1759747E+002, 1.0842895E+002, 9.9566631E+001, 9.7320125E+001, 9.4173879E+001, 9.2401772E+001, 9.0115773E+001, 8.8692073E+001, 8.7068725E+001, 8.6332204E+001, 8.5117611E+001, 8.3850256E+001, 8.1157638E+001, 7.9482341E+001, 7.7285733E+001, 7.5933462E+001, 7.5150715E+001, 7.7027547E+001, 9.1839978E+001, 1.0992356E+002, 1.3344567E+002, 1.4462564E+002, 1.5635671E+002, 1.6290961E+002, 1.6935976E+002, 1.6937811E+002, 1.6249035E+002, 1.5685105E+002, 1.5035130E+002, 1.4644416E+002, 1.3771706E+002, 1.3116684E+002, 1.3001162E+002, 1.4125408E+002, 1.7290084E+002, 1.9815144E+002, 2.2026771E+002, 2.2145672E+002, 2.2001124E+002, 2.2457656E+002, 2.2586584E+002, 2.3346903E+002, 2.6168245E+002, 2.7954504E+002, 2.8869422E+002, 2.7991075E+002, 2.3855061E+002, 2.1000629E+002, 1.7107214E+002, 1.6285798E+002, 1.5399797E+002, 1.3423377E+002, 2.0996334E+002, 2.1220486E+002, 2.2386913E+002, 2.2000583E+002, 2.7666046E+002, 3.7193279E+002, 3.9365335E+002, 3.6659153E+002
 8.0009654E+001, 2.0000334E+001, 2.0000808E+001, 2.0001491E+001, 2.0001913E+001, 2.0002735E+001, 2.0003474E+001, 2.0004647E+001, 2.0005404E+001, 2.0006479E+001, 2.0007195E+001, 2.0008365E+001, 2.0009228E+001, 2.0010711E+001, 2.0011846E+001, 2.0013719E+001, 2.0015052E+001, 2.0017314E+001, 2.0019097E+001, 2.0022277E+001, 2.0024910E+001, 2.0030039E+001, 2.0037074E+001, 5.7765371E+001, 9.7602398E+001, 9.9872968E+001, 9.5023740E+001, 8.9990578E+001, 9.1436264E+001, 1.4812781E+002, 1.4540721E+002, 1.1319947E+002, 1.0099452E+002, 9.9811597E+001, 9.8072182E+001, 9.5907905E+001, 9.3874774E+001, 9.1407457E+001, 8.9724613E+001, 8.7383676E+001, 8.6463489E+001, 8.5819160E+001, 8.5631373E+001, 8.5511630E+001, 8.5660794E+001, 8.6365964E+001, 8.7238709E+001, 8.9937458E+001, 9.3093317E+001, 9.8936069E+001, 1.0298224E+002, 1.1383156E+002, 1.2742754E+002, 1.4394903E+002, 1.4704527E+002, 1.4676707E+002, 1.4921344E+002, 1.5333758E+002, 1.4940505E+002, 1.4047894E+002, 1.3831013E+002, 1.3743014E+002, 1.3532334E+002, 1.2925359E+002, 1.2388160E+002, 1.2873861E+002, 1.5052220E+002, 1.7706657E+002, 1.9098423E+002, 2.0748641E+002, 2.1069297E+002, 2.1365395E+002, 2.1601344E+002, 2.0703532E+002, 1.7969164E+002, 1.9746213E+002, 2.2378758E+002, 2.2824782E+002, 2.1821487E+002, 2.0000548E+002, 1.9148857E+002, 1.8378947E+002, 1.8144483E+002, 1.8560776E+002, 1.8282550E+002, 1.8380641E+002, 2.0274629E+002, 2.0551638E+002, 2.0825408E+002, 2.4918733E+002, 3.0957714E+002, 3.4421935E+002, 3.2316935E+002, 2.8355378E+002, 2.9230214E+002, 2.8148442E+002, 2.7779119E+002, 2.9189496E+002, 3.1354242E+002, 3.2636598E+002, 3.2435263E+002, 3.0894793E+002, 3.0432333E+002, 3.1322373E+002, 2.8054464E+002, 2.3822212E+002, 2.3066935E+002, 2.1961835E+002, 2.1928270E+002, 2.1833186E+002, 2.0851378E+002, 1.8195850E+002, 2.0417004E+002, 2.3843300E+002, 2.4842974E+002, 2.5940426E+002, 2.6449274E+002, 2.6333199E+002, 2.5707077E+002, 2.3790050E+002, 2.2543095E+002, 2.4110663E+002, 2.4692768E+002, 2.4058168E+002, 2.3649193E+002, 2.2746528E+002, 2.0268451E+002, 1.6019294E+002, 1.7808935E+002, 1.8023574E+002, 1.7857738E+002, 1.7633923E+002, 1.7649117E+002, 1.7814445E+002, 1.7938150E+002, 1.8173267E+002, 1.8124087E+002, 1.8025514E+002, 1.7778782E+002, 1.7384130E+002, 1.7231952E+002, 1.7310457E+002, 1.7592253E+002, 1.8166740E+002, 1.8516308E+002, 1.8871992E+002, 1.9002617E+002, 1.8919137E+002, 1.8798042E+002, 1.8572199E+002, 1.8393956E+002, 1.8155320E+002, 1.8049721E+002, 1.7984201E+002, 1.7932537E+002, 1.7690389E+002, 1.7520980E+002, 1.6879567E+002, 1.6375495E+002, 1.4567989E+002, 1.5686475E+002, 2.0000327E+001, 2.0000802E+001, 2.0001481E+001, 2.0001876E+001, 2.0002695E+001, 2.0003465E+001, 2.0004665E+001, 2.0005429E+001, 2.0006579E+001, 2.0007334E+001, 2.0008525E+001, 2.0009423E+001, 2.0010960E+001, 2.0012150E+001, 2.0014112E+001, 2.0015515E+001, 2.0017808E+001, 2.0019628E+001, 2.0022990E+001, 2.0025684E+001, 2.0031185E+001, 2.0036143E+001, 3.4821569E+001, 8.1198308E+001, 9.6523800E+001, 1.0172719E+002, 1.0677049E+002, 1.3504303E+002, 1.5168404E+002, 1.3484042E+002, 1.1659637E+002, 1.1173986E+002, 1.0614343E+002, 1.0482244E+002, 1.0519832E+002, 9.7464971E+001, 9.2370962E+001, 9.0639183E+001, 8.8137717E+001, 8.6921205E+001, 8.5893304E+001, 8.5454264E+001, 8.4507117E+001, 8.3531756E+001, 8.2361546E+001, 8.1426866E+001, 7.9705665E+001, 7.8109508E+001, 7.6755024E+001, 7.6818608E+001, 8.5159098E+001, 9.8745759E+001, 1.2676079E+002, 1.3820301E+002, 1.4873102E+002, 1.5477103E+002, 1.6180015E+002, 1.6542467E+002, 1.5784281E+002, 1.5272478E+002, 1.4848732E+002, 1.4549361E+002, 1.3861398E+002, 1.3238632E+002, 1.2773646E+002, 1.3910477E+002, 1.7340645E+002, 1.9923168E+002, 2.1646788E+002, 2.1650139E+002, 2.1674839E+002, 2.1950720E+002, 2.2698594E+002, 2.3980521E+002, 2.6702264E+002, 2.7664228E+002, 2.7938767E+002, 2.6797293E+002, 2.2220652E+002, 1.8471919E+002, 1.5098095E+002, 1.3853906E+002, 1.4463090E+002, 1.5232707E+002, 1.7652478E+002, 2.0156257E+002, 2.0603253E+002, 2.1248515E+002, 2.6255002E+002, 3.5030315E+002, 3.7028851E+002, 3.4687985E+002, 3.2830850E+002, 3.1898201E+002
 8.1014438E+001, 2.0000454E+001, 2.0000979E+001, 2.0001769E+001, 2.0002281E+001, 2.0003009E+001, 2.0003640E+001, 2.0004863E+001, 2.0005729E+001, 2.0007019E+001, 2.0007855E+001, 2.0009141E+001, 2.0010079E+001, 2.0011648E+001, 2.0012862E+001, 2.0014974E+001, 2.0016530E+001, 2.0019129E+001, 2.0021154E+001, 2.0024878E+001, 2.0028083E+001, 2.0050258E+001, 3.3245067E+001, 9.4716752E+001, 9.7164604E+001, 9.6372159E+001, 8.7251739E+001, 1.1583650E+002, 1.4149412E+002, 1.2539530E+002, 1.0129250E+002, 9.4950027E+001, 9.7060355E+001, 9.3880424E+001, 9.1749857E+001, 8.8800286E+001, 8.7272539E+001, 8.4858029E+001, 8.4018811E+001, 8.3699726E+001, 8.3674486E+001, 8.3731254E+001, 8.3789096E+001, 8.4328971E+001, 8.5281422E+001, 8.7701075E+001, 8.9791666E+001, 9.4615015E+001, 1.0117209E+002, 1.1760979E+002, 1.2969534E+002, 1.4028497E+002, 1.4227886E+002, 1.4530896E+002, 1.4848011E+002, 1.5006762E+002, 1.4604345E+002, 1.3590436E+002, 1.3414370E+002, 1.3488631E+002, 1.3273014E+002, 1.2633457E+002, 1.2215477E+002, 1.3648057E+002, 1.5624266E+002, 1.8153860E+002, 1.9292921E+002, 2.0343775E+002, 2.0731183E+002, 2.1133304E+002, 2.1305655E+002, 1.7416392E+002, 1.7388886E+002, 1.9654138E+002, 2.1244837E+002, 2.1041282E+002, 1.9939401E+002, 1.8233017E+002, 1.7430883E+002, 1.6837788E+002, 1.6617572E+002, 1.7233610E+002, 1.7559569E+002, 1.7608130E+002, 1.8835619E+002, 2.0236782E+002, 2.3899957E+002, 2.9129333E+002, 3.2299206E+002, 3.2638976E+002, 3.0153766E+002, 2.8823768E+002, 2.8230225E+002, 2.6668107E+002, 2.9442158E+002, 3.2240471E+002, 3.3418750E+002, 3.3233370E+002, 3.1653208E+002, 3.1113067E+002, 3.5772623E+002, 4.0954456E+002, 4.4102082E+002, 2.7324589E+002, 2.4449703E+002, 2.5644665E+002, 2.4902005E+002, 2.1077263E+002, 2.1986696E+002, 2.0426286E+002, 1.9108290E+002, 1.9291425E+002, 1.7858935E+002, 1.7934817E+002, 1.9503255E+002, 2.0127652E+002, 2.0521657E+002, 2.1775051E+002, 2.2038425E+002, 2.2639025E+002, 2.3547795E+002, 2.1262108E+002, 2.1072769E+002, 2.6252252E+002, 2.6285584E+002, 2.5633900E+002, 2.4409245E+002, 2.2621287E+002, 1.8610463E+002, 1.6104524E+002, 1.7262776E+002, 1.7951216E+002, 1.8160652E+002, 1.8283759E+002, 1.8334844E+002, 1.8431357E+002, 1.8370209E+002, 1.8619582E+002, 1.8731476E+002, 1.8684106E+002, 1.8511729E+002, 1.8102714E+002, 1.7738409E+002, 1.7239389E+002, 1.6986984E+002, 1.6751661E+002, 1.6759893E+002, 1.7062413E+002, 1.7315682E+002, 1.7675210E+002, 1.7880960E+002, 1.8102633E+002, 1.8229420E+002, 1.8252097E+002, 1.7988658E+002, 1.7592454E+002, 1.7448523E+002, 1.7269107E+002, 1.7001201E+002, 1.6182073E+002, 1.5489381E+002, 2.0000452E+001, 2.0000979E+001, 2.0001776E+001, 2.0002291E+001, 2.0002992E+001, 2.0003623E+001, 2.0004889E+001, 2.0005773E+001, 2.0007105E+001, 2.0007997E+001, 2.0009336E+001, 2.0010300E+001, 2.0011942E+001, 2.0013188E+001, 2.0015391E+001, 2.0017035E+001, 2.0019707E+001, 2.0021788E+001, 2.0025641E+001, 2.0028982E+001, 2.0037041E+001, 2.4313992E+001, 8.4465251E+001, 9.5207345E+001, 1.0857246E+002, 1.0415875E+002, 1.3811623E+002, 1.4214857E+002, 1.1495045E+002, 1.0267279E+002, 1.0487292E+002, 1.0818865E+002, 1.0570649E+002, 1.0153591E+002, 9.2422393E+001, 8.9649285E+001, 8.6292068E+001, 8.5247163E+001, 8.4654434E+001, 8.4570933E+001, 8.4423732E+001, 8.3599470E+001, 8.1826904E+001, 8.0772446E+001, 7.9493695E+001, 7.9242691E+001, 7.8867342E+001, 7.8772964E+001, 8.6731089E+001, 9.7622562E+001, 1.2084094E+002, 1.3390778E+002, 1.4456698E+002, 1.5012326E+002, 1.5316104E+002, 1.5389210E+002, 1.5085640E+002, 1.4758994E+002, 1.4508161E+002, 1.4192024E+002, 1.3394681E+002, 1.2899533E+002, 1.3077117E+002, 1.4545831E+002, 1.8422734E+002, 2.0108098E+002, 2.1145959E+002, 2.1321475E+002, 2.1621674E+002, 2.2285538E+002, 2.2357773E+002, 2.3209344E+002, 2.5842484E+002, 2.6536922E+002, 2.6738231E+002, 2.4985293E+002, 2.0347206E+002, 1.7202312E+002, 1.4080544E+002, 1.3180480E+002, 1.2655851E+002, 1.3619168E+002, 1.6825327E+002, 1.9107147E+002, 2.0132757E+002, 2.2649572E+002, 3.0777220E+002, 3.4033468E+002, 3.3661442E+002, 3.1792388E+002, 3.1641249E+002, 3.0530555E+002, 3.1406478E+002, 3.3850086E+002
 8.2009574E+001, 2.0000363E+001, 2.0000713E+001, 2.0001624E+001, 2.0002213E+001, 2.0003078E+001, 2.0003636E+001, 2.0004556E+001, 2.0005406E+001, 2.0006838E+001, 2.0007820E+001, 2.0009307E+001, 2.0010306E+001, 2.0011926E+001, 2.0013139E+001, 2.0015243E+001, 2.0016898E+001, 2.0019778E+001, 2.0021956E+001, 2.0025966E+001, 2.0029375E+001, 2.2835626E+001, 5.4821945E+001, 9.6035512E+001, 9.7509497E+001, 9.2457142E+001, 9.5920388E+001, 1.3072290E+002, 1.3809531E+002, 1.0705972E+002, 8.9397815E+001, 9.1507738E+001, 9.1625494E+001, 8.9396765E+001, 8.7397400E+001, 8.4544509E+001, 8.3115294E+001, 8.1928139E+001, 8.1960232E+001, 8.2299300E+001, 8.2582759E+001, 8.2999231E+001, 8.3421558E+001, 8.5037306E+001, 8.7089859E+001, 9.2417915E+001, 9.8367870E+001, 1.1137912E+002, 1.2139976E+002, 1.3359461E+002, 1.3731818E+002, 1.4131139E+002, 1.4355167E+002, 1.4605486E+002, 1.4434274E+002, 1.3763187E+002, 1.3312939E+002, 1.3000599E+002, 1.3042557E+002, 1.2617357E+002, 1.2354762E+002, 1.3261613E+002, 1.4610283E+002, 1.7322239E+002, 1.8506565E+002, 1.9684179E+002, 2.0204283E+002, 2.0759530E+002, 2.0868270E+002, 1.8473668E+002, 1.8308166E+002, 1.7541232E+002, 2.0571059E+002, 2.0654253E+002, 1.9861937E+002, 1.8121042E+002, 1.6994096E+002, 1.5868551E+002, 1.5665303E+002, 1.5687108E+002, 1.6014657E+002, 1.6745267E+002, 1.7055083E+002, 2.0715243E+002, 2.3460499E+002, 2.7738308E+002, 3.0625895E+002, 3.1192324E+002, 2.9650606E+002, 2.8933238E+002, 2.6824730E+002, 2.8633061E+002, 2.9801480E+002, 3.2192028E+002, 3.2456858E+002, 3.2210384E+002, 3.2650820E+002, 3.3886366E+002, 3.6583210E+002, 3.9589062E+002, 3.9434320E+002, 3.7874796E+002, 3.5365928E+002, 3.2463547E+002, 2.5308389E+002, 2.8368265E+002, 1.8083669E+002, 2.0914815E+002, 2.3170517E+002, 2.2291175E+002, 2.1460863E+002, 1.9612898E+002, 1.8827962E+002, 1.8035029E+002, 1.8074009E+002, 1.9724699E+002, 2.0112052E+002, 2.0204039E+002, 2.0203005E+002, 2.0172760E+002, 2.0062213E+002, 2.0250792E+002, 2.0390601E+002, 1.9149107E+002, 2.2084392E+002, 2.5265259E+002, 2.5176770E+002, 2.5003691E+002, 2.4613474E+002, 2.1572681E+002, 1.8287756E+002, 1.7696109E+002, 1.7971252E+002, 1.8018791E+002, 1.8034770E+002, 1.8030939E+002, 1.7987218E+002, 1.7961884E+002, 1.8250561E+002, 1.8254151E+002, 1.8107317E+002, 1.8417512E+002, 1.8670877E+002, 1.8620020E+002, 1.8420957E+002, 1.8082258E+002, 1.7868354E+002, 1.7650173E+002, 1.7546868E+002, 1.7453024E+002, 1.7392691E+002, 1.7232731E+002, 1.6994178E+002, 1.6667339E+002, 1.6737247E+002, 1.6910077E+002, 1.7035179E+002, 1.7192053E+002, 1.7030129E+002, 1.6677296E+002, 1.6377084E+002, 2.0000366E+001, 2.0000705E+001, 2.0001645E+001, 2.0002233E+001, 2.0003126E+001, 2.0003676E+001, 2.0004543E+001, 2.0005437E+001, 2.0006933E+001, 2.0007933E+001, 2.0009483E+001, 2.0010542E+001, 2.0012231E+001, 2.0013463E+001, 2.0015659E+001, 2.0017377E+001, 2.0020382E+001, 2.0022715E+001, 2.0026838E+001, 2.0030435E+001, 2.0577241E+001, 4.5974305E+001, 9.6440251E+001, 1.0494322E+002, 1.1043195E+002, 1.1161944E+002, 1.3682855E+002, 1.2995460E+002, 1.0759202E+002, 9.9336862E+001, 1.0504292E+002, 1.0690416E+002, 1.0680958E+002, 1.0370286E+002, 9.0161715E+001, 8.5964989E+001, 8.3610806E+001, 8.3395352E+001, 8.3406421E+001, 8.3573753E+001, 8.3564648E+001, 8.1772109E+001, 7.9390425E+001, 7.8767745E+001, 7.8606814E+001, 7.8912935E+001, 8.1873289E+001, 8.7441817E+001, 1.0411358E+002, 1.1823339E+002, 1.3572736E+002, 1.4160007E+002, 1.4579054E+002, 1.4592738E+002, 1.4383715E+002, 1.4377518E+002, 1.4210478E+002, 1.4091981E+002, 1.3421942E+002, 1.2914183E+002, 1.2912906E+002, 1.3961264E+002, 1.6836883E+002, 1.8770941E+002, 2.0633443E+002, 2.0990568E+002, 2.1523434E+002, 2.1331524E+002, 2.0633042E+002, 2.1794341E+002, 2.3072522E+002, 2.5457571E+002, 2.5968072E+002, 2.5158491E+002, 2.2527074E+002, 1.9881292E+002, 1.5264745E+002, 1.3291514E+002, 1.1984019E+002, 1.2099585E+002, 1.3690435E+002, 1.5722610E+002, 2.0897376E+002, 2.2995707E+002, 2.3599061E+002, 2.7353780E+002, 3.2315904E+002, 3.0847827E+002, 3.0576793E+002, 2.9473080E+002, 3.1332321E+002, 3.2780923E+002, 3.5830485E+002, 3.6494677E+002
 8.3002621E+001, 2.0000355E+001, 2.0000859E+001, 2.0001610E+001, 2.0002227E+001, 2.0003220E+001, 2.0003875E+001, 2.0004836E+001, 2.0005521E+001, 2.0006901E+001, 2.0007965E+001, 2.0009647E+001, 2.0010808E+001, 2.0012608E+001, 2.0013921E+001, 2.0016146E+001, 2.0017886E+001, 2.0021047E+001, 2.0023581E+001, 2.0028204E+001, 2.0039520E+001, 3.8790105E+001, 8.7420165E+001, 9.7751454E+001, 9.5232694E+001, 9.5953857E+001, 1.2296240E+002, 1.3467257E+002, 1.2633079E+002, 8.2004457E+001, 8.8296557E+001, 9.3656632E+001, 9.2177331E+001, 8.7449545E+001, 8.4434135E+001, 8.0866706E+001, 8.0288759E+001, 8.0789145E+001, 8.1453844E+001, 8.2283210E+001, 8.2901879E+001, 8.4457078E+001, 8.6796043E+001, 9.3689648E+001, 1.0047153E+002, 1.1197856E+002, 1.1874906E+002, 1.2715080E+002, 1.3166990E+002, 1.3726326E+002, 1.4040790E+002, 1.4259488E+002, 1.4058968E+002, 1.3457002E+002, 1.3085700E+002, 1.2733884E+002, 1.2615154E+002, 1.2379490E+002, 1.2248894E+002, 1.3088864E+002, 1.4758192E+002, 1.7474795E+002, 1.8440879E+002, 1.9432618E+002, 2.0038142E+002, 2.0542778E+002, 2.0506241E+002, 1.8918636E+002, 1.7787542E+002, 1.8358180E+002, 2.0635044E+002, 2.0182190E+002, 1.9426178E+002, 1.7688250E+002, 1.6762348E+002, 1.5510336E+002, 1.4929818E+002, 1.4805151E+002, 1.5050542E+002, 1.5744398E+002, 1.6884745E+002, 1.9440496E+002, 2.2115240E+002, 2.6922883E+002, 2.7129441E+002, 2.9049625E+002, 2.9455468E+002, 2.7827014E+002, 2.6892388E+002, 2.8267001E+002, 3.0182763E+002, 3.2606284E+002, 3.3051356E+002, 3.3668807E+002, 3.5058661E+002, 3.6303869E+002, 3.6989150E+002, 3.7048227E+002, 3.5863885E+002, 3.4582299E+002, 3.5539715E+002, 3.5747633E+002, 3.1979832E+002, 3.2027126E+002, 2.7615096E+002, 2.8968259E+002, 1.6502866E+002, 1.7964134E+002, 2.0736486E+002, 2.3798435E+002, 2.3768125E+002, 2.2147113E+002, 2.1270946E+002, 1.9902949E+002, 1.9010806E+002, 1.8255792E+002, 1.8511906E+002, 1.9266603E+002, 1.9449774E+002, 1.9635105E+002, 1.9695570E+002, 1.9701492E+002, 1.9679325E+002, 1.9605260E+002, 1.8662767E+002, 2.2765321E+002, 2.3867893E+002, 2.3733761E+002, 2.3551880E+002, 2.3930207E+002, 2.3879989E+002, 2.0060209E+002, 1.7838636E+002, 1.7511800E+002, 1.7454954E+002, 1.7267223E+002, 1.7208593E+002, 1.7249121E+002, 1.7391118E+002, 1.7666295E+002, 1.7502274E+002, 1.7225291E+002, 1.7314678E+002, 1.7847162E+002, 1.8196987E+002, 1.8448966E+002, 1.8494555E+002, 1.8580422E+002, 1.8656959E+002, 1.8638594E+002, 1.8589064E+002, 1.8515581E+002, 1.8449225E+002, 1.8261313E+002, 1.8056105E+002, 1.7614286E+002, 1.7123429E+002, 1.6299411E+002, 1.5973775E+002, 1.5811440E+002, 1.6003581E+002, 2.0000350E+001, 2.0000866E+001, 2.0001610E+001, 2.0002247E+001, 2.0003268E+001, 2.0003941E+001, 2.0004901E+001, 2.0005548E+001, 2.0006983E+001, 2.0008092E+001, 2.0009800E+001, 2.0011031E+001, 2.0012924E+001, 2.0014283E+001, 2.0016619E+001, 2.0018401E+001, 2.0021703E+001, 2.0024368E+001, 2.0029325E+001, 2.0034368E+001, 3.4807001E+001, 8.5317662E+001, 1.0882576E+002, 1.1409715E+002, 1.1357727E+002, 1.2386615E+002, 1.2972594E+002, 1.1460646E+002, 9.5390287E+001, 1.0273700E+002, 1.1615305E+002, 1.1432704E+002, 1.0452006E+002, 9.7162387E+001, 8.2921951E+001, 8.2293345E+001, 8.2424370E+001, 8.2885964E+001, 8.3946869E+001, 8.4238986E+001, 8.2674497E+001, 8.0377347E+001, 7.9972688E+001, 8.0381458E+001, 8.1352278E+001, 8.3351769E+001, 9.4660731E+001, 1.0781824E+002, 1.3043643E+002, 1.3739276E+002, 1.4033206E+002, 1.3875084E+002, 1.3612438E+002, 1.3576613E+002, 1.3762171E+002, 1.3759572E+002, 1.3413175E+002, 1.2696618E+002, 1.2638113E+002, 1.3640260E+002, 1.6785472E+002, 1.9019137E+002, 2.0365890E+002, 2.0757090E+002, 2.0994274E+002, 2.0849757E+002, 2.0589786E+002, 2.0069199E+002, 2.3929124E+002, 2.5326790E+002, 2.5026083E+002, 2.4025082E+002, 2.0513408E+002, 1.8235085E+002, 1.5666832E+002, 1.4354021E+002, 1.2428368E+002, 1.1974477E+002, 1.2607117E+002, 1.4501926E+002, 1.9146796E+002, 2.2384105E+002, 2.5335854E+002, 2.4044216E+002, 2.5710130E+002, 3.0581570E+002, 2.9816993E+002, 3.0279340E+002, 3.0766060E+002, 3.4725983E+002, 3.6050493E+002, 3.6174419E+002, 3.6308486E+002, 3.6533436E+002
 8.4017369E+001, 2.0000463E+001, 2.0001081E+001, 2.0001955E+001, 2.0002531E+001, 2.0003566E+001, 2.0004309E+001, 2.0005429E+001, 2.0006169E+001, 2.0007456E+001, 2.0008549E+001, 2.0010398E+001, 2.0011718E+001, 2.0013819E+001, 2.0015320E+001, 2.0017863E+001, 2.0019854E+001, 2.0023542E+001, 2.0026698E+001, 2.0033660E+001, 2.2541178E+001, 8.8216144E+001, 9.0365149E+001, 8.8324446E+001, 1.0906225E+002, 1.2301289E+002, 1.2568039E+002, 1.2574098E+002, 8.2765793E+001, 9.0627625E+001, 9.2675144E+001, 9.0799355E+001, 8.6654709E+001, 7.9992785E+001, 7.9216282E+001, 7.9399041E+001, 8.0323287E+001, 8.2029323E+001, 8.4093022E+001, 8.8696823E+001, 9.2606283E+001, 9.9213990E+001, 1.0418843E+002, 1.1093680E+002, 1.1505484E+002, 1.2389382E+002, 1.2994331E+002, 1.3662197E+002, 1.3875400E+002, 1.3663730E+002, 1.3333258E+002, 1.2892385E+002, 1.2694160E+002, 1.2571960E+002, 1.2348532E+002, 1.1886077E+002, 1.2218337E+002, 1.4322546E+002, 1.6177297E+002, 1.8001324E+002, 1.8618607E+002, 1.9650596E+002, 2.0128590E+002, 2.0498244E+002, 1.9922596E+002, 1.6651308E+002, 1.4862808E+002, 1.9537856E+002, 1.9874638E+002, 1.8809593E+002, 1.7725390E+002, 1.6408873E+002, 1.5540530E+002, 1.4544246E+002, 1.4259697E+002, 1.4190615E+002, 1.4303215E+002, 1.5271916E+002, 1.6832561E+002, 2.2270136E+002, 2.4570216E+002, 2.5163797E+002, 2.6710369E+002, 2.7710930E+002, 2.7340294E+002, 2.8139193E+002, 2.8526345E+002, 2.9777218E+002, 3.3477261E+002, 3.4452976E+002, 3.4782890E+002, 3.5036010E+002, 3.5323106E+002, 3.5619672E+002, 3.5505413E+002, 3.4626828E+002, 3.3571660E+002, 3.3946377E+002, 3.4753817E+002, 3.5341664E+002, 3.3967284E+002, 3.1814206E+002, 3.4322619E+002, 3.4502331E+002, 2.7888678E+002, 2.9642476E+002, 2.0504565E+002, 1.9541347E+002, 1.7205243E+002, 2.1025947E+002, 2.2772198E+002, 2.1376780E+002, 2.0845558E+002, 2.0751594E+002, 2.0928586E+002, 2.0485514E+002, 1.9839391E+002, 1.8773486E+002, 1.8409564E+002, 1.8175225E+002, 1.8253519E+002, 1.8457285E+002, 1.8745353E+002, 1.9098635E+002, 1.9125876E+002, 1.8710251E+002, 2.1118441E+002, 2.2476251E+002, 2.2558853E+002, 2.2889026E+002, 2.2946287E+002, 2.2965005E+002, 2.2755622E+002, 1.9424888E+002, 1.7200544E+002, 1.6699946E+002, 1.6753286E+002, 1.7223444E+002, 1.7446195E+002, 1.7663149E+002, 1.7435919E+002, 1.7094100E+002, 1.6882216E+002, 1.6768833E+002, 1.6845482E+002, 1.7207014E+002, 1.7545246E+002, 1.7952126E+002, 1.8148308E+002, 1.8349463E+002, 1.8325050E+002, 1.8147535E+002, 1.8030092E+002, 1.7971496E+002, 1.7987941E+002, 1.8024598E+002, 1.8019306E+002, 1.7934395E+002, 1.7797760E+002, 1.7055884E+002, 1.6089496E+002, 2.0000454E+001, 2.0001083E+001, 2.0001965E+001, 2.0002545E+001, 2.0003611E+001, 2.0004378E+001, 2.0005529E+001, 2.0006268E+001, 2.0007540E+001, 2.0008673E+001, 2.0010579E+001, 2.0011948E+001, 2.0014152E+001, 2.0015731E+001, 2.0018399E+001, 2.0020462E+001, 2.0024309E+001, 2.0027668E+001, 2.0034368E+001, 2.1491961E+001, 1.0076693E+002, 1.0700157E+002, 1.1637558E+002, 1.2027273E+002, 1.1862469E+002, 1.2051928E+002, 1.0839843E+002, 9.1806757E+001, 1.0858019E+002, 1.0778462E+002, 1.0097666E+002, 9.4596892E+001, 8.3741955E+001, 8.1468890E+001, 8.1604264E+001, 8.2369180E+001, 8.3322815E+001, 8.3523999E+001, 8.3253738E+001, 8.3620239E+001, 8.3909904E+001, 8.3622802E+001, 8.3688488E+001, 8.5830503E+001, 9.7000843E+001, 1.1022863E+002, 1.2736963E+002, 1.3284585E+002, 1.3318452E+002, 1.2914345E+002, 1.2750123E+002, 1.2843504E+002, 1.3218690E+002, 1.3357548E+002, 1.2759639E+002, 1.2409267E+002, 1.2744388E+002, 1.4597519E+002, 1.8197874E+002, 1.9490135E+002, 2.0287847E+002, 2.0718739E+002, 2.0746153E+002, 1.9929718E+002, 1.9899320E+002, 2.2134371E+002, 2.4081847E+002, 2.4392544E+002, 2.3672363E+002, 2.1251160E+002, 1.7957412E+002, 1.6401525E+002, 1.3595951E+002, 1.2246643E+002, 1.2087811E+002, 1.2317345E+002, 1.3182607E+002, 1.5252135E+002, 2.1378816E+002, 2.4640597E+002, 2.3702406E+002, 2.3933146E+002, 2.8231149E+002, 2.9806575E+002, 2.9643153E+002, 2.9805353E+002, 3.2666288E+002, 3.5217367E+002, 3.5161842E+002, 3.4472083E+002, 3.6344914E+002, 3.6740925E+002, 3.7156113E+002, 3.6974517E+002
 8.5015210E+001, 2.0000560E+001, 2.0001293E+001, 2.0002337E+001, 2.0002972E+001, 2.0004006E+001, 2.0004808E+001, 2.0006084E+001, 2.0006946E+001, 2.0008276E+001, 2.0009365E+001, 2.0011358E+001, 2.0012841E+001, 2.0015284E+001, 2.0017060E+001, 2.0020086E+001, 2.0022499E+001, 2.0027190E+001, 2.0031187E+001, 2.4840194E+001, 7.5822641E+001, 8.4362792E+001, 9.9971624E+001, 1.1916200E+002, 1.1794982E+002, 1.1742118E+002, 1.2224803E+002, 8.2711729E+001, 8.9258589E+001, 8.7124596E+001, 8.3222806E+001, 7.9068591E+001, 7.8423106E+001, 7.8659877E+001, 7.9855878E+001, 8.4430505E+001, 8.9008373E+001, 9.5211305E+001, 9.7791594E+001, 1.0055206E+002, 1.0278865E+002, 1.0904099E+002, 1.1553711E+002, 1.2613335E+002, 1.3102271E+002, 1.3313145E+002, 1.3190811E+002, 1.2849743E+002, 1.2623215E+002, 1.2429274E+002, 1.2416005E+002, 1.2282545E+002, 1.1930597E+002, 1.2070833E+002, 1.3495858E+002, 1.6000675E+002, 1.7194130E+002, 1.8326075E+002, 1.9092866E+002, 1.9918991E+002, 2.0080363E+002, 1.9864438E+002, 1.8355621E+002, 1.4247482E+002, 1.6589768E+002, 1.8747453E+002, 1.8582036E+002, 1.7209802E+002, 1.6274732E+002, 1.5070210E+002, 1.4389766E+002, 1.3634984E+002, 1.3474686E+002, 1.3572198E+002, 1.3798505E+002, 1.5494907E+002, 1.9622320E+002, 2.3257558E+002, 2.3953180E+002, 2.5781199E+002, 2.6805136E+002, 2.7015536E+002, 2.7068201E+002, 2.7746802E+002, 2.9639868E+002, 3.2063107E+002, 3.2874237E+002, 3.3466404E+002, 3.3885747E+002, 3.4074208E+002, 3.4071680E+002, 3.4085939E+002, 3.3847678E+002, 3.2791071E+002, 3.2327524E+002, 3.3408597E+002, 3.3764156E+002, 3.3738743E+002, 3.3430651E+002, 2.6677169E+002, 2.8785644E+002, 2.5639494E+002, 2.8520499E+002, 2.7648629E+002, 2.7312315E+002, 2.5880970E+002, 2.2986763E+002, 1.9085102E+002, 1.7709345E+002, 1.6912567E+002, 1.7200875E+002, 1.7724522E+002, 1.8728602E+002, 2.1161145E+002, 2.1752102E+002, 2.0645329E+002, 2.0443563E+002, 2.0517760E+002, 2.0334060E+002, 1.9546428E+002, 1.8861906E+002, 1.7967227E+002, 1.7550748E+002, 1.7565891E+002, 1.7870328E+002, 1.8272423E+002, 1.7459788E+002, 2.0847106E+002, 2.2035249E+002, 2.2901747E+002, 2.2739305E+002, 2.2427106E+002, 2.2347233E+002, 2.2266240E+002, 2.1993504E+002, 1.8947494E+002, 1.6661930E+002, 1.7366022E+002, 1.8033855E+002, 1.8319915E+002, 1.8298568E+002, 1.8316300E+002, 1.8026142E+002, 1.7363564E+002, 1.6891517E+002, 1.6376715E+002, 1.6412642E+002, 1.6684947E+002, 1.6974944E+002, 1.7436668E+002, 1.7747783E+002, 1.7948750E+002, 1.7889603E+002, 1.7720331E+002, 1.7641669E+002, 1.7538366E+002, 1.7469548E+002, 1.7355325E+002, 1.7280475E+002, 1.7196856E+002, 1.7117990E+002, 2.0000556E+001, 2.0001296E+001, 2.0002357E+001, 2.0003004E+001, 2.0004063E+001, 2.0004879E+001, 2.0006201E+001, 2.0007090E+001, 2.0008423E+001, 2.0009490E+001, 2.0011570E+001, 2.0013103E+001, 2.0015630E+001, 2.0017523E+001, 2.0020715E+001, 2.0023259E+001, 2.0028177E+001, 2.0032952E+001, 2.1891971E+001, 8.1165666E+001, 1.0008621E+002, 1.1862339E+002, 1.1881485E+002, 1.1368546E+002, 1.1357347E+002, 1.2117231E+002, 9.3484012E+001, 9.9688946E+001, 9.3090268E+001, 8.8009143E+001, 8.1901355E+001, 8.0951255E+001, 8.1562194E+001, 8.2184491E+001, 8.4027142E+001, 8.6512432E+001, 8.8524667E+001, 8.8419010E+001, 8.7579021E+001, 8.7086383E+001, 8.7832858E+001, 9.1723307E+001, 1.0565153E+002, 1.1607416E+002, 1.1990493E+002, 1.2073865E+002, 1.2184444E+002, 1.2139854E+002, 1.2166535E+002, 1.2373992E+002, 1.2645205E+002, 1.2666473E+002, 1.2378309E+002, 1.2560610E+002, 1.4472398E+002, 1.6377544E+002, 1.8754053E+002, 1.9570934E+002, 2.0383887E+002, 2.0372757E+002, 1.9653632E+002, 1.9431222E+002, 2.0212381E+002, 2.1877499E+002, 2.3174536E+002, 2.3644960E+002, 2.1575710E+002, 1.9160777E+002, 1.6210566E+002, 1.4691214E+002, 1.2190317E+002, 1.1125231E+002, 1.1189598E+002, 1.2001898E+002, 1.3788248E+002, 1.7807719E+002, 2.3163886E+002, 2.3432614E+002, 2.4341215E+002, 2.6773406E+002, 2.8558453E+002, 2.8277611E+002, 2.8224830E+002, 2.9805233E+002, 3.3601380E+002, 3.3830037E+002, 3.1226789E+002, 3.0184205E+002, 3.1060764E+002, 3.3616748E+002, 3.4345433E+002, 3.4709786E+002, 3.3711732E+002, 3.6471152E+002
 8.6008956E+001, 2.0000617E+001, 2.0001440E+001, 2.0002646E+001, 2.0003409E+001, 2.0004502E+001, 2.0005321E+001, 2.0006721E+001, 2.0007716E+001, 2.0009231E+001, 2.0010326E+001, 2.0012409E+001, 2.0014056E+001, 2.0016863E+001, 2.0018978E+001, 2.0022665E+001, 2.0025708E+001, 2.0031937E+001, 2.0569919E+001, 7.7199238E+001, 8.1627469E+001, 1.1320743E+002, 1.1600550E+002, 1.1179351E+002, 1.1069476E+002, 1.0962335E+002, 8.6428245E+001, 8.3638981E+001, 8.0215265E+001, 7.7760980E+001, 7.7389211E+001, 7.8784976E+001, 8.1748025E+001, 8.8422208E+001, 9.2476120E+001, 9.6170133E+001, 9.8386031E+001, 1.0343315E+002, 1.0786584E+002, 1.1490258E+002, 1.1960157E+002, 1.2500549E+002, 1.2633407E+002, 1.2522285E+002, 1.2371343E+002, 1.2167548E+002, 1.2108615E+002, 1.2129798E+002, 1.2102282E+002, 1.1791611E+002, 1.1778447E+002, 1.3373537E+002, 1.5026777E+002, 1.6848514E+002, 1.7712173E+002, 1.8854795E+002, 1.9340069E+002, 1.9648995E+002, 1.9568072E+002, 1.9100420E+002, 1.5722406E+002, 1.5451563E+002, 1.7044508E+002, 1.8067497E+002, 1.7496443E+002, 1.6072855E+002, 1.5253517E+002, 1.4184960E+002, 1.3542892E+002, 1.2886927E+002, 1.2753110E+002, 1.2996955E+002, 1.3343484E+002, 1.8309995E+002, 2.1127417E+002, 2.3574541E+002, 2.4666866E+002, 2.5992469E+002, 2.6195407E+002, 2.6835003E+002, 2.8141101E+002, 2.9002166E+002, 3.0089538E+002, 3.0742461E+002, 3.0340363E+002, 2.9106166E+002, 2.8358433E+002, 3.1069719E+002, 3.1983620E+002, 3.2310624E+002, 3.2056345E+002, 3.1353959E+002, 3.1231953E+002, 3.2178466E+002, 3.2987887E+002, 3.2427844E+002, 3.2042979E+002, 3.0215545E+002, 2.9722716E+002, 3.2279448E+002, 3.2656353E+002, 3.1207832E+002, 2.5405618E+002, 2.5413524E+002, 2.3602419E+002, 2.1630721E+002, 1.9762526E+002, 1.8940917E+002, 1.7669018E+002, 1.6926274E+002, 1.6813848E+002, 1.6919627E+002, 1.7838986E+002, 1.9976268E+002, 2.1952562E+002, 2.2591326E+002, 2.1456855E+002, 2.0273536E+002, 1.9959734E+002, 1.9971726E+002, 2.0027966E+002, 1.9992396E+002, 1.9680397E+002, 1.8732972E+002, 1.8054592E+002, 1.7089146E+002, 1.7472126E+002, 1.5778010E+002, 2.0531829E+002, 2.1612949E+002, 2.2015038E+002, 2.2251600E+002, 2.2249910E+002, 2.2158798E+002, 2.2092136E+002, 2.1898613E+002, 2.1715465E+002, 1.8656802E+002, 1.7068479E+002, 1.8186519E+002, 1.8402644E+002, 1.8340729E+002, 1.8367945E+002, 1.8501806E+002, 1.8372438E+002, 1.7910574E+002, 1.7282842E+002, 1.6447790E+002, 1.6008297E+002, 1.6210695E+002, 1.6559532E+002, 1.7032959E+002, 1.7249832E+002, 1.7349838E+002, 1.7307781E+002, 1.7262286E+002, 1.7258651E+002, 1.7252561E+002, 1.7209455E+002, 1.7036883E+002, 1.6841976E+002, 2.0000633E+001, 2.0001462E+001, 2.0002671E+001, 2.0003463E+001, 2.0004591E+001, 2.0005416E+001, 2.0006843E+001, 2.0007875E+001, 2.0009459E+001, 2.0010501E+001, 2.0012644E+001, 2.0014355E+001, 2.0017229E+001, 2.0019484E+001, 2.0023412E+001, 2.0026651E+001, 2.0033219E+001, 2.0144957E+001, 7.8571622E+001, 9.8232712E+001, 1.1752793E+002, 1.1019126E+002, 1.0323599E+002, 1.0621414E+002, 1.1473954E+002, 9.4751946E+001, 8.7492787E+001, 8.3553626E+001, 8.0662144E+001, 8.0526281E+001, 8.1304590E+001, 8.2786334E+001, 8.7773053E+001, 9.0739970E+001, 9.2047445E+001, 9.2198084E+001, 9.2580427E+001, 9.3810173E+001, 9.6718687E+001, 1.0020849E+002, 1.0657427E+002, 1.0911970E+002, 1.0964021E+002, 1.1029592E+002, 1.1116666E+002, 1.1403171E+002, 1.1741560E+002, 1.1870047E+002, 1.2077999E+002, 1.2078955E+002, 1.2674532E+002, 1.3914707E+002, 1.6217320E+002, 1.7333185E+002, 1.8690270E+002, 1.9129468E+002, 1.9745970E+002, 1.9639027E+002, 1.8713189E+002, 1.7696133E+002, 1.9708846E+002, 2.1375685E+002, 2.2860445E+002, 2.2833326E+002, 1.9852632E+002, 1.7800025E+002, 1.5266326E+002, 1.3788676E+002, 1.1557031E+002, 1.0615298E+002, 1.0626145E+002, 1.1745996E+002, 1.6036664E+002, 2.0026163E+002, 2.2975841E+002, 2.3521629E+002, 2.6061509E+002, 2.6937353E+002, 2.7334528E+002, 2.8141896E+002, 3.0311970E+002, 3.1651799E+002, 3.2958481E+002, 3.3195830E+002, 3.1002761E+002, 2.7512240E+002, 2.3125841E+002, 2.6889785E+002, 3.1961445E+002, 2.9520386E+002, 3.0996048E+002, 3.4985379E+002, 3.6850213E+002, 3.6010979E+002
 8.7001330E+001, 2.0000463E+001, 2.0001226E+001, 2.0002550E+001, 2.0003434E+001, 2.0004723E+001, 2.0005558E+001, 2.0006964E+001, 2.0008036E+001, 2.0009776E+001, 2.0010978E+001, 2.0012996E+001, 2.0014689E+001, 2.0017742E+001, 2.0020132E+001, 2.0024474E+001, 2.0028212E+001, 2.0222489E+001, 5.2499154E+001, 8.8390807E+001, 1.0603751E+002, 1.1308424E+002, 1.0671393E+002, 1.0305163E+002, 1.0917428E+002, 8.8334065E+001, 8.2598887E+001, 7.6558406E+001, 7.5952695E+001, 7.9525628E+001, 8.3704814E+001, 9.0165655E+001, 9.2834373E+001, 9.6350122E+001, 9.9920317E+001, 1.0773034E+002, 1.1264836E+002, 1.1673427E+002, 1.1770340E+002, 1.1746796E+002, 1.1707832E+002, 1.1681761E+002, 1.1686685E+002, 1.1683064E+002, 1.1751713E+002, 1.1819366E+002, 1.1728696E+002, 1.1526107E+002, 1.2097915E+002, 1.4207025E+002, 1.5641488E+002, 1.7149300E+002, 1.7963520E+002, 1.8655231E+002, 1.8860438E+002, 1.9013537E+002, 1.9056805E+002, 1.8734582E+002, 1.5872281E+002, 1.5137879E+002, 1.6828501E+002, 1.7520612E+002, 1.6761182E+002, 1.5482565E+002, 1.4821673E+002, 1.3941897E+002, 1.3333654E+002, 1.2522056E+002, 1.2307632E+002, 1.2393668E+002, 1.3116406E+002, 1.8760162E+002, 2.1464497E+002, 2.3724772E+002, 2.4822496E+002, 2.5334888E+002, 2.5821854E+002, 2.7228862E+002, 2.6910077E+002, 2.9128411E+002, 2.9790635E+002, 3.0063989E+002, 2.9300246E+002, 2.7614668E+002, 2.6554466E+002, 2.5361762E+002, 2.6060714E+002, 2.9779263E+002, 2.9705462E+002, 2.9564273E+002, 2.9562085E+002, 3.0891438E+002, 3.1467374E+002, 3.1999387E+002, 3.1071594E+002, 2.7644495E+002, 2.9536981E+002, 3.1434584E+002, 3.0080610E+002, 2.8780139E+002, 2.9923557E+002, 2.9139710E+002, 2.6021367E+002, 2.3628009E+002, 2.1950437E+002, 2.2527412E+002, 2.3031462E+002, 2.1725783E+002, 1.9750181E+002, 1.8344661E+002, 1.7642085E+002, 1.6741217E+002, 1.7658790E+002, 1.9230974E+002, 1.9706109E+002, 2.0643618E+002, 2.0930890E+002, 2.0845408E+002, 2.0378909E+002, 1.9712612E+002, 1.9507140E+002, 1.9444386E+002, 1.9433111E+002, 1.9473778E+002, 1.9517381E+002, 1.9282900E+002, 1.8330680E+002, 1.6916042E+002, 1.5553282E+002, 1.9808019E+002, 2.1625853E+002, 2.1702862E+002, 2.1488308E+002, 2.1488383E+002, 2.1474278E+002, 2.1387736E+002, 2.1395459E+002, 2.1682653E+002, 2.1507888E+002, 1.8294749E+002, 1.7556098E+002, 1.7737183E+002, 1.7906208E+002, 1.8134714E+002, 1.8204158E+002, 1.8219996E+002, 1.8147656E+002, 1.7944822E+002, 1.7778904E+002, 1.6938443E+002, 1.6357954E+002, 1.5863583E+002, 1.6060738E+002, 1.6672455E+002, 1.6838321E+002, 1.6911946E+002, 1.6868175E+002, 1.6806702E+002, 1.6787932E+002, 1.6728157E+002, 1.6598543E+002, 2.0000479E+001, 2.0001269E+001, 2.0002596E+001, 2.0003487E+001, 2.0004826E+001, 2.0005692E+001, 2.0007083E+001, 2.0008195E+001, 2.0010002E+001, 2.0011249E+001, 2.0013279E+001, 2.0014994E+001, 2.0018156E+001, 2.0020647E+001, 2.0025243E+001, 2.0029242E+001, 2.0066147E+001, 3.5499014E+001, 1.0010091E+002, 1.0949696E+002, 1.1085307E+002, 1.0171874E+002, 9.0264287E+001, 1.0946667E+002, 1.0184729E+002, 8.3647175E+001, 7.8979108E+001, 7.9092016E+001, 8.1384169E+001, 8.4188843E+001, 8.9729374E+001, 9.1987977E+001, 9.2916201E+001, 9.5484728E+001, 1.0315270E+002, 1.0638236E+002, 1.0619169E+002, 1.0418517E+002, 1.0213409E+002, 1.0153303E+002, 1.0147155E+002, 1.0295244E+002, 1.0391540E+002, 1.0633557E+002, 1.1129283E+002, 1.1457291E+002, 1.1551227E+002, 1.1868558E+002, 1.3073116E+002, 1.4603281E+002, 1.6995138E+002, 1.7808748E+002, 1.7380439E+002, 1.6985526E+002, 1.7795038E+002, 1.8800533E+002, 1.7721513E+002, 1.6731272E+002, 1.9411632E+002, 2.1203456E+002, 2.2500137E+002, 2.2160151E+002, 1.9293798E+002, 1.7365454E+002, 1.5073713E+002, 1.3985940E+002, 1.2233303E+002, 1.0963668E+002, 1.0543087E+002, 1.1168046E+002, 1.6605465E+002, 2.0279311E+002, 2.3473797E+002, 2.4451774E+002, 2.5830996E+002, 2.6592135E+002, 2.8487929E+002, 2.9885404E+002, 3.1681376E+002, 3.2271109E+002, 3.2389723E+002, 3.1408979E+002, 2.8807310E+002, 2.9090333E+002, 2.1982182E+002, 2.1585213E+002, 2.6312317E+002, 2.9761108E+002, 2.9017770E+002, 3.0696601E+002, 3.4469796E+002, 3.6297678E+002, 3.3839378E+002, 3.3182144E+002
 8.8014062E+001, 2.0000463E+001, 2.0001085E+001, 2.0002313E+001, 2.0003268E+001, 2.0004735E+001, 2.0005712E+001, 2.0007171E+001, 2.0008244E+001, 2.0010106E+001, 2.0011484E+001, 2.0013660E+001, 2.0015322E+001, 2.0018516E+001, 2.0021174E+001, 2.0026339E+001, 2.0033541E+001, 4.7738621E+001, 8.9203137E+001, 1.0493199E+002, 1.0999241E+002, 9.9454968E+001, 9.5391685E+001, 1.0466517E+002, 1.0774156E+002, 8.2586674E+001, 7.7587888E+001, 7.6772417E+001, 8.4803676E+001, 9.0768354E+001, 9.3605033E+001, 9.8321292E+001, 1.0300147E+002, 1.0989625E+002, 1.1266454E+002, 1.1286721E+002, 1.1144120E+002, 1.0984439E+002, 1.0937332E+002, 1.0953816E+002, 1.1041415E+002, 1.1225978E+002, 1.1347182E+002, 1.1387845E+002, 1.1298466E+002, 1.1821422E+002, 1.2927094E+002, 1.4990378E+002, 1.6125243E+002, 1.7338112E+002, 1.7739336E+002, 1.7850171E+002, 1.7758001E+002, 1.8169321E+002, 1.8348481E+002, 1.8250846E+002, 1.5496364E+002, 1.4695306E+002, 1.5767677E+002, 1.6876729E+002, 1.6152296E+002, 1.5091433E+002, 1.4499838E+002, 1.3787226E+002, 1.3238557E+002, 1.2434718E+002, 1.2087013E+002, 1.1925352E+002, 1.3779523E+002, 1.9055622E+002, 2.1712785E+002, 2.3762245E+002, 2.4350025E+002, 2.5257760E+002, 2.6117802E+002, 2.5552341E+002, 2.7110416E+002, 2.7927568E+002, 2.8540481E+002, 2.7375678E+002, 2.6337942E+002, 2.5074878E+002, 2.4416531E+002, 2.3876151E+002, 2.3484270E+002, 2.3510069E+002, 2.2685688E+002, 2.7612313E+002, 2.7916993E+002, 2.9049261E+002, 3.0472159E+002, 3.0362968E+002, 3.1030284E+002, 2.9959826E+002, 2.7842193E+002, 3.0626015E+002, 3.2318806E+002, 3.0702135E+002, 2.4678256E+002, 2.2747417E+002, 2.2413996E+002, 2.5568095E+002, 2.3418532E+002, 2.1881715E+002, 2.1614133E+002, 2.1637229E+002, 2.0836901E+002, 1.9577056E+002, 1.9643434E+002, 2.0727670E+002, 2.0610318E+002, 1.8508723E+002, 1.7879778E+002, 1.7714126E+002, 1.7831067E+002, 1.9424767E+002, 1.9604552E+002, 2.0207496E+002, 2.0461982E+002, 2.0082105E+002, 1.9837778E+002, 1.9409540E+002, 1.9105729E+002, 1.8902416E+002, 1.8794093E+002, 1.8753661E+002, 1.8775846E+002, 1.8676911E+002, 1.7974502E+002, 1.5190305E+002, 2.0039967E+002, 2.0194911E+002, 2.0117235E+002, 2.0447976E+002, 2.0362917E+002, 2.0169653E+002, 2.0051951E+002, 2.0547697E+002, 2.0944429E+002, 2.1231510E+002, 2.0416756E+002, 1.7794959E+002, 1.7366444E+002, 1.7730177E+002, 1.7855101E+002, 1.7872161E+002, 1.7762355E+002, 1.7595441E+002, 1.7579595E+002, 1.7590645E+002, 1.7585622E+002, 1.7528419E+002, 1.7137346E+002, 1.6384653E+002, 1.6166149E+002, 1.6076443E+002, 1.6365898E+002, 1.6535206E+002, 1.6503608E+002, 1.6429655E+002, 1.6365513E+002, 2.0000464E+001, 2.0001122E+001, 2.0002385E+001, 2.0003343E+001, 2.0004837E+001, 2.0005850E+001, 2.0007347E+001, 2.0008440E+001, 2.0010323E+001, 2.0011749E+001, 2.0014050E+001, 2.0015674E+001, 2.0018951E+001, 2.0021692E+001, 2.0027067E+001, 2.0032111E+001, 3.2273526E+001, 8.3338401E+001, 1.0716232E+002, 1.0747554E+002, 9.6091558E+001, 8.8835669E+001, 1.0165591E+002, 1.0863165E+002, 8.6135949E+001, 7.7612759E+001, 8.0445014E+001, 8.5861202E+001, 9.1025451E+001, 9.2623693E+001, 9.3713437E+001, 9.8008080E+001, 1.0655359E+002, 1.1085989E+002, 1.1053778E+002, 1.0759112E+002, 1.0163593E+002, 9.8638421E+001, 9.6686474E+001, 9.7184718E+001, 9.9047733E+001, 1.0098190E+002, 1.0526309E+002, 1.0700902E+002, 1.1425960E+002, 1.2201043E+002, 1.3950960E+002, 1.5534622E+002, 1.7330472E+002, 1.7742795E+002, 1.6513781E+002, 1.5249425E+002, 1.5669659E+002, 1.7063264E+002, 1.7321587E+002, 1.6858611E+002, 1.9232512E+002, 2.0868198E+002, 2.1962217E+002, 2.1020299E+002, 1.8588835E+002, 1.6745120E+002, 1.4842539E+002, 1.3802221E+002, 1.2582528E+002, 1.1790617E+002, 1.0925286E+002, 1.1704510E+002, 1.7537893E+002, 2.0831479E+002, 2.3842615E+002, 2.4805837E+002, 2.6366567E+002, 2.7861157E+002, 2.9040150E+002, 3.0483996E+002, 3.1366640E+002, 3.1476342E+002, 3.0157396E+002, 2.8206168E+002, 2.4535766E+002, 2.1368151E+002, 1.9255478E+002, 1.8192404E+002, 1.9342204E+002, 1.7982383E+002, 2.6980833E+002, 2.8495452E+002, 3.1495338E+002, 3.4463131E+002, 3.4229757E+002, 3.2385916E+002, 3.2073740E+002, 3.2111572E+002
 8.9012228E+001, 2.0000448E+001, 2.0001023E+001, 2.0002074E+001, 2.0002946E+001, 2.0004488E+001, 2.0005578E+001, 2.0007250E+001, 2.0008370E+001, 2.0010236E+001, 2.0011683E+001, 2.0014155E+001, 2.0015962E+001, 2.0019179E+001, 2.0022050E+001, 2.0029209E+001, 2.3276169E+001, 8.8079579E+001, 1.0275442E+002, 1.0702851E+002, 1.0401817E+002, 9.4934269E+001, 9.9231713E+001, 1.0454077E+002, 1.0445512E+002, 7.9268615E+001, 7.5751313E+001, 8.9344579E+001, 9.4400582E+001, 1.0146122E+002, 1.0562487E+002, 1.0990597E+002, 1.1084023E+002, 1.0929540E+002, 1.0746445E+002, 1.0548203E+002, 1.0518665E+002, 1.0562578E+002, 1.0611730E+002, 1.0704946E+002, 1.0791644E+002, 1.0928835E+002, 1.1270423E+002, 1.2450306E+002, 1.3661530E+002, 1.5530415E+002, 1.6462534E+002, 1.7104351E+002, 1.7175729E+002, 1.6909169E+002, 1.6727108E+002, 1.7045601E+002, 1.7407682E+002, 1.7655108E+002, 1.5720658E+002, 1.4214087E+002, 1.4146937E+002, 1.6199772E+002, 1.5666047E+002, 1.4725572E+002, 1.4225815E+002, 1.3550741E+002, 1.3057210E+002, 1.2387621E+002, 1.2011648E+002, 1.1880821E+002, 1.4265763E+002, 1.8663659E+002, 2.1709640E+002, 2.3353416E+002, 2.4007640E+002, 2.4651459E+002, 2.4187342E+002, 2.5581447E+002, 2.5835392E+002, 2.7034359E+002, 2.6613763E+002, 2.5329135E+002, 2.4316899E+002, 2.2898981E+002, 2.2221689E+002, 2.1671773E+002, 2.1698376E+002, 2.1852741E+002, 2.1681221E+002, 2.0902230E+002, 1.8855420E+002, 2.8023223E+002, 3.0083666E+002, 2.9734711E+002, 2.9452974E+002, 3.0015266E+002, 2.7444689E+002, 2.7054613E+002, 2.9946333E+002, 3.0397858E+002, 2.9807411E+002, 2.3531752E+002, 2.0275492E+002, 2.1998530E+002, 2.3826237E+002, 2.6020188E+002, 1.9741469E+002, 2.1431812E+002, 1.9785451E+002, 1.9653671E+002, 1.8986252E+002, 2.1305628E+002, 2.3646227E+002, 2.4623939E+002, 2.4785781E+002, 2.2725940E+002, 1.9691025E+002, 2.0856851E+002, 2.0729438E+002, 1.7998384E+002, 1.7119533E+002, 1.8260095E+002, 1.7792823E+002, 1.7817900E+002, 1.8058651E+002, 1.8573470E+002, 1.8914050E+002, 1.8933534E+002, 1.8878396E+002, 1.8666323E+002, 1.8415123E+002, 1.8231191E+002, 1.8192944E+002, 1.7794006E+002, 1.6492324E+002, 1.9337498E+002, 1.9600761E+002, 1.9529092E+002, 1.9408936E+002, 1.9376247E+002, 1.9404492E+002, 1.9607261E+002, 1.9806769E+002, 2.0466369E+002, 2.0622165E+002, 2.0529414E+002, 1.9377246E+002, 1.6709080E+002, 1.6748893E+002, 1.7223212E+002, 1.7424770E+002, 1.7626206E+002, 1.7570525E+002, 1.7357546E+002, 1.7346039E+002, 1.7356524E+002, 1.7412075E+002, 1.7558222E+002, 1.7544046E+002, 1.7271558E+002, 1.6756873E+002, 1.6223200E+002, 1.5967258E+002, 1.5901335E+002, 1.6009527E+002, 2.0000450E+001, 2.0001037E+001, 2.0002135E+001, 2.0003042E+001, 2.0004609E+001, 2.0005703E+001, 2.0007438E+001, 2.0008609E+001, 2.0010457E+001, 2.0011947E+001, 2.0014517E+001, 2.0016412E+001, 2.0019647E+001, 2.0022673E+001, 2.0028997E+001, 2.0732817E+001, 7.6119208E+001, 1.0399175E+002, 1.0610760E+002, 9.9385405E+001, 9.3741374E+001, 9.6048732E+001, 9.9883017E+001, 9.7421284E+001, 7.8115488E+001, 8.0586422E+001, 9.0822379E+001, 9.4412456E+001, 9.8540709E+001, 1.0101319E+002, 1.0553340E+002, 1.0805333E+002, 1.0897142E+002, 1.0703544E+002, 1.0380726E+002, 1.0151632E+002, 9.7864406E+001, 9.5771677E+001, 9.4936036E+001, 9.6109049E+001, 9.9714434E+001, 1.0419750E+002, 1.1557149E+002, 1.2678555E+002, 1.4594924E+002, 1.5812114E+002, 1.7226645E+002, 1.7162464E+002, 1.5892389E+002, 1.4625358E+002, 1.4141390E+002, 1.5249573E+002, 1.6875402E+002, 1.6501251E+002, 1.8080374E+002, 1.9618331E+002, 2.0905189E+002, 2.0042807E+002, 1.7903654E+002, 1.6332448E+002, 1.4640061E+002, 1.3470117E+002, 1.2291908E+002, 1.1912015E+002, 1.1476380E+002, 1.2492294E+002, 1.7242986E+002, 2.0776422E+002, 2.3716446E+002, 2.4967899E+002, 2.6198448E+002, 2.6717690E+002, 2.8821713E+002, 2.9395124E+002, 3.0446808E+002, 2.9927736E+002, 2.7636265E+002, 2.5328765E+002, 2.1361923E+002, 1.8784571E+002, 1.6693152E+002, 1.6068836E+002, 1.6542335E+002, 1.8414158E+002, 2.2315236E+002, 2.3920281E+002, 2.9670662E+002, 3.0602730E+002, 3.2916771E+002, 3.2701445E+002, 3.1401313E+002, 3.0900578E+002, 3.1753019E+002, 3.3479925E+002
 9.0003130E+001, 2.0000389E+001, 2.0000991E+001, 2.0001997E+001, 2.0002752E+001, 2.0004152E+001, 2.0005268E+001, 2.0007080E+001, 2.0008356E+001, 2.0010348E+001, 2.0011802E+001, 2.0014393E+001, 2.0016436E+001, 2.0019968E+001, 2.0023015E+001, 2.0267960E+001, 4.7693242E+001, 1.0356818E+002, 1.0558590E+002, 1.0240766E+002, 9.8662446E+001, 9.7729960E+001, 1.0038328E+002, 1.0187357E+002, 9.8514450E+001, 7.4726429E+001, 8.8498758E+001, 1.0114285E+002, 1.0622404E+002, 1.0846118E+002, 1.0787118E+002, 1.0582162E+002, 1.0435843E+002, 1.0299978E+002, 1.0282865E+002, 1.0289813E+002, 1.0291917E+002, 1.0301329E+002, 1.0428426E+002, 1.0957226E+002, 1.1634530E+002, 1.3269068E+002, 1.4496684E+002, 1.5969148E+002, 1.6491875E+002, 1.6821243E+002, 1.6634868E+002, 1.6053068E+002, 1.5820011E+002, 1.6075589E+002, 1.6560329E+002, 1.7038137E+002, 1.6101852E+002, 1.3392336E+002, 1.3062274E+002, 1.5713464E+002, 1.5334504E+002, 1.4346852E+002, 1.3945076E+002, 1.3348606E+002, 1.2919148E+002, 1.2220308E+002, 1.1884755E+002, 1.1691050E+002, 1.3426131E+002, 1.8845005E+002, 2.1684156E+002, 2.3065682E+002, 2.3701686E+002, 2.3913452E+002, 2.3084730E+002, 2.2818428E+002, 2.4580219E+002, 2.5806534E+002, 2.5076932E+002, 2.3358263E+002, 2.2353809E+002, 2.1018664E+002, 2.0267302E+002, 1.9318050E+002, 1.9370911E+002, 2.0201262E+002, 2.0699227E+002, 2.0642985E+002, 2.0592558E+002, 2.1283507E+002, 2.7839031E+002, 2.9684298E+002, 2.7964127E+002, 2.8848811E+002, 2.8525092E+002, 2.7343941E+002, 2.8083638E+002, 2.8414792E+002, 2.9201995E+002, 2.7135763E+002, 2.5344739E+002, 2.1212712E+002, 2.1707810E+002, 2.1648594E+002, 2.3873665E+002, 2.4995946E+002, 2.0697812E+002, 1.8908210E+002, 1.8422802E+002, 2.1057741E+002, 2.3816018E+002, 2.4428575E+002, 2.3909707E+002, 2.3074813E+002, 2.3326443E+002, 2.3400562E+002, 2.3288789E+002, 2.0904613E+002, 2.0797404E+002, 2.5221989E+002, 1.5897408E+002, 1.7306815E+002, 1.7636789E+002, 1.8005084E+002, 1.8171762E+002, 1.8217910E+002, 1.8264552E+002, 1.8265026E+002, 1.8311923E+002, 1.8440501E+002, 1.8463305E+002, 1.8247044E+002, 1.8193362E+002, 1.7964571E+002, 1.7613681E+002, 1.7208740E+002, 1.8641025E+002, 1.8785435E+002, 1.8784605E+002, 1.8933857E+002, 1.8906984E+002, 1.8703855E+002, 1.8763399E+002, 1.9433505E+002, 1.9879849E+002, 2.0014774E+002, 2.0009953E+002, 1.9767548E+002, 1.7683367E+002, 1.5598224E+002, 1.7022709E+002, 1.7879762E+002, 1.8055248E+002, 1.7987758E+002, 1.8014527E+002, 1.7752893E+002, 1.7514203E+002, 1.7190823E+002, 1.7213267E+002, 1.7477943E+002, 1.7661076E+002, 1.7685733E+002, 1.7532308E+002, 1.6686108E+002, 1.5681918E+002, 2.0000402E+001, 2.0001023E+001, 2.0002018E+001, 2.0002823E+001, 2.0004294E+001, 2.0005407E+001, 2.0007260E+001, 2.0008574E+001, 2.0010632E+001, 2.0012125E+001, 2.0014758E+001, 2.0016889E+001, 2.0020691E+001, 2.0023801E+001, 2.0056316E+001, 3.5253042E+001, 1.0450031E+002, 1.0646698E+002, 9.8670340E+001, 9.5115700E+001, 9.5150204E+001, 9.5431370E+001, 9.4795561E+001, 8.3699833E+001, 8.2580699E+001, 9.3235170E+001, 1.0110506E+002, 1.0524622E+002, 1.0696271E+002, 1.0631807E+002, 1.0580419E+002, 1.0493228E+002, 1.0296417E+002, 1.0228767E+002, 1.0095530E+002, 9.9093552E+001, 9.5758946E+001, 9.4513551E+001, 9.6174457E+001, 1.0030803E+002, 1.1245131E+002, 1.2579802E+002, 1.4823089E+002, 1.5816861E+002, 1.6575172E+002, 1.6582253E+002, 1.5398046E+002, 1.4333668E+002, 1.3458715E+002, 1.4249346E+002, 1.6408141E+002, 1.6185841E+002, 1.6523302E+002, 1.8223723E+002, 2.0189116E+002, 1.9801052E+002, 1.7505271E+002, 1.6091683E+002, 1.4469520E+002, 1.3449836E+002, 1.2172604E+002, 1.1538413E+002, 1.1483049E+002, 1.2372855E+002, 1.6760073E+002, 2.0946400E+002, 2.3803171E+002, 2.4468899E+002, 2.5600855E+002, 2.6066123E+002, 2.7331395E+002, 2.9074832E+002, 2.9840728E+002, 2.9208646E+002, 2.6075651E+002, 2.2821376E+002, 1.8457935E+002, 1.6641278E+002, 1.4649407E+002, 1.3702452E+002, 1.4332879E+002, 1.6224592E+002, 1.9236878E+002, 2.1283166E+002, 2.3631876E+002, 2.2915866E+002, 3.0734616E+002, 3.1368733E+002, 3.0813399E+002, 3.0098788E+002, 3.0680511E+002, 3.2386410E+002, 3.3702817E+002, 3.4144087E+002
 9.1017174E+001, 2.0000423E+001, 2.0001032E+001, 2.0002039E+001, 2.0002779E+001, 2.0004056E+001, 2.0005094E+001, 2.0006931E+001, 2.0008302E+001, 2.0010531E+001, 2.0012118E+001, 2.0014844E+001, 2.0017051E+001, 2.0021192E+001, 2.0024875E+001, 2.8725893E+001, 9.7154793E+001, 1.0399961E+002, 1.0117686E+002, 9.7102929E+001, 9.4529248E+001, 9.6630030E+001, 9.7371889E+001, 9.8371501E+001, 7.8872025E+001, 9.8619931E+001, 1.0498761E+002, 1.0607817E+002, 1.0487230E+002, 1.0270888E+002, 1.0160803E+002, 1.0111146E+002, 1.0107491E+002, 1.0057526E+002, 1.0033218E+002, 1.0393395E+002, 1.0999793E+002, 1.2284154E+002, 1.3162113E+002, 1.4413489E+002, 1.5219413E+002, 1.6043951E+002, 1.6261155E+002, 1.6123278E+002, 1.5798415E+002, 1.5290457E+002, 1.5150368E+002, 1.5492095E+002, 1.6022955E+002, 1.6496111E+002, 1.5954636E+002, 1.2466580E+002, 1.3353690E+002, 1.5226879E+002, 1.4908507E+002, 1.4137987E+002, 1.3833557E+002, 1.3192767E+002, 1.2707450E+002, 1.1988662E+002, 1.1672745E+002, 1.1431777E+002, 1.2961264E+002, 1.9576173E+002, 2.1539146E+002, 2.2998418E+002, 2.3661596E+002, 2.3343617E+002, 2.1935604E+002, 2.1676943E+002, 2.4313854E+002, 2.4824848E+002, 2.3762258E+002, 2.1650399E+002, 2.0620496E+002, 1.9279907E+002, 1.8419606E+002, 1.7891161E+002, 1.7750137E+002, 1.8358278E+002, 1.9352694E+002, 1.9775937E+002, 2.0031917E+002, 2.2203064E+002, 2.4744188E+002, 2.5228153E+002, 2.6774235E+002, 2.6606082E+002, 2.7822333E+002, 2.6031858E+002, 2.7342153E+002, 2.6387371E+002, 2.8522966E+002, 2.7061152E+002, 2.5151699E+002, 2.4769976E+002, 2.0160309E+002, 2.0643157E+002, 2.1704449E+002, 2.4227931E+002, 2.4237293E+002, 2.3126868E+002, 2.3740625E+002, 1.6196296E+002, 2.2859896E+002, 2.3032921E+002, 2.2158809E+002, 2.1615450E+002, 2.1291786E+002, 2.0992206E+002, 2.1017205E+002, 2.1013749E+002, 2.1174257E+002, 2.1265444E+002, 2.1360675E+002, 2.0697950E+002, 2.1298598E+002, 1.7983064E+002, 1.8302672E+002, 1.8756985E+002, 1.8903650E+002, 1.9123753E+002, 1.9336247E+002, 1.9198039E+002, 1.8958516E+002, 1.8520657E+002, 1.8369711E+002, 1.8390826E+002, 1.8322191E+002, 1.8220101E+002, 1.8193928E+002, 1.7574753E+002, 1.7027374E+002, 1.7550542E+002, 1.7968919E+002, 1.8242364E+002, 1.7997267E+002, 1.8057863E+002, 1.8255470E+002, 1.8660259E+002, 1.8860139E+002, 1.9111108E+002, 1.9344295E+002, 1.9640921E+002, 1.9745579E+002, 1.7276908E+002, 1.4896715E+002, 1.7513594E+002, 1.7748660E+002, 1.7712781E+002, 1.7597965E+002, 1.7530754E+002, 1.7542075E+002, 1.7632814E+002, 1.7550966E+002, 1.7284747E+002, 1.7095102E+002, 1.6943800E+002, 1.7005752E+002, 1.7410069E+002, 1.7528309E+002, 2.0000447E+001, 2.0001091E+001, 2.0002101E+001, 2.0002853E+001, 2.0004169E+001, 2.0005258E+001, 2.0007141E+001, 2.0008522E+001, 2.0010821E+001, 2.0012487E+001, 2.0015269E+001, 2.0017504E+001, 2.0021954E+001, 2.0025915E+001, 2.2870762E+001, 9.1703941E+001, 1.0456375E+002, 9.6692868E+001, 9.4285120E+001, 9.5211711E+001, 9.0985929E+001, 9.0390517E+001, 8.6125152E+001, 8.2902863E+001, 1.0139173E+002, 1.0606878E+002, 1.0634662E+002, 1.0514459E+002, 1.0404583E+002, 1.0295168E+002, 1.0194964E+002, 1.0157559E+002, 1.0044319E+002, 9.9301059E+001, 9.9707123E+001, 1.0141197E+002, 1.0376923E+002, 1.0498284E+002, 1.1076056E+002, 1.1857737E+002, 1.3670140E+002, 1.4737569E+002, 1.5456308E+002, 1.5510691E+002, 1.4950673E+002, 1.4104514E+002, 1.3416173E+002, 1.3960292E+002, 1.5907308E+002, 1.5557067E+002, 1.5684591E+002, 1.7948921E+002, 1.9286602E+002, 1.9006721E+002, 1.7257057E+002, 1.6480926E+002, 1.5085709E+002, 1.3736350E+002, 1.1964689E+002, 1.1250605E+002, 1.1260220E+002, 1.2127578E+002, 1.7805328E+002, 2.1733940E+002, 2.3633343E+002, 2.4345001E+002, 2.4619826E+002, 2.4301746E+002, 2.6018463E+002, 2.8325179E+002, 2.9207683E+002, 2.8200896E+002, 2.3339777E+002, 2.0408193E+002, 1.7662415E+002, 1.5842982E+002, 1.3795231E+002, 1.3278240E+002, 1.2702685E+002, 1.3655412E+002, 1.7145036E+002, 1.9266917E+002, 2.3091514E+002, 2.4706244E+002, 1.8575369E+002, 2.1517406E+002, 2.9998410E+002, 2.9143326E+002, 3.0231730E+002, 3.1124335E+002, 3.3029575E+002, 3.5367061E+002, 3.1475456E+002, 2.4233435E+002
 9.2010785E+001, 2.0000492E+001, 2.0001116E+001, 2.0002155E+001, 2.0002903E+001, 2.0004164E+001, 2.0005127E+001, 2.0006894E+001, 2.0008302E+001, 2.0010695E+001, 2.0012490E+001, 2.0015534E+001, 2.0017970E+001, 2.0022836E+001, 2.0063683E+001, 8.3032180E+001, 1.0061062E+002, 9.7489850E+001, 9.5654759E+001, 9.4548357E+001, 9.2301421E+001, 9.4163693E+001, 9.4661002E+001, 8.3288287E+001, 9.6711744E+001, 1.0359632E+002, 1.0224673E+002, 1.0065196E+002, 9.9997708E+001, 9.9634486E+001, 9.9343167E+001, 9.8684101E+001, 1.0235095E+002, 1.1497650E+002, 1.2456488E+002, 1.3570303E+002, 1.4085521E+002, 1.4579793E+002, 1.4787225E+002, 1.5045100E+002, 1.5164923E+002, 1.5108585E+002, 1.4941629E+002, 1.4728650E+002, 1.4766237E+002, 1.5225755E+002, 1.5620290E+002, 1.5863397E+002, 1.5290870E+002, 1.2752287E+002, 1.3331345E+002, 1.4697479E+002, 1.4500442E+002, 1.4060630E+002, 1.3840813E+002, 1.3267363E+002, 1.2688652E+002, 1.1867250E+002, 1.1470778E+002, 1.1360714E+002, 1.3955832E+002, 1.9477589E+002, 2.1491329E+002, 2.3057677E+002, 2.3515182E+002, 2.1806070E+002, 1.9960841E+002, 2.1687994E+002, 2.3274138E+002, 2.2823405E+002, 2.1728272E+002, 1.9858359E+002, 1.9017739E+002, 1.8161840E+002, 1.7603297E+002, 1.6826644E+002, 1.6659383E+002, 1.7002378E+002, 1.7777316E+002, 1.8773324E+002, 1.9394998E+002, 2.1541183E+002, 2.2577905E+002, 2.2422602E+002, 2.3851063E+002, 2.4864068E+002, 2.5547525E+002, 2.6316591E+002, 2.6836565E+002, 2.5660522E+002, 2.7515204E+002, 2.7225506E+002, 2.4516564E+002, 2.3786057E+002, 2.3139209E+002, 2.0342505E+002, 2.1803021E+002, 2.2911823E+002, 2.3505322E+002, 2.3301775E+002, 2.3824285E+002, 2.4004798E+002, 2.2996590E+002, 1.8839012E+002, 2.1533442E+002, 2.0993294E+002, 2.0894028E+002, 2.1150253E+002, 2.0989450E+002, 2.0997234E+002, 2.1357305E+002, 2.1064591E+002, 2.1262031E+002, 2.1009416E+002, 2.0937879E+002, 2.0148293E+002, 1.9199399E+002, 1.7118287E+002, 1.8352879E+002, 1.9658077E+002, 2.0039528E+002, 2.0178851E+002, 1.9880689E+002, 1.9646944E+002, 1.9652325E+002, 1.9915831E+002, 2.0003031E+002, 1.9974376E+002, 1.9531838E+002, 1.8737936E+002, 1.8281133E+002, 1.8083413E+002, 1.8066050E+002, 1.7426601E+002, 1.6386037E+002, 1.7112908E+002, 1.7176291E+002, 1.7812433E+002, 1.8062945E+002, 1.8279954E+002, 1.8405042E+002, 1.8614086E+002, 1.8707115E+002, 1.8958136E+002, 1.9250646E+002, 1.9367237E+002, 1.8151903E+002, 1.5954061E+002, 1.6730708E+002, 1.6959328E+002, 1.6978150E+002, 1.7334552E+002, 1.7333098E+002, 1.7408445E+002, 1.7421637E+002, 1.7448323E+002, 1.7479412E+002, 1.7425684E+002, 1.7227575E+002, 1.6586183E+002, 1.6345778E+002, 2.0000529E+001, 2.0001199E+001, 2.0002278E+001, 2.0003038E+001, 2.0004260E+001, 2.0005266E+001, 2.0007136E+001, 2.0008539E+001, 2.0010999E+001, 2.0012840E+001, 2.0015984E+001, 2.0018525E+001, 2.0023741E+001, 2.0033264E+001, 7.1696432E+001, 1.0261685E+002, 9.2002402E+001, 9.1077510E+001, 9.4068160E+001, 8.8903614E+001, 9.2041358E+001, 8.9461729E+001, 9.3225552E+001, 1.0436975E+002, 1.0507352E+002, 1.0366142E+002, 1.0228351E+002, 1.0180469E+002, 1.0130675E+002, 1.0068872E+002, 9.9404718E+001, 1.0174082E+002, 1.1128354E+002, 1.1707940E+002, 1.1899079E+002, 1.1764671E+002, 1.1478002E+002, 1.1364606E+002, 1.1544767E+002, 1.1950830E+002, 1.3000411E+002, 1.3641257E+002, 1.4254595E+002, 1.4073829E+002, 1.3646455E+002, 1.3907256E+002, 1.4975836E+002, 1.4930276E+002, 1.5514674E+002, 1.7293442E+002, 1.8266135E+002, 1.8080309E+002, 1.6707302E+002, 1.5866782E+002, 1.4675085E+002, 1.3777089E+002, 1.2311813E+002, 1.1417304E+002, 1.1050967E+002, 1.2577435E+002, 1.8717988E+002, 2.1797222E+002, 2.3585141E+002, 2.3796251E+002, 2.3499211E+002, 2.4271749E+002, 2.6460449E+002, 2.7910991E+002, 2.7874505E+002, 2.6436245E+002, 2.1652130E+002, 1.8787810E+002, 1.6163633E+002, 1.5092024E+002, 1.4036776E+002, 1.3374340E+002, 1.3005969E+002, 1.3178128E+002, 1.5376926E+002, 1.7676715E+002, 2.1488766E+002, 2.3539159E+002, 2.1469472E+002, 2.0577607E+002, 2.6692705E+002, 2.7924268E+002, 2.8665286E+002, 2.9368377E+002, 3.0823270E+002, 3.4055295E+002, 3.1904754E+002, 2.6013390E+002, 2.2156544E+002, 2.2179085E+002
 9.3013126E+001, 2.0000490E+001, 2.0001159E+001, 2.0002250E+001, 2.0003033E+001, 2.0004325E+001, 2.0005277E+001, 2.0006949E+001, 2.0008322E+001, 2.0010777E+001, 2.0012706E+001, 2.0016159E+001, 2.0018935E+001, 2.0027446E+001, 2.6009324E+001, 9.6499471E+001, 9.6821226E+001, 9.3647551E+001, 9.3670238E+001, 9.0380153E+001, 8.7172566E+001, 9.0779078E+001, 9.3068839E+001, 9.1635338E+001, 1.0018312E+002, 9.8776249E+001, 9.8652243E+001, 9.8435104E+001, 9.7787598E+001, 9.9899303E+001, 1.0766771E+002, 1.2394265E+002, 1.3209350E+002, 1.3713978E+002, 1.3757433E+002, 1.3658728E+002, 1.3558280E+002, 1.3456216E+002, 1.3493336E+002, 1.3744305E+002, 1.3988596E+002, 1.4305756E+002, 1.4496142E+002, 1.4868129E+002, 1.5097109E+002, 1.5246521E+002, 1.4631390E+002, 1.2997190E+002, 1.2926794E+002, 1.4291353E+002, 1.4306377E+002, 1.3907376E+002, 1.3566253E+002, 1.2998589E+002, 1.2501010E+002, 1.1789179E+002, 1.1376991E+002, 1.1780249E+002, 1.4527806E+002, 1.9490315E+002, 2.1513530E+002, 2.2746333E+002, 2.3061247E+002, 2.0329649E+002, 1.8485237E+002, 1.9654790E+002, 2.1724886E+002, 2.1640257E+002, 2.0679065E+002, 1.8727844E+002, 1.7722612E+002, 1.7183689E+002, 1.6881581E+002, 1.6288963E+002, 1.5988985E+002, 1.5924677E+002, 1.6407703E+002, 1.7559173E+002, 1.8644732E+002, 2.0495275E+002, 2.1418952E+002, 2.1742170E+002, 2.2559721E+002, 2.4260759E+002, 2.4687435E+002, 2.6157639E+002, 2.6545618E+002, 2.5698015E+002, 2.5774972E+002, 2.6742967E+002, 2.4688991E+002, 2.2839457E+002, 2.2869479E+002, 2.1374351E+002, 2.0619356E+002, 2.1906084E+002, 2.2287643E+002, 2.2546405E+002, 2.3285400E+002, 2.3470242E+002, 2.2972474E+002, 2.3479053E+002, 2.0688398E+002, 2.0755831E+002, 2.0466162E+002, 2.0763556E+002, 2.1089756E+002, 2.1114724E+002, 2.1072273E+002, 2.1929846E+002, 2.2133447E+002, 2.1517050E+002, 2.1342319E+002, 2.0843192E+002, 2.2209755E+002, 2.0604846E+002, 1.9716705E+002, 1.6523203E+002, 1.8427193E+002, 1.9819978E+002, 2.0361904E+002, 2.0519181E+002, 2.0614683E+002, 2.0428989E+002, 2.0301776E+002, 2.0515483E+002, 2.0871988E+002, 2.1051420E+002, 2.1207458E+002, 2.1462128E+002, 2.1542727E+002, 2.1245061E+002, 2.0794153E+002, 1.9394874E+002, 1.8163498E+002, 1.5659410E+002, 1.6195857E+002, 1.6601188E+002, 1.7291148E+002, 1.7825751E+002, 1.8210818E+002, 1.8336651E+002, 1.8404740E+002, 1.8532341E+002, 1.8675796E+002, 1.8913691E+002, 1.8987065E+002, 1.7846493E+002, 1.6185964E+002, 1.6062837E+002, 1.6258077E+002, 1.6935850E+002, 1.7410166E+002, 1.7668967E+002, 1.7671033E+002, 1.7457720E+002, 1.7350644E+002, 1.7279667E+002, 1.7285094E+002, 1.7331677E+002, 1.7161175E+002, 2.0000517E+001, 2.0001230E+001, 2.0002409E+001, 2.0003211E+001, 2.0004487E+001, 2.0005431E+001, 2.0007144E+001, 2.0008594E+001, 2.0011127E+001, 2.0013122E+001, 2.0016666E+001, 2.0019606E+001, 2.0025990E+001, 2.1609593E+001, 9.6263857E+001, 9.8373851E+001, 9.1141630E+001, 9.1492571E+001, 8.8149026E+001, 8.4149613E+001, 9.1645156E+001, 9.1967825E+001, 1.0307202E+002, 1.0257096E+002, 1.0118317E+002, 1.0088299E+002, 1.0045290E+002, 9.9686220E+001, 1.0099044E+002, 1.0744650E+002, 1.2159716E+002, 1.2889916E+002, 1.3114505E+002, 1.2749230E+002, 1.1772352E+002, 1.1095460E+002, 1.0443333E+002, 1.0321902E+002, 1.0654095E+002, 1.1235552E+002, 1.2592600E+002, 1.3670849E+002, 1.3773928E+002, 1.3602491E+002, 1.4199541E+002, 1.4386536E+002, 1.5007868E+002, 1.6274361E+002, 1.7535839E+002, 1.7566439E+002, 1.6311561E+002, 1.5133979E+002, 1.3732486E+002, 1.2930933E+002, 1.2064822E+002, 1.1654739E+002, 1.1250169E+002, 1.3236007E+002, 1.8764530E+002, 2.1784660E+002, 2.3156292E+002, 2.3299390E+002, 2.2593835E+002, 2.3204175E+002, 2.5639550E+002, 2.6616739E+002, 2.6947125E+002, 2.5501356E+002, 2.1373662E+002, 1.7846861E+002, 1.4713897E+002, 1.4158928E+002, 1.3657801E+002, 1.3087577E+002, 1.2715140E+002, 1.3109624E+002, 1.4628134E+002, 1.6372242E+002, 1.9871919E+002, 2.1923712E+002, 2.2029630E+002, 2.1552312E+002, 2.4041236E+002, 2.6245021E+002, 2.6311672E+002, 2.5575223E+002, 2.9782999E+002, 3.2663087E+002, 3.0573862E+002, 2.5122427E+002, 2.2301719E+002, 2.0730674E+002, 2.1689454E+002, 2.2767883E+002
 9.4008926E+001, 2.0000471E+001, 2.0001190E+001, 2.0002348E+001, 2.0003183E+001, 2.0004544E+001, 2.0005537E+001, 2.0007221E+001, 2.0008539E+001, 2.0010986E+001, 2.0012997E+001, 2.0016808E+001, 2.0020086E+001, 2.0209626E+001, 6.5999086E+001, 9.6369917E+001, 9.3003587E+001, 9.2121191E+001, 8.9218251E+001, 8.4245748E+001, 8.4152339E+001, 8.7924290E+001, 9.0591636E+001, 9.4399786E+001, 9.6313549E+001, 9.6988635E+001, 9.6324588E+001, 1.0289489E+002, 1.1396242E+002, 1.2967280E+002, 1.3391111E+002, 1.3265511E+002, 1.2956355E+002, 1.2526231E+002, 1.2384589E+002, 1.2370374E+002, 1.2448316E+002, 1.2747762E+002, 1.3113704E+002, 1.3815901E+002, 1.4240646E+002, 1.4493718E+002, 1.4546791E+002, 1.4653924E+002, 1.4456031E+002, 1.2482587E+002, 1.2705820E+002, 1.4074472E+002, 1.4126259E+002, 1.3640160E+002, 1.3153497E+002, 1.2550550E+002, 1.2074058E+002, 1.1461188E+002, 1.1138108E+002, 1.2022811E+002, 1.5243338E+002, 2.0205754E+002, 2.1548479E+002, 2.2496981E+002, 2.2551204E+002, 2.0703379E+002, 1.7359309E+002, 1.9061007E+002, 2.1183919E+002, 2.1001583E+002, 1.9907204E+002, 1.7829304E+002, 1.6846976E+002, 1.6111980E+002, 1.6010296E+002, 1.5801696E+002, 1.5552106E+002, 1.5277626E+002, 1.5325598E+002, 1.6296244E+002, 1.7494566E+002, 1.9898916E+002, 2.0766524E+002, 2.1202661E+002, 2.2051647E+002, 2.3789241E+002, 2.4214695E+002, 2.5072353E+002, 2.5321125E+002, 2.5971100E+002, 2.7007443E+002, 2.5229877E+002, 2.3666217E+002, 2.2259544E+002, 2.1651534E+002, 2.1873358E+002, 2.0314256E+002, 2.1104329E+002, 2.1328979E+002, 2.2340994E+002, 2.3018936E+002, 2.3107580E+002, 2.2308751E+002, 2.2167367E+002, 2.2410130E+002, 2.0480222E+002, 2.0213294E+002, 2.0560363E+002, 2.0999600E+002, 2.0933704E+002, 2.0712872E+002, 2.1347117E+002, 2.1903492E+002, 2.0932379E+002, 2.0297485E+002, 2.0140586E+002, 2.0195181E+002, 2.0177057E+002, 2.0631961E+002, 2.1109744E+002, 2.0288966E+002, 1.9075868E+002, 1.7619989E+002, 1.9595017E+002, 2.0536815E+002, 2.1397057E+002, 2.1772144E+002, 2.1762671E+002, 2.1303229E+002, 2.1460098E+002, 2.1362512E+002, 2.1163809E+002, 2.1155333E+002, 2.1230284E+002, 2.1151217E+002, 2.0871616E+002, 2.0626058E+002, 2.0964531E+002, 2.1311129E+002, 2.0640944E+002, 1.8388513E+002, 1.5704613E+002, 1.5564982E+002, 1.7218812E+002, 1.7562560E+002, 1.7745729E+002, 1.8006141E+002, 1.8315536E+002, 1.8478073E+002, 1.8566858E+002, 1.8559365E+002, 1.8580098E+002, 1.8498225E+002, 1.6916008E+002, 1.5559554E+002, 1.5370120E+002, 1.6647481E+002, 1.7247903E+002, 1.7539095E+002, 1.7791148E+002, 1.7756351E+002, 1.7862019E+002, 1.7739023E+002, 1.7316165E+002, 1.6976491E+002, 2.0000468E+001, 2.0001242E+001, 2.0002506E+001, 2.0003386E+001, 2.0004779E+001, 2.0005786E+001, 2.0007428E+001, 2.0008778E+001, 2.0011406E+001, 2.0013469E+001, 2.0017341E+001, 2.0020774E+001, 2.0062618E+001, 4.0017153E+001, 9.7263225E+001, 9.2279221E+001, 9.1560439E+001, 8.6982176E+001, 8.1587043E+001, 8.5139329E+001, 9.1104920E+001, 9.3604577E+001, 9.9904622E+001, 1.0005114E+002, 9.9503686E+001, 9.8610673E+001, 1.0371404E+002, 1.1346947E+002, 1.2839854E+002, 1.3298587E+002, 1.3155940E+002, 1.2732257E+002, 1.1849449E+002, 1.1216794E+002, 1.0340324E+002, 9.9986570E+001, 9.9286942E+001, 1.0162554E+002, 1.1058433E+002, 1.2167061E+002, 1.3576002E+002, 1.3396622E+002, 1.3581743E+002, 1.3943303E+002, 1.4233292E+002, 1.5648467E+002, 1.6945459E+002, 1.7172161E+002, 1.6239060E+002, 1.4882061E+002, 1.3449281E+002, 1.2357303E+002, 1.1397253E+002, 1.1013096E+002, 1.1262170E+002, 1.3362333E+002, 1.9555793E+002, 2.1967075E+002, 2.2913448E+002, 2.2595806E+002, 2.0697121E+002, 2.0525933E+002, 2.3953233E+002, 2.5966316E+002, 2.6670443E+002, 2.4950703E+002, 1.9760415E+002, 1.7218392E+002, 1.4852456E+002, 1.3522645E+002, 1.2801782E+002, 1.2958958E+002, 1.2741018E+002, 1.2578294E+002, 1.3747373E+002, 1.5467205E+002, 1.8649703E+002, 2.0722320E+002, 2.1741104E+002, 2.1480344E+002, 2.3480036E+002, 2.5153287E+002, 2.5605979E+002, 2.5462322E+002, 2.6562805E+002, 2.8267275E+002, 3.1028126E+002, 2.4102910E+002, 2.2311060E+002, 2.1300878E+002, 2.1239475E+002, 2.2779534E+002, 2.3160710E+002, 2.3169129E+002
 9.5000038E+001, 2.0000461E+001, 2.0001091E+001, 2.0002259E+001, 2.0003142E+001, 2.0004576E+001, 2.0005620E+001, 2.0007373E+001, 2.0008687E+001, 2.0011025E+001, 2.0013035E+001, 2.0017000E+001, 2.0020541E+001, 2.6789957E+001, 8.8922067E+001, 9.4300324E+001, 9.1219319E+001, 8.7412374E+001, 8.1707613E+001, 8.3958741E+001, 8.3935814E+001, 8.5829747E+001, 8.8163132E+001, 9.1377598E+001, 9.4481514E+001, 1.0510745E+002, 1.1820000E+002, 1.3060527E+002, 1.3111001E+002, 1.2723815E+002, 1.2332975E+002, 1.1921052E+002, 1.1828591E+002, 1.1910528E+002, 1.2077827E+002, 1.2455119E+002, 1.2789884E+002, 1.3422803E+002, 1.3762715E+002, 1.3988041E+002, 1.4017714E+002, 1.4098158E+002, 1.3924513E+002, 1.2778659E+002, 1.2525373E+002, 1.3804552E+002, 1.3875280E+002, 1.3433876E+002, 1.2926395E+002, 1.2350214E+002, 1.1935137E+002, 1.1310324E+002, 1.0968802E+002, 1.2528834E+002, 1.5651899E+002, 2.0223434E+002, 2.1221987E+002, 2.1949101E+002, 2.1954567E+002, 2.0903691E+002, 1.8101877E+002, 1.8037381E+002, 2.0747823E+002, 2.0749462E+002, 1.9657941E+002, 1.7455667E+002, 1.6415376E+002, 1.5705475E+002, 1.5396468E+002, 1.5301068E+002, 1.5223288E+002, 1.4968262E+002, 1.4817321E+002, 1.5044860E+002, 1.6210004E+002, 1.8874021E+002, 2.0085106E+002, 2.0850124E+002, 2.1629584E+002, 2.3104061E+002, 2.3675821E+002, 2.4084524E+002, 2.4441380E+002, 2.5490258E+002, 2.6166591E+002, 2.5142974E+002, 2.3840094E+002, 2.2042873E+002, 2.1016035E+002, 2.0858428E+002, 2.0615176E+002, 1.9853807E+002, 2.0427695E+002, 2.1241372E+002, 2.2297203E+002, 2.2594771E+002, 2.2178668E+002, 2.1544350E+002, 2.2140016E+002, 2.2497559E+002, 1.9461057E+002, 1.9719657E+002, 2.1287755E+002, 2.1724898E+002, 2.1302645E+002, 2.0599216E+002, 2.1017490E+002, 2.1599243E+002, 2.1441655E+002, 2.0534729E+002, 1.9812852E+002, 1.8845746E+002, 1.8919948E+002, 1.9857869E+002, 1.9797356E+002, 2.0605549E+002, 2.1264769E+002, 2.0298008E+002, 1.8927009E+002, 2.0044644E+002, 2.0735852E+002, 2.1277498E+002, 2.1165895E+002, 2.1095368E+002, 2.1189696E+002, 2.1653567E+002, 2.1945946E+002, 2.2250449E+002, 2.2354351E+002, 2.2273167E+002, 2.2178711E+002, 2.1997615E+002, 2.1794593E+002, 2.1431911E+002, 2.1106907E+002, 2.0049811E+002, 1.9549980E+002, 1.9299226E+002, 1.7837499E+002, 1.5699319E+002, 1.6534342E+002, 1.7028964E+002, 1.7525977E+002, 1.8068951E+002, 1.8197440E+002, 1.8281402E+002, 1.8295757E+002, 1.8319938E+002, 1.8308395E+002, 1.8200987E+002, 1.8053185E+002, 1.6187777E+002, 1.4736077E+002, 1.6778836E+002, 1.7451573E+002, 1.7820563E+002, 1.7892086E+002, 1.7951941E+002, 1.7956694E+002, 1.7977047E+002, 1.7782022E+002, 2.0000468E+001, 2.0001122E+001, 2.0002383E+001, 2.0003319E+001, 2.0004837E+001, 2.0005915E+001, 2.0007662E+001, 2.0008959E+001, 2.0011392E+001, 2.0013524E+001, 2.0017625E+001, 2.0021457E+001, 2.1874601E+001, 6.1691546E+001, 9.4592226E+001, 9.1540494E+001, 8.6107904E+001, 7.5854540E+001, 8.6905881E+001, 9.1668412E+001, 9.1274728E+001, 9.1654811E+001, 9.8091956E+001, 9.7623833E+001, 1.0649701E+002, 1.1838832E+002, 1.3025994E+002, 1.3117105E+002, 1.2740528E+002, 1.2295144E+002, 1.1726858E+002, 1.1446346E+002, 1.0981290E+002, 1.0542283E+002, 1.0083733E+002, 1.0190210E+002, 1.0836582E+002, 1.1480293E+002, 1.2363706E+002, 1.2613417E+002, 1.2961675E+002, 1.3357680E+002, 1.3964900E+002, 1.4882450E+002, 1.6477849E+002, 1.6798120E+002, 1.6556160E+002, 1.5210399E+002, 1.3668994E+002, 1.2771248E+002, 1.1491232E+002, 1.1057298E+002, 1.1523434E+002, 1.3894593E+002, 1.9098295E+002, 2.1338488E+002, 2.1862533E+002, 2.1504661E+002, 1.9981567E+002, 1.9646236E+002, 2.3111617E+002, 2.5580784E+002, 2.6484333E+002, 2.5076877E+002, 1.9997980E+002, 1.6950211E+002, 1.4922455E+002, 1.3587665E+002, 1.2983820E+002, 1.2727686E+002, 1.2555946E+002, 1.2984130E+002, 1.3343509E+002, 1.4540624E+002, 1.7342482E+002, 1.9274520E+002, 2.1121350E+002, 2.1636519E+002, 2.2631603E+002, 2.3541718E+002, 2.4694982E+002, 2.4915840E+002, 2.6038343E+002, 2.7330140E+002, 2.5275999E+002, 2.1470501E+002, 2.2150260E+002, 2.1366931E+002, 2.0924333E+002, 2.1390984E+002, 2.2505781E+002, 2.3078478E+002, 2.3476793E+002, 2.3558132E+002
 9.6007946E+001, 2.0000462E+001, 2.0001134E+001, 2.0002214E+001, 2.0003079E+001, 2.0004574E+001, 2.0005684E+001, 2.0007543E+001, 2.0008932E+001, 2.0011322E+001, 2.0013292E+001, 2.0017375E+001, 2.0023669E+001, 5.7435015E+001, 9.1484188E+001, 9.1828385E+001, 8.9954047E+001, 8.1088547E+001, 8.2334039E+001, 8.5771475E+001, 8.8344466E+001, 8.5827077E+001, 8.5007257E+001, 9.5081435E+001, 1.1429085E+002, 1.2876843E+002, 1.2769966E+002, 1.2214817E+002, 1.1834194E+002, 1.1556296E+002, 1.1586261E+002, 1.1816899E+002, 1.2061153E+002, 1.2480689E+002, 1.2756818E+002, 1.3096022E+002, 1.3270687E+002, 1.3393953E+002, 1.3448797E+002, 1.3455121E+002, 1.3114893E+002, 1.2825298E+002, 1.2925177E+002, 1.3831207E+002, 1.3804840E+002, 1.3356157E+002, 1.2754490E+002, 1.2191431E+002, 1.1847917E+002, 1.1272710E+002, 1.0893411E+002, 1.2600640E+002, 1.6063794E+002, 2.0203045E+002, 2.0840823E+002, 2.1295702E+002, 2.1262937E+002, 2.0516746E+002, 1.8310821E+002, 1.7131032E+002, 2.0275378E+002, 2.0474032E+002, 1.9312198E+002, 1.7178570E+002, 1.6084166E+002, 1.5350333E+002, 1.5083987E+002, 1.4731563E+002, 1.4706653E+002, 1.4685361E+002, 1.4554533E+002, 1.4345699E+002, 1.4781577E+002, 1.7811414E+002, 1.9433995E+002, 2.0430552E+002, 2.1304954E+002, 2.2615783E+002, 2.3043900E+002, 2.3354500E+002, 2.3738377E+002, 2.4722260E+002, 2.5189386E+002, 2.3428258E+002, 2.1930099E+002, 2.1208509E+002, 2.1323064E+002, 2.0254969E+002, 2.0193627E+002, 1.9757753E+002, 1.9170245E+002, 2.0105028E+002, 2.1202418E+002, 2.1704411E+002, 2.1708000E+002, 2.1343176E+002, 2.1539701E+002, 2.2513291E+002, 2.2848165E+002, 2.0972675E+002, 2.0305027E+002, 2.1335657E+002, 2.1569155E+002, 2.1062052E+002, 2.0532053E+002, 2.0779711E+002, 2.0938358E+002, 2.0810376E+002, 2.0849023E+002, 2.0934541E+002, 2.1112556E+002, 2.1305631E+002, 2.0686165E+002, 1.9510117E+002, 1.9056019E+002, 1.8834109E+002, 2.0119967E+002, 2.0210645E+002, 2.0257783E+002, 1.9064968E+002, 1.9694414E+002, 2.0334157E+002, 2.0448520E+002, 2.0657386E+002, 2.0788022E+002, 2.0956623E+002, 2.1017330E+002, 2.0881904E+002, 2.0690386E+002, 2.0980508E+002, 2.1277603E+002, 2.1624655E+002, 2.1784719E+002, 2.1905563E+002, 2.1909943E+002, 2.1748203E+002, 2.1308680E+002, 1.9897188E+002, 1.8890289E+002, 1.8991751E+002, 1.7830502E+002, 1.5531089E+002, 1.7044862E+002, 1.7335373E+002, 1.7761439E+002, 1.7960032E+002, 1.8039086E+002, 1.8085023E+002, 1.8155818E+002, 1.8098723E+002, 1.7983730E+002, 1.7883437E+002, 1.7593441E+002, 1.5400662E+002, 1.7138618E+002, 1.7542320E+002, 1.7663265E+002, 1.7753740E+002, 1.7786402E+002, 1.7934607E+002, 1.8004322E+002, 2.0000511E+001, 2.0001211E+001, 2.0002299E+001, 2.0003200E+001, 2.0004815E+001, 2.0005987E+001, 2.0007880E+001, 2.0009316E+001, 2.0011757E+001, 2.0013781E+001, 2.0018020E+001, 2.0022130E+001, 3.5915084E+001, 7.6764647E+001, 9.2146233E+001, 9.1244955E+001, 8.0186519E+001, 8.6409410E+001, 9.4686976E+001, 9.6595124E+001, 9.2108087E+001, 8.8845565E+001, 1.0232345E+002, 1.1785934E+002, 1.3008282E+002, 1.2873308E+002, 1.2294915E+002, 1.1895715E+002, 1.1534968E+002, 1.1414014E+002, 1.1249974E+002, 1.1165009E+002, 1.0991374E+002, 1.0924403E+002, 1.1150754E+002, 1.1452967E+002, 1.1858465E+002, 1.1895607E+002, 1.2259868E+002, 1.3032959E+002, 1.4365353E+002, 1.5237433E+002, 1.6417137E+002, 1.6639972E+002, 1.6748524E+002, 1.5631605E+002, 1.3730712E+002, 1.2985063E+002, 1.1663667E+002, 1.1199069E+002, 1.1593426E+002, 1.4220310E+002, 1.9366434E+002, 2.0849930E+002, 2.0862858E+002, 2.0492229E+002, 1.9245415E+002, 1.9065870E+002, 2.2452275E+002, 2.5301327E+002, 2.6114578E+002, 2.4744606E+002, 1.9693382E+002, 1.6706585E+002, 1.4268957E+002, 1.3331009E+002, 1.2698848E+002, 1.2191348E+002, 1.2323506E+002, 1.2517432E+002, 1.3220902E+002, 1.3873204E+002, 1.6520893E+002, 1.8454472E+002, 2.0448397E+002, 2.1456836E+002, 2.2487548E+002, 2.2825873E+002, 2.3247846E+002, 2.3995956E+002, 2.5417298E+002, 2.6579111E+002, 2.5788756E+002, 2.2706913E+002, 1.7980776E+002, 1.7235948E+002, 2.0467604E+002, 2.0862593E+002, 2.1217060E+002, 2.2303384E+002, 2.3129113E+002, 2.3583152E+002, 2.3376710E+002, 2.3089104E+002
 9.7011204E+001, 2.0000474E+001, 2.0001151E+001, 2.0002285E+001, 2.0003099E+001, 2.0004532E+001, 2.0005679E+001, 2.0007651E+001, 2.0009123E+001, 2.0011693E+001, 2.0013754E+001, 2.0017882E+001, 2.0108582E+001, 8.4856324E+001, 9.0653055E+001, 8.9711255E+001, 8.8688641E+001, 7.9981375E+001, 8.0377742E+001, 8.9952173E+001, 9.1532964E+001, 8.5409690E+001, 7.4519942E+001, 1.2316528E+002, 1.2503327E+002, 1.1950236E+002, 1.1561577E+002, 1.1338428E+002, 1.1477480E+002, 1.1847927E+002, 1.2103530E+002, 1.2435052E+002, 1.2584582E+002, 1.2707022E+002, 1.2759228E+002, 1.2850063E+002, 1.2873214E+002, 1.2663906E+002, 1.2727210E+002, 1.3246138E+002, 1.3950477E+002, 1.4182351E+002, 1.3996631E+002, 1.3419873E+002, 1.2747328E+002, 1.2115963E+002, 1.1811148E+002, 1.1161843E+002, 1.0842375E+002, 1.3020034E+002, 1.6474101E+002, 1.9882678E+002, 2.0307992E+002, 2.0558664E+002, 2.0521608E+002, 2.0066563E+002, 1.7986610E+002, 1.5636184E+002, 1.8677545E+002, 1.9879141E+002, 1.8849056E+002, 1.6816265E+002, 1.5720993E+002, 1.4978178E+002, 1.4680286E+002, 1.4353043E+002, 1.4276301E+002, 1.4242606E+002, 1.4243052E+002, 1.4095733E+002, 1.3996449E+002, 1.6272069E+002, 1.8610022E+002, 1.9987256E+002, 2.0881960E+002, 2.2061988E+002, 2.2364915E+002, 2.2655202E+002, 2.3089464E+002, 2.3998344E+002, 2.4274017E+002, 2.2621803E+002, 2.1041614E+002, 2.0036285E+002, 1.9884563E+002, 2.0090360E+002, 1.9985109E+002, 1.9906991E+002, 1.8931201E+002, 1.8899152E+002, 2.0409909E+002, 2.1074973E+002, 2.0693846E+002, 2.0792271E+002, 2.1375769E+002, 2.1880453E+002, 2.2188579E+002, 2.2094296E+002, 2.0465121E+002, 2.0473816E+002, 2.0523697E+002, 2.0342872E+002, 2.0564379E+002, 2.0670160E+002, 2.0876358E+002, 2.0301515E+002, 2.0428552E+002, 2.1088505E+002, 2.1118848E+002, 2.0519179E+002, 1.9980349E+002, 1.9753931E+002, 2.0323811E+002, 2.1517570E+002, 2.2168181E+002, 2.1729969E+002, 2.0505157E+002, 1.9451024E+002, 1.9381539E+002, 1.6869238E+002, 1.9898466E+002, 2.0331459E+002, 2.0437355E+002, 2.0565745E+002, 2.0667003E+002, 2.0859416E+002, 2.1022333E+002, 2.1160347E+002, 2.1052692E+002, 2.0732171E+002, 2.0479154E+002, 2.0305414E+002, 2.0464260E+002, 2.0676526E+002, 2.0674173E+002, 2.0592288E+002, 2.0628475E+002, 2.0794193E+002, 2.0743088E+002, 2.0076971E+002, 1.9175651E+002, 1.8292110E+002, 1.6280644E+002, 1.6102618E+002, 1.7047834E+002, 1.7663313E+002, 1.7756580E+002, 1.7937637E+002, 1.7944861E+002, 1.7943933E+002, 1.7816301E+002, 1.7710063E+002, 1.7735709E+002, 1.7308712E+002, 1.6534099E+002, 1.7006848E+002, 1.7271501E+002, 1.7577899E+002, 1.7651278E+002, 1.7753626E+002, 1.7745741E+002, 2.0000505E+001, 2.0001248E+001, 2.0002417E+001, 2.0003228E+001, 2.0004734E+001, 2.0005943E+001, 2.0008017E+001, 2.0009549E+001, 2.0012224E+001, 2.0014374E+001, 2.0018808E+001, 2.0034674E+001, 6.0512606E+001, 8.6568853E+001, 8.9273002E+001, 8.7776901E+001, 8.4012410E+001, 9.4195443E+001, 9.4577299E+001, 9.4755144E+001, 9.0172511E+001, 1.0152606E+002, 1.2803627E+002, 1.2671708E+002, 1.2067978E+002, 1.1705045E+002, 1.1451884E+002, 1.1480829E+002, 1.1496901E+002, 1.1460461E+002, 1.1594333E+002, 1.1687197E+002, 1.1602168E+002, 1.1521456E+002, 1.1543836E+002, 1.1789779E+002, 1.2901468E+002, 1.3985100E+002, 1.5204021E+002, 1.5864465E+002, 1.6381392E+002, 1.6516860E+002, 1.6195818E+002, 1.5431678E+002, 1.3836824E+002, 1.3366727E+002, 1.1971606E+002, 1.1196438E+002, 1.1775896E+002, 1.4213336E+002, 1.9115368E+002, 2.0025573E+002, 1.9753936E+002, 1.9701972E+002, 1.8990081E+002, 1.8835323E+002, 2.1607411E+002, 2.4506571E+002, 2.5491587E+002, 2.4255847E+002, 1.9405080E+002, 1.6415524E+002, 1.4149930E+002, 1.3027101E+002, 1.2015154E+002, 1.2117684E+002, 1.2144492E+002, 1.2081291E+002, 1.2450047E+002, 1.3197965E+002, 1.5310749E+002, 1.7385027E+002, 1.9814447E+002, 2.1051456E+002, 2.2288699E+002, 2.2398940E+002, 2.2519463E+002, 2.3127132E+002, 2.4745716E+002, 2.5786449E+002, 2.5319171E+002, 2.3203694E+002, 1.9912130E+002, 1.7871177E+002, 1.6498423E+002, 1.6802454E+002, 2.0761734E+002, 2.0908894E+002, 2.2455659E+002, 2.3397170E+002, 2.3590472E+002, 2.2987933E+002, 2.2803403E+002, 2.2864125E+002
 9.8006474E+001, 2.0000622E+001, 2.0001394E+001, 2.0002596E+001, 2.0003485E+001, 2.0004924E+001, 2.0006074E+001, 2.0008173E+001, 2.0009802E+001, 2.0012694E+001, 2.0015073E+001, 2.0032083E+001, 3.3732379E+001, 8.8648476E+001, 8.8952388E+001, 8.7559997E+001, 8.4635591E+001, 7.9577327E+001, 7.9558223E+001, 9.0564568E+001, 8.3607417E+001, 9.4177253E+001, 1.1770790E+002, 1.1692060E+002, 1.1340832E+002, 1.1202945E+002, 1.1425974E+002, 1.1872423E+002, 1.2084802E+002, 1.2254421E+002, 1.2293260E+002, 1.2324176E+002, 1.2358079E+002, 1.2386111E+002, 1.2481050E+002, 1.2954276E+002, 1.3405812E+002, 1.4174273E+002, 1.4211038E+002, 1.3808152E+002, 1.3436182E+002, 1.2862879E+002, 1.2482724E+002, 1.2001399E+002, 1.1693347E+002, 1.1065371E+002, 1.1216944E+002, 1.4974860E+002, 1.7819411E+002, 1.9522113E+002, 1.9607702E+002, 1.9618513E+002, 1.9659823E+002, 1.9296552E+002, 1.6538399E+002, 1.5819888E+002, 1.7805721E+002, 1.8888761E+002, 1.7970998E+002, 1.6063388E+002, 1.5119168E+002, 1.4454667E+002, 1.4190913E+002, 1.3809754E+002, 1.3734356E+002, 1.3796750E+002, 1.3813338E+002, 1.3761205E+002, 1.3598747E+002, 1.5695725E+002, 1.8023489E+002, 1.9843137E+002, 2.0715468E+002, 2.1549037E+002, 2.1780010E+002, 2.2262072E+002, 2.2774983E+002, 2.3425135E+002, 2.3256375E+002, 2.1524557E+002, 2.0184371E+002, 1.9352303E+002, 1.9143489E+002, 1.9041974E+002, 1.9148261E+002, 1.9560122E+002, 1.9736615E+002, 1.8006448E+002, 1.9455704E+002, 2.0634673E+002, 2.0132422E+002, 1.9988165E+002, 2.1181654E+002, 2.1678414E+002, 2.1574508E+002, 2.1480063E+002, 2.2042606E+002, 1.9712295E+002, 2.0530771E+002, 1.9902519E+002, 1.9764796E+002, 2.0884647E+002, 2.1433073E+002, 2.0591772E+002, 1.9526634E+002, 1.9079218E+002, 1.8725460E+002, 1.8838148E+002, 1.8986812E+002, 1.9121394E+002, 1.9085404E+002, 1.8994642E+002, 1.9575534E+002, 2.0793199E+002, 1.9956879E+002, 1.9052081E+002, 1.9285923E+002, 2.0459415E+002, 2.0681790E+002, 1.9280800E+002, 1.9523563E+002, 2.0081543E+002, 2.0202621E+002, 2.0343863E+002, 2.0461421E+002, 2.0658045E+002, 2.0773705E+002, 2.0850179E+002, 2.0836291E+002, 2.0904293E+002, 2.1009536E+002, 2.1008767E+002, 2.0797676E+002, 2.0571552E+002, 2.0541132E+002, 2.0489234E+002, 2.0439009E+002, 2.0720469E+002, 2.0547417E+002, 2.0084066E+002, 1.9945554E+002, 1.9801684E+002, 1.9281659E+002, 1.6184976E+002, 1.4646908E+002, 1.6700582E+002, 1.7329072E+002, 1.7435767E+002, 1.7542041E+002, 1.7521801E+002, 1.7663056E+002, 1.7681090E+002, 1.7815878E+002, 1.7376864E+002, 1.7403646E+002, 1.6088618E+002, 1.6161516E+002, 1.7186580E+002, 1.7476134E+002, 1.7565400E+002, 1.7563648E+002, 2.0000650E+001, 2.0001476E+001, 2.0002757E+001, 2.0003673E+001, 2.0005157E+001, 2.0006306E+001, 2.0008536E+001, 2.0010254E+001, 2.0013354E+001, 2.0015955E+001, 2.0022359E+001, 2.4446492E+001, 8.4580731E+001, 8.5432851E+001, 8.3951816E+001, 8.3376684E+001, 9.2119727E+001, 9.3158812E+001, 9.1739630E+001, 9.8548959E+001, 1.2094622E+002, 1.2390609E+002, 1.1856873E+002, 1.1556347E+002, 1.1419143E+002, 1.1550477E+002, 1.1761007E+002, 1.1754753E+002, 1.1754209E+002, 1.1869390E+002, 1.1847026E+002, 1.1816988E+002, 1.2325045E+002, 1.3078228E+002, 1.4334315E+002, 1.4940349E+002, 1.5443777E+002, 1.5559609E+002, 1.5228544E+002, 1.4599942E+002, 1.3883953E+002, 1.3667519E+002, 1.3148573E+002, 1.2725000E+002, 1.1869558E+002, 1.1385252E+002, 1.3233489E+002, 1.5965341E+002, 1.8841623E+002, 1.8588561E+002, 1.8306113E+002, 1.8760867E+002, 1.8547917E+002, 1.8081750E+002, 2.1181098E+002, 2.3349257E+002, 2.4404891E+002, 2.2779331E+002, 1.8072610E+002, 1.5674055E+002, 1.3211692E+002, 1.2225889E+002, 1.1707020E+002, 1.1439344E+002, 1.1798888E+002, 1.2106107E+002, 1.2454025E+002, 1.2755075E+002, 1.4722499E+002, 1.7119375E+002, 1.9773897E+002, 2.1071591E+002, 2.1930383E+002, 2.2003403E+002, 2.2317130E+002, 2.2931567E+002, 2.4363239E+002, 2.4716339E+002, 2.3533270E+002, 2.2276815E+002, 2.0077624E+002, 1.8437566E+002, 1.6553029E+002, 1.6412462E+002, 1.7676610E+002, 1.7707958E+002, 2.1331911E+002, 2.3079997E+002, 2.3532844E+002, 2.2836038E+002, 2.2679778E+002, 2.4075870E+002, 2.3130170E+002, 2.2075496E+002
 9.9015420E+001, 2.0000651E+001, 2.0001556E+001, 2.0002947E+001, 2.0003906E+001, 2.0005492E+001, 2.0006675E+001, 2.0008822E+001, 2.0010614E+001, 2.0013868E+001, 2.0016756E+001, 2.1503030E+001, 7.5265477E+001, 8.6928300E+001, 8.6067486E+001, 8.4687720E+001, 8.1299245E+001, 7.4533853E+001, 8.6244640E+001, 7.5052105E+001, 9.4091276E+001, 1.1423817E+002, 1.1152097E+002, 1.1096470E+002, 1.1330260E+002, 1.1768470E+002, 1.1911472E+002, 1.1969395E+002, 1.1998238E+002, 1.2051412E+002, 1.2047785E+002, 1.2431641E+002, 1.2951991E+002, 1.3701649E+002, 1.3912546E+002, 1.3564353E+002, 1.3178738E+002, 1.2609195E+002, 1.2353909E+002, 1.2080785E+002, 1.1870771E+002, 1.1426849E+002, 1.1096212E+002, 1.1439237E+002, 1.3235059E+002, 1.6562090E+002, 1.8416833E+002, 1.8753001E+002, 1.8565322E+002, 1.8625739E+002, 1.8811237E+002, 1.8601465E+002, 1.6093491E+002, 1.5702423E+002, 1.7483610E+002, 1.8067237E+002, 1.7241390E+002, 1.5558607E+002, 1.4654541E+002, 1.3990769E+002, 1.3549726E+002, 1.3271886E+002, 1.3209428E+002, 1.3262648E+002, 1.3385418E+002, 1.3423729E+002, 1.3300094E+002, 1.4929585E+002, 1.7442700E+002, 1.9594993E+002, 2.0332496E+002, 2.1052047E+002, 2.1365173E+002, 2.2027436E+002, 2.2490471E+002, 2.2691831E+002, 2.2127813E+002, 2.0436241E+002, 1.9487328E+002, 1.8841545E+002, 1.8574156E+002, 1.8340220E+002, 1.8391976E+002, 1.8821921E+002, 1.8931634E+002, 1.8321220E+002, 1.9056219E+002, 2.0457608E+002, 2.0113356E+002, 1.9499078E+002, 2.0665580E+002, 2.1342551E+002, 2.1179172E+002, 2.0893761E+002, 2.1466438E+002, 2.2108322E+002, 1.9817010E+002, 2.0240384E+002, 1.9358748E+002, 2.0612402E+002, 2.1119697E+002, 2.0127384E+002, 1.8763265E+002, 1.9048805E+002, 1.9436868E+002, 2.0130050E+002, 2.0401297E+002, 2.0380066E+002, 2.0266967E+002, 2.0341760E+002, 2.0707241E+002, 2.1898062E+002, 2.2532811E+002, 2.3134070E+002, 2.2249212E+002, 2.1366201E+002, 2.1487545E+002, 2.1015310E+002, 2.0074637E+002, 1.8402117E+002, 1.8396350E+002, 1.8899298E+002, 1.9917208E+002, 2.0121111E+002, 2.0184203E+002, 2.0291825E+002, 2.0376795E+002, 2.0500300E+002, 2.0575488E+002, 2.0556823E+002, 2.0522583E+002, 2.0495454E+002, 2.0456454E+002, 2.0391782E+002, 2.0363682E+002, 2.0452769E+002, 2.0530962E+002, 2.0191301E+002, 2.0236105E+002, 2.0398819E+002, 2.0475343E+002, 2.0562395E+002, 2.0187434E+002, 1.9533466E+002, 1.8607653E+002, 1.5657914E+002, 1.5466286E+002, 1.6586140E+002, 1.6556684E+002, 1.7062252E+002, 1.7462448E+002, 1.7953595E+002, 1.8087676E+002, 1.7390447E+002, 1.7389218E+002, 1.7425536E+002, 1.6484700E+002, 1.5941403E+002, 1.6978122E+002, 1.7435315E+002, 1.7515683E+002, 2.0000650E+001, 2.0001602E+001, 2.0003078E+001, 2.0004116E+001, 2.0005773E+001, 2.0006976E+001, 2.0009172E+001, 2.0011074E+001, 2.0014693E+001, 2.0017743E+001, 2.0401260E+001, 6.1389002E+001, 8.4795708E+001, 8.1377816E+001, 8.3059948E+001, 8.5256636E+001, 9.1554274E+001, 9.1606786E+001, 1.0075109E+002, 1.1662666E+002, 1.1668297E+002, 1.1471045E+002, 1.1407058E+002, 1.1573718E+002, 1.1832762E+002, 1.1831866E+002, 1.1567327E+002, 1.1495193E+002, 1.1925573E+002, 1.2417415E+002, 1.3584115E+002, 1.4286370E+002, 1.4868380E+002, 1.4833136E+002, 1.4382358E+002, 1.3871752E+002, 1.2858976E+002, 1.2277032E+002, 1.2131905E+002, 1.2118155E+002, 1.1607030E+002, 1.1094623E+002, 1.0804336E+002, 1.1560984E+002, 1.4463031E+002, 1.6862577E+002, 1.8243505E+002, 1.7423147E+002, 1.7318606E+002, 1.8005016E+002, 1.7677275E+002, 1.7161569E+002, 2.0094598E+002, 2.2480368E+002, 2.3483466E+002, 2.2021132E+002, 1.7641381E+002, 1.5140152E+002, 1.3178853E+002, 1.2056215E+002, 1.0830588E+002, 1.0748733E+002, 1.1048143E+002, 1.1509476E+002, 1.2319991E+002, 1.2660779E+002, 1.4052964E+002, 1.6508986E+002, 1.9763110E+002, 2.0911466E+002, 2.1571569E+002, 2.1720579E+002, 2.2208982E+002, 2.2766803E+002, 2.3391710E+002, 2.3104621E+002, 2.1708151E+002, 2.0853693E+002, 1.9904705E+002, 1.8756712E+002, 1.6751798E+002, 1.6033150E+002, 1.7234706E+002, 1.8008743E+002, 1.9494500E+002, 2.1869156E+002, 2.3470953E+002, 2.2555463E+002, 2.2046926E+002, 2.4052504E+002, 2.4818885E+002, 2.2441759E+002, 2.1730547E+002, 2.1056689E+002
 1.0001052E+002, 2.0000596E+001, 2.0001506E+001, 2.0003057E+001, 2.0004155E+001, 2.0005903E+001, 2.0007201E+001, 2.0009434E+001, 2.0011287E+001, 2.0014863E+001, 2.0018354E+001, 3.3033771E+001, 8.2674112E+001, 8.4008776E+001, 8.2830140E+001, 8.4047883E+001, 8.0436358E+001, 7.3144569E+001, 8.5012896E+001, 8.0442024E+001, 1.0877033E+002, 1.0946585E+002, 1.1265728E+002, 1.1618923E+002, 1.1690581E+002, 1.1685429E+002, 1.1727462E+002, 1.1869904E+002, 1.1994012E+002, 1.2639273E+002, 1.3116022E+002, 1.3245772E+002, 1.2897516E+002, 1.2285178E+002, 1.1986692E+002, 1.1771610E+002, 1.1628510E+002, 1.1266172E+002, 1.0934447E+002, 1.0595911E+002, 1.1125733E+002, 1.3532957E+002, 1.5437515E+002, 1.7843906E+002, 1.8180056E+002, 1.7802788E+002, 1.7510390E+002, 1.7727157E+002, 1.8054433E+002, 1.8207267E+002, 1.6287194E+002, 1.5192386E+002, 1.7024351E+002, 1.7571786E+002, 1.6727916E+002, 1.5327894E+002, 1.4579089E+002, 1.3736264E+002, 1.3325783E+002, 1.2732448E+002, 1.2548273E+002, 1.2712136E+002, 1.2843116E+002, 1.3043232E+002, 1.3073261E+002, 1.3396038E+002, 1.6210114E+002, 1.9073658E+002, 1.9681662E+002, 2.0519489E+002, 2.0966022E+002, 2.1717778E+002, 2.2071547E+002, 2.1872929E+002, 2.1177180E+002, 1.9603829E+002, 1.8881369E+002, 1.8428123E+002, 1.8150136E+002, 1.7775580E+002, 1.7697736E+002, 1.8054593E+002, 1.8363786E+002, 1.7723360E+002, 1.8627559E+002, 2.1162405E+002, 2.1608141E+002, 1.8814865E+002, 1.9706681E+002, 2.0851492E+002, 2.0769296E+002, 2.0639897E+002, 2.0633600E+002, 2.1474296E+002, 2.1822830E+002, 1.9595897E+002, 1.9255279E+002, 2.0053065E+002, 2.1036653E+002, 1.9889524E+002, 1.7657730E+002, 1.9060979E+002, 2.0264259E+002, 2.0437587E+002, 2.0464765E+002, 2.0589926E+002, 2.0223156E+002, 2.0103302E+002, 2.0366766E+002, 2.1852320E+002, 2.3101331E+002, 2.4286550E+002, 2.4268360E+002, 2.3576183E+002, 2.2790109E+002, 2.2828505E+002, 2.2295706E+002, 2.1289739E+002, 2.1071764E+002, 2.0742592E+002, 1.9765018E+002, 1.7702845E+002, 1.7028874E+002, 1.9628577E+002, 2.0006784E+002, 2.0135768E+002, 2.0144188E+002, 2.0161367E+002, 2.0242075E+002, 2.0394110E+002, 2.0398670E+002, 2.0379409E+002, 2.0406010E+002, 2.0415780E+002, 2.0430266E+002, 2.0385529E+002, 2.0246251E+002, 1.9980821E+002, 1.9811311E+002, 1.9730746E+002, 1.9745307E+002, 1.9636321E+002, 1.9820825E+002, 2.0274604E+002, 2.0376280E+002, 1.9505976E+002, 1.8218062E+002, 1.5848962E+002, 1.5049811E+002, 1.6073166E+002, 1.7180316E+002, 1.8287524E+002, 1.8429161E+002, 1.8289867E+002, 1.8011794E+002, 1.7703108E+002, 1.7729085E+002, 1.7115586E+002, 1.6170003E+002, 1.6666520E+002, 1.7182173E+002, 2.0000583E+001, 2.0001509E+001, 2.0003140E+001, 2.0004332E+001, 2.0006221E+001, 2.0007596E+001, 2.0009840E+001, 2.0011746E+001, 2.0015643E+001, 2.0019345E+001, 2.5429086E+001, 8.1872828E+001, 8.1614788E+001, 7.8844504E+001, 8.8163620E+001, 8.6957939E+001, 8.8801740E+001, 9.2189338E+001, 1.0501461E+002, 1.1277406E+002, 1.1383614E+002, 1.1588144E+002, 1.1794835E+002, 1.1753805E+002, 1.1497388E+002, 1.1334246E+002, 1.1787281E+002, 1.2682151E+002, 1.4042904E+002, 1.4482900E+002, 1.4193583E+002, 1.3638168E+002, 1.2665712E+002, 1.2116995E+002, 1.1617130E+002, 1.1506184E+002, 1.1228383E+002, 1.0872396E+002, 1.0125838E+002, 9.7695718E+001, 1.0108277E+002, 1.1273159E+002, 1.5092202E+002, 1.6968313E+002, 1.7298867E+002, 1.6487689E+002, 1.6458668E+002, 1.7339430E+002, 1.7163240E+002, 1.6408922E+002, 1.9396923E+002, 2.1931632E+002, 2.2851068E+002, 2.0958165E+002, 1.6634536E+002, 1.4707970E+002, 1.3511451E+002, 1.2262970E+002, 1.1351570E+002, 1.0317972E+002, 1.0329333E+002, 1.0534198E+002, 1.1542897E+002, 1.2186847E+002, 1.2943220E+002, 1.4967738E+002, 1.9224174E+002, 2.0548768E+002, 2.1221872E+002, 2.1468886E+002, 2.1976953E+002, 2.2218306E+002, 2.2291949E+002, 2.1794319E+002, 2.0424666E+002, 1.9801166E+002, 1.9073364E+002, 1.8435560E+002, 1.7154183E+002, 1.6119174E+002, 1.5927227E+002, 1.7270416E+002, 1.8567963E+002, 2.0393049E+002, 2.2945655E+002, 2.3210179E+002, 2.1046760E+002, 2.2882410E+002, 2.5428102E+002, 2.3454370E+002, 2.0508434E+002, 2.1418976E+002, 2.0903439E+002, 2.1794958E+002
 1.0101152E+002, 2.0000634E+001, 2.0001456E+001, 2.0002949E+001, 2.0004122E+001, 2.0006081E+001, 2.0007493E+001, 2.0009956E+001, 2.0011871E+001, 2.0015712E+001, 2.0021001E+001, 4.2119356E+001, 8.1346462E+001, 8.1855148E+001, 8.3770790E+001, 8.4332013E+001, 8.1649313E+001, 7.7111721E+001, 8.1864227E+001, 9.6935934E+001, 1.0714832E+002, 1.1373213E+002, 1.1461695E+002, 1.1466994E+002, 1.1545054E+002, 1.1911410E+002, 1.2349179E+002, 1.3031949E+002, 1.3092925E+002, 1.2401482E+002, 1.1973915E+002, 1.1591735E+002, 1.1442319E+002, 1.1155836E+002, 1.0837382E+002, 1.0449925E+002, 1.0824328E+002, 1.2327404E+002, 1.3449531E+002, 1.5294078E+002, 1.6394316E+002, 1.7152437E+002, 1.7184946E+002, 1.6885110E+002, 1.6776688E+002, 1.7111496E+002, 1.7383587E+002, 1.7533894E+002, 1.6601844E+002, 1.4940691E+002, 1.5553513E+002, 1.7007100E+002, 1.6227263E+002, 1.4740621E+002, 1.4060687E+002, 1.3653650E+002, 1.3352188E+002, 1.2696055E+002, 1.2392780E+002, 1.2155851E+002, 1.2293971E+002, 1.2509129E+002, 1.2682850E+002, 1.2712567E+002, 1.4529372E+002, 1.8083015E+002, 1.8981581E+002, 1.9851268E+002, 2.0473307E+002, 2.1232921E+002, 2.1390654E+002, 2.0964667E+002, 2.0353752E+002, 1.9186947E+002, 1.8510896E+002, 1.7991378E+002, 1.7758670E+002, 1.7359469E+002, 1.7187718E+002, 1.7296450E+002, 1.7605656E+002, 1.7590524E+002, 1.7922338E+002, 2.0524241E+002, 2.1575802E+002, 1.9668078E+002, 1.9404919E+002, 2.0241766E+002, 2.0437216E+002, 2.0235496E+002, 2.0225179E+002, 2.0588070E+002, 2.1264603E+002, 2.1456595E+002, 1.9939282E+002, 1.8945088E+002, 2.0337361E+002, 2.0509313E+002, 1.9740512E+002, 1.8949569E+002, 2.1044772E+002, 2.2742250E+002, 2.4011278E+002, 2.2858652E+002, 2.3245620E+002, 2.1211287E+002, 2.0616689E+002, 2.0832253E+002, 2.1906758E+002, 2.3297340E+002, 2.3196290E+002, 2.2253372E+002, 2.1872716E+002, 2.1126579E+002, 2.1434037E+002, 2.2759493E+002, 2.3088142E+002, 2.2877417E+002, 2.2141065E+002, 2.2303387E+002, 2.1545050E+002, 2.0181286E+002, 1.8489831E+002, 1.7296727E+002, 1.9441078E+002, 1.9963016E+002, 2.0249619E+002, 2.0678681E+002, 2.0954513E+002, 2.0764659E+002, 2.0251144E+002, 1.9714858E+002, 1.9684725E+002, 1.9757035E+002, 1.9786168E+002, 1.9752201E+002, 1.9718866E+002, 1.9707783E+002, 1.9683669E+002, 1.9549452E+002, 1.9312734E+002, 1.9054599E+002, 1.9050818E+002, 1.9125033E+002, 1.9162648E+002, 1.9644263E+002, 2.0001213E+002, 1.9500871E+002, 1.8467709E+002, 1.5476102E+002, 1.5134907E+002, 1.8247217E+002, 1.8365887E+002, 1.8442293E+002, 1.8329488E+002, 1.8299026E+002, 1.8284508E+002, 1.8422975E+002, 1.8442839E+002, 1.7390876E+002, 1.6683532E+002, 2.0000646E+001, 2.0001457E+001, 2.0002976E+001, 2.0004211E+001, 2.0006347E+001, 2.0007900E+001, 2.0010482E+001, 2.0012547E+001, 2.0016495E+001, 2.0020493E+001, 3.7189697E+001, 8.2897281E+001, 8.1562086E+001, 8.4924280E+001, 8.8826099E+001, 9.0779216E+001, 9.2868365E+001, 8.7678082E+001, 1.0953371E+002, 1.1381231E+002, 1.1688309E+002, 1.1621870E+002, 1.1469436E+002, 1.1470921E+002, 1.1816077E+002, 1.2391180E+002, 1.3784457E+002, 1.3952213E+002, 1.3100909E+002, 1.2455455E+002, 1.1774191E+002, 1.1526521E+002, 1.1249703E+002, 1.0961538E+002, 1.0436142E+002, 1.0170591E+002, 1.0057229E+002, 1.0064102E+002, 1.0478107E+002, 1.1302427E+002, 1.3343858E+002, 1.4746031E+002, 1.5548089E+002, 1.5128660E+002, 1.5785563E+002, 1.6543155E+002, 1.6743614E+002, 1.6176279E+002, 1.8044704E+002, 2.0522496E+002, 2.2398312E+002, 2.1112989E+002, 1.7417874E+002, 1.4511568E+002, 1.2580557E+002, 1.2964133E+002, 1.1836769E+002, 1.1202094E+002, 1.0351424E+002, 1.0139262E+002, 1.0572498E+002, 1.1259713E+002, 1.2267558E+002, 1.3719473E+002, 1.7584275E+002, 1.9623470E+002, 2.0834295E+002, 2.1202132E+002, 2.1715524E+002, 2.1837029E+002, 2.1221189E+002, 2.0551775E+002, 1.9555711E+002, 1.9137275E+002, 1.8606955E+002, 1.8050679E+002, 1.7113944E+002, 1.6566836E+002, 1.5766859E+002, 1.5799156E+002, 1.7541375E+002, 1.8962370E+002, 2.1747579E+002, 2.2550802E+002, 2.1565907E+002, 2.1966908E+002, 2.4581834E+002, 2.5104785E+002, 2.2035258E+002, 1.9974901E+002, 2.0988663E+002, 2.0711129E+002, 2.2290288E+002, 2.3921882E+002
 1.0201121E+002, 2.0000770E+001, 2.0001739E+001, 2.0003207E+001, 2.0004354E+001, 2.0006420E+001, 2.0008019E+001, 2.0010798E+001, 2.0012950E+001, 2.0017303E+001, 2.0050895E+001, 6.0309123E+001, 7.9646317E+001, 8.2195623E+001, 8.3549589E+001, 8.4403227E+001, 8.5500353E+001, 8.3629005E+001, 7.2795002E+001, 1.0636894E+002, 1.1118134E+002, 1.1256317E+002, 1.1599934E+002, 1.2359394E+002, 1.2844361E+002, 1.3256256E+002, 1.2946927E+002, 1.1990423E+002, 1.1461540E+002, 1.1149397E+002, 1.0923123E+002, 1.0429831E+002, 1.0484130E+002, 1.1715739E+002, 1.2679458E+002, 1.4241571E+002, 1.5022888E+002, 1.5498424E+002, 1.5655972E+002, 1.5770763E+002, 1.5735293E+002, 1.5745668E+002, 1.6001546E+002, 1.6613476E+002, 1.6881390E+002, 1.6907129E+002, 1.5797243E+002, 1.4740111E+002, 1.4999688E+002, 1.6376111E+002, 1.5761272E+002, 1.4373224E+002, 1.3624368E+002, 1.3014402E+002, 1.3048253E+002, 1.2751913E+002, 1.2354010E+002, 1.1937700E+002, 1.1840036E+002, 1.2019872E+002, 1.2198442E+002, 1.2367991E+002, 1.3924132E+002, 1.7175506E+002, 1.8480531E+002, 1.9446106E+002, 2.0052841E+002, 2.0641439E+002, 2.0591247E+002, 1.9977468E+002, 1.9391946E+002, 1.8533716E+002, 1.8042525E+002, 1.7541705E+002, 1.7315305E+002, 1.6931065E+002, 1.6740389E+002, 1.6720550E+002, 1.6925931E+002, 1.7160928E+002, 1.7736304E+002, 2.0035988E+002, 2.1325858E+002, 1.9064945E+002, 1.9051712E+002, 2.0604932E+002, 2.1523188E+002, 2.0091424E+002, 1.9835949E+002, 2.0067113E+002, 2.0559176E+002, 2.1165378E+002, 2.0586733E+002, 2.0062948E+002, 1.9872788E+002, 2.0790130E+002, 2.0922377E+002, 2.0604867E+002, 2.4782745E+002, 2.9621173E+002, 3.0149859E+002, 2.8547417E+002, 2.6788757E+002, 2.5112947E+002, 2.0626155E+002, 2.1370022E+002, 2.2239665E+002, 2.2780935E+002, 2.2771226E+002, 2.2133208E+002, 2.1590559E+002, 2.0894228E+002, 2.0382003E+002, 2.1132510E+002, 2.1842073E+002, 2.1913390E+002, 1.9280147E+002, 1.7512210E+002, 1.8108151E+002, 2.0635382E+002, 2.2036121E+002, 2.2322347E+002, 2.2381712E+002, 2.0504801E+002, 1.8705733E+002, 2.0197331E+002, 2.0220397E+002, 2.0015475E+002, 1.9896459E+002, 1.9777200E+002, 1.9778232E+002, 1.9896448E+002, 2.0161937E+002, 2.0322804E+002, 2.0276668E+002, 1.9994135E+002, 1.9745832E+002, 1.9382880E+002, 1.9189382E+002, 1.9049608E+002, 1.8984656E+002, 1.8858466E+002, 1.8710179E+002, 1.8315152E+002, 1.8225246E+002, 1.8644140E+002, 1.8865922E+002, 1.9143704E+002, 1.9472389E+002, 1.9491435E+002, 1.8633951E+002, 1.6060565E+002, 1.6354261E+002, 1.7565603E+002, 1.8125494E+002, 1.8432613E+002, 1.8540726E+002, 1.8818402E+002, 1.8754057E+002, 1.8532915E+002, 1.8484441E+002, 2.0000741E+001, 2.0001736E+001, 2.0003224E+001, 2.0004379E+001, 2.0006648E+001, 2.0008383E+001, 2.0011411E+001, 2.0013773E+001, 2.0018385E+001, 2.0026932E+001, 6.1635017E+001, 8.2186910E+001, 8.5557556E+001, 8.8414933E+001, 9.5945666E+001, 9.9865563E+001, 9.5829862E+001, 8.9192276E+001, 1.1422220E+002, 1.1519715E+002, 1.1471439E+002, 1.1705065E+002, 1.2264386E+002, 1.2696696E+002, 1.3215310E+002, 1.3035860E+002, 1.2256509E+002, 1.1689775E+002, 1.1414724E+002, 1.1176965E+002, 1.0673167E+002, 1.0456693E+002, 1.0792269E+002, 1.1067259E+002, 1.1479484E+002, 1.1732598E+002, 1.1975856E+002, 1.2131031E+002, 1.2503788E+002, 1.2625625E+002, 1.2515281E+002, 1.2510743E+002, 1.4006245E+002, 1.5487250E+002, 1.6206431E+002, 1.5845882E+002, 1.7724581E+002, 1.9715884E+002, 2.1596913E+002, 2.0455921E+002, 1.7350911E+002, 1.5001801E+002, 1.2191401E+002, 1.1668008E+002, 1.2321197E+002, 1.1945031E+002, 1.0910198E+002, 1.0508011E+002, 1.0349136E+002, 1.0862017E+002, 1.1701114E+002, 1.3128025E+002, 1.6802360E+002, 1.8958135E+002, 2.0512276E+002, 2.0995765E+002, 2.1474649E+002, 2.1368912E+002, 2.0486514E+002, 1.9632741E+002, 1.8538566E+002, 1.8270572E+002, 1.8086480E+002, 1.7710668E+002, 1.6790646E+002, 1.6290649E+002, 1.5956836E+002, 1.5810779E+002, 1.6615764E+002, 1.8179008E+002, 2.0848311E+002, 2.1746501E+002, 2.1310411E+002, 2.2094573E+002, 2.3659005E+002, 2.3515168E+002, 2.3110323E+002, 2.0484569E+002, 2.0079604E+002, 2.0949562E+002, 2.2212022E+002, 2.4463170E+002, 2.2771141E+002, 2.2072167E+002
 1.0301106E+002, 2.0001051E+001, 2.0002266E+001, 2.0004002E+001, 2.0005204E+001, 2.0007335E+001, 2.0009130E+001, 2.0012381E+001, 2.0015036E+001, 2.0024282E+001, 2.6923052E+001, 7.6393941E+001, 8.0837479E+001, 7.9739797E+001, 8.1389147E+001, 9.0497557E+001, 8.8493414E+001, 7.9748998E+001, 9.4918320E+001, 1.0876454E+002, 1.1575735E+002, 1.2684562E+002, 1.3061657E+002, 1.2747974E+002, 1.2130915E+002, 1.1255220E+002, 1.0873981E+002, 1.0518024E+002, 1.0269980E+002, 1.0935097E+002, 1.1808218E+002, 1.3211183E+002, 1.4118782E+002, 1.4603362E+002, 1.4633003E+002, 1.4468804E+002, 1.4331459E+002, 1.4244329E+002, 1.4340682E+002, 1.4797736E+002, 1.5329581E+002, 1.6038824E+002, 1.6304735E+002, 1.5474165E+002, 1.4389961E+002, 1.4660717E+002, 1.4802840E+002, 1.5636814E+002, 1.5082696E+002, 1.3822838E+002, 1.3075851E+002, 1.2447028E+002, 1.2469183E+002, 1.2517855E+002, 1.2283133E+002, 1.1777686E+002, 1.1579713E+002, 1.1596267E+002, 1.1766606E+002, 1.2125806E+002, 1.4054668E+002, 1.7034627E+002, 1.8269973E+002, 1.9272395E+002, 1.9686550E+002, 1.9841970E+002, 1.9543121E+002, 1.8813212E+002, 1.8296102E+002, 1.7680154E+002, 1.7392912E+002, 1.7056636E+002, 1.6833424E+002, 1.6451529E+002, 1.6269110E+002, 1.6262721E+002, 1.6412669E+002, 1.6719421E+002, 1.7884570E+002, 1.9943599E+002, 2.0465055E+002, 1.9019718E+002, 1.9179992E+002, 2.0049651E+002, 2.0393173E+002, 1.9973098E+002, 1.9924748E+002, 1.9654626E+002, 2.0188728E+002, 2.0739629E+002, 2.1492805E+002, 2.1123407E+002, 1.9760262E+002, 1.9742361E+002, 2.1079705E+002, 2.4153266E+002, 2.8161630E+002, 3.0256141E+002, 2.8831838E+002, 2.7693549E+002, 2.7335970E+002, 2.6537649E+002, 2.3816344E+002, 2.0920825E+002, 2.1780435E+002, 2.1969015E+002, 2.1742211E+002, 2.1374448E+002, 2.1109110E+002, 2.0967801E+002, 2.0924018E+002, 2.0706402E+002, 2.0125750E+002, 2.0402685E+002, 2.0473196E+002, 2.0417418E+002, 1.7022190E+002, 1.8441444E+002, 1.8986178E+002, 1.8971179E+002, 1.8401141E+002, 1.7957270E+002, 2.0061734E+002, 2.1836567E+002, 2.2357207E+002, 2.1381282E+002, 2.0215508E+002, 1.9101301E+002, 1.9423686E+002, 1.9750619E+002, 1.9899188E+002, 2.0010195E+002, 1.9921112E+002, 1.9704999E+002, 1.9749578E+002, 2.0220690E+002, 2.0587452E+002, 2.0950726E+002, 2.1037168E+002, 2.0884698E+002, 2.0634861E+002, 2.0078816E+002, 1.9617207E+002, 1.8858481E+002, 1.8379800E+002, 1.7735410E+002, 1.7593901E+002, 1.8189089E+002, 1.8812965E+002, 1.8890561E+002, 1.9021595E+002, 1.9160440E+002, 1.7790400E+002, 1.5196815E+002, 1.7258499E+002, 1.8222732E+002, 1.8434918E+002, 1.8635377E+002, 1.8828867E+002, 1.8731050E+002, 1.8530440E+002, 2.0000987E+001, 2.0002233E+001, 2.0004044E+001, 2.0005262E+001, 2.0007569E+001, 2.0009456E+001, 2.0013058E+001, 2.0016034E+001, 2.0022622E+001, 2.2995634E+001, 7.8928065E+001, 8.2832271E+001, 8.8829379E+001, 9.6738607E+001, 1.0028804E+002, 9.8063242E+001, 9.6019670E+001, 1.0993783E+002, 1.1488128E+002, 1.1972505E+002, 1.2740030E+002, 1.2982848E+002, 1.2588966E+002, 1.2138930E+002, 1.1447703E+002, 1.1339860E+002, 1.1294276E+002, 1.0818766E+002, 1.0735472E+002, 1.1274367E+002, 1.1991663E+002, 1.2604225E+002, 1.3230875E+002, 1.3391131E+002, 1.2945678E+002, 1.2275547E+002, 1.1319543E+002, 1.0953515E+002, 1.1091609E+002, 1.1693175E+002, 1.3635536E+002, 1.4780503E+002, 1.5691519E+002, 1.6306968E+002, 1.8221274E+002, 1.9462729E+002, 2.0204390E+002, 1.9169339E+002, 1.6351569E+002, 1.4378470E+002, 1.1775294E+002, 1.1040131E+002, 1.1471779E+002, 1.1814597E+002, 1.1347799E+002, 1.0785087E+002, 1.0365456E+002, 1.0627643E+002, 1.1499882E+002, 1.3384585E+002, 1.7064465E+002, 1.8969103E+002, 2.0423906E+002, 2.0866033E+002, 2.0971494E+002, 2.0577668E+002, 1.9429496E+002, 1.8429273E+002, 1.7388935E+002, 1.7172923E+002, 1.7240606E+002, 1.7150359E+002, 1.6499577E+002, 1.6001862E+002, 1.5682960E+002, 1.5734597E+002, 1.6491824E+002, 1.8054789E+002, 2.0551581E+002, 2.1063121E+002, 2.0969382E+002, 2.1655412E+002, 2.2057201E+002, 2.1647718E+002, 1.8699996E+002, 1.8698144E+002, 2.0034518E+002, 2.0901733E+002, 2.2425564E+002, 2.3417428E+002, 2.3158217E+002, 2.2268770E+002, 2.3856588E+002, 2.3536457E+002
 1.0400010E+002, 2.0001113E+001, 2.0002653E+001, 2.0004814E+001, 2.0006230E+001, 2.0008531E+001, 2.0010492E+001, 2.0014257E+001, 2.0017523E+001, 2.1492459E+001, 5.9614962E+001, 7.9275022E+001, 8.1400059E+001, 7.8872751E+001, 9.0300888E+001, 8.5967900E+001, 8.3964048E+001, 1.0347719E+002, 1.0624941E+002, 1.2412303E+002, 1.2850648E+002, 1.2288248E+002, 1.1472172E+002, 1.0458383E+002, 1.0186253E+002, 1.0344988E+002, 1.1056956E+002, 1.2224294E+002, 1.3080195E+002, 1.3946142E+002, 1.4134942E+002, 1.4019824E+002, 1.3725550E+002, 1.3345623E+002, 1.3270314E+002, 1.3489702E+002, 1.3789364E+002, 1.4437406E+002, 1.5023671E+002, 1.5637572E+002, 1.5145328E+002, 1.4082965E+002, 1.4355748E+002, 1.4688611E+002, 1.5387654E+002, 1.4930515E+002, 1.4353754E+002, 1.3333579E+002, 1.2649089E+002, 1.1976144E+002, 1.1930608E+002, 1.2109844E+002, 1.2109728E+002, 1.1745570E+002, 1.1460183E+002, 1.1257585E+002, 1.1384302E+002, 1.1694057E+002, 1.3773108E+002, 1.6969442E+002, 1.8075795E+002, 1.9016933E+002, 1.9199091E+002, 1.8897417E+002, 1.8503886E+002, 1.7838696E+002, 1.7378382E+002, 1.6910350E+002, 1.6744567E+002, 1.6535847E+002, 1.6356737E+002, 1.6012110E+002, 1.5836736E+002, 1.5814965E+002, 1.5946538E+002, 1.6319589E+002, 1.7735162E+002, 1.9843599E+002, 1.9831026E+002, 1.8492714E+002, 1.8444285E+002, 1.9339346E+002, 1.9175165E+002, 1.8451358E+002, 1.8484088E+002, 1.9434454E+002, 1.9983675E+002, 2.0305905E+002, 2.1204742E+002, 2.1855095E+002, 2.0056304E+002, 1.9494062E+002, 2.1581795E+002, 2.5381356E+002, 2.9175074E+002, 3.0933848E+002, 2.7345013E+002, 2.6084229E+002, 2.6009684E+002, 2.4365989E+002, 2.2653531E+002, 2.1634645E+002, 2.1401037E+002, 2.1071706E+002, 2.1186614E+002, 2.0770621E+002, 2.0300936E+002, 2.0356606E+002, 2.0281631E+002, 2.0102151E+002, 2.0115318E+002, 2.0109318E+002, 1.9914508E+002, 2.0111646E+002, 1.9649855E+002, 1.9702147E+002, 1.7341038E+002, 1.7460162E+002, 1.6853278E+002, 1.7096629E+002, 1.7290275E+002, 1.7724575E+002, 1.8293015E+002, 1.8511728E+002, 1.9230130E+002, 2.1318398E+002, 2.2007844E+002, 2.1284004E+002, 1.9531190E+002, 1.9169736E+002, 1.8996038E+002, 1.9015880E+002, 1.9089213E+002, 1.9189403E+002, 1.9290637E+002, 1.9386916E+002, 1.9519768E+002, 1.9598987E+002, 1.9607298E+002, 1.9769597E+002, 1.9970030E+002, 2.0270191E+002, 2.0433607E+002, 2.0568278E+002, 2.0476824E+002, 1.9766058E+002, 1.9098280E+002, 1.7755573E+002, 1.6945357E+002, 1.8677491E+002, 1.9606321E+002, 1.8847466E+002, 1.8553974E+002, 1.8674307E+002, 1.6875929E+002, 1.7094715E+002, 1.7946859E+002, 1.8445493E+002, 1.8466421E+002, 1.8623009E+002, 1.8568612E+002, 2.0001071E+001, 2.0002603E+001, 2.0004838E+001, 2.0006348E+001, 2.0008777E+001, 2.0010863E+001, 2.0015008E+001, 2.0018807E+001, 2.0339733E+001, 4.7949491E+001, 8.1404551E+001, 8.6408019E+001, 9.6062784E+001, 9.7954467E+001, 9.3851105E+001, 9.9115975E+001, 1.1239039E+002, 1.1871820E+002, 1.2801621E+002, 1.2718968E+002, 1.1993136E+002, 1.1407408E+002, 1.1023724E+002, 1.1047295E+002, 1.0943720E+002, 1.1044865E+002, 1.1514247E+002, 1.2062481E+002, 1.2998973E+002, 1.3388241E+002, 1.3557155E+002, 1.3385932E+002, 1.2574468E+002, 1.1882321E+002, 1.0939183E+002, 1.0610134E+002, 1.0859056E+002, 1.1787581E+002, 1.4051816E+002, 1.5092908E+002, 1.6428917E+002, 1.7539394E+002, 1.9035729E+002, 1.9444440E+002, 1.8894229E+002, 1.7620020E+002, 1.5018688E+002, 1.3484054E+002, 1.1500458E+002, 1.0660075E+002, 1.0352775E+002, 1.0959743E+002, 1.1382331E+002, 1.1197023E+002, 1.0658446E+002, 1.0475198E+002, 1.1181251E+002, 1.3104486E+002, 1.7276385E+002, 1.9089779E+002, 2.0297381E+002, 2.0605249E+002, 2.0277416E+002, 1.9703419E+002, 1.8522598E+002, 1.7655372E+002, 1.6460655E+002, 1.6139145E+002, 1.6251729E+002, 1.6346540E+002, 1.6055412E+002, 1.5713856E+002, 1.5456443E+002, 1.5520754E+002, 1.6193998E+002, 1.7903830E+002, 2.0365035E+002, 2.0636024E+002, 2.0319746E+002, 2.0495156E+002, 2.1149897E+002, 2.1381342E+002, 1.9531950E+002, 1.6835937E+002, 1.7484791E+002, 1.9792027E+002, 2.2263602E+002, 2.1946014E+002, 2.1724578E+002, 2.1579224E+002, 2.3754098E+002, 2.3653296E+002, 2.6593107E+002, 2.9231771E+002
 1.0500339E+002, 2.0001167E+001, 2.0002710E+001, 2.0005332E+001, 2.0007082E+001, 2.0009787E+001, 2.0011904E+001, 2.0016168E+001, 2.0024694E+001, 4.6330720E+001, 7.5516359E+001, 7.9483028E+001, 7.8218666E+001, 8.6074839E+001, 8.5253591E+001, 9.3990773E+001, 1.0480871E+002, 1.1306849E+002, 1.2039937E+002, 1.2084311E+002, 1.1202797E+002, 1.0139632E+002, 1.0375083E+002, 1.1449066E+002, 1.2186707E+002, 1.3198980E+002, 1.3518253E+002, 1.3654979E+002, 1.3555238E+002, 1.3230431E+002, 1.2982786E+002, 1.2825036E+002, 1.2964217E+002, 1.3404268E+002, 1.3801175E+002, 1.4465417E+002, 1.4735918E+002, 1.4027304E+002, 1.4271636E+002, 1.4367634E+002, 1.4516754E+002, 1.5211990E+002, 1.4972674E+002, 1.4196174E+002, 1.3617020E+002, 1.2717423E+002, 1.2263951E+002, 1.1723717E+002, 1.1570819E+002, 1.1614777E+002, 1.1698127E+002, 1.1654512E+002, 1.1457676E+002, 1.1144797E+002, 1.1065483E+002, 1.1458900E+002, 1.3306171E+002, 1.6165370E+002, 1.7815470E+002, 1.8542714E+002, 1.8541109E+002, 1.8045163E+002, 1.7638716E+002, 1.7125782E+002, 1.6754706E+002, 1.6341889E+002, 1.6194166E+002, 1.6031261E+002, 1.5887529E+002, 1.5611697E+002, 1.5465314E+002, 1.5422040E+002, 1.5491798E+002, 1.6210346E+002, 1.7482750E+002, 1.9066116E+002, 1.9062403E+002, 1.8109385E+002, 1.7801108E+002, 1.8653851E+002, 1.8639523E+002, 1.8226515E+002, 1.7709300E+002, 1.8430430E+002, 1.9409915E+002, 2.0265774E+002, 2.0818457E+002, 2.1214057E+002, 2.0300877E+002, 2.0011719E+002, 2.0698054E+002, 2.4570726E+002, 2.7368793E+002, 2.9994838E+002, 2.7422819E+002, 2.5116330E+002, 2.4371670E+002, 2.2922565E+002, 2.1654977E+002, 2.0992648E+002, 2.1474218E+002, 2.2610690E+002, 2.3624947E+002, 2.3189471E+002, 2.1524963E+002, 1.9729300E+002, 1.9753807E+002, 1.9665229E+002, 1.9613374E+002, 1.9810100E+002, 1.9882284E+002, 2.0012741E+002, 1.9923311E+002, 1.9580739E+002, 1.9492156E+002, 1.9316234E+002, 1.7103015E+002, 1.6070465E+002, 1.6916541E+002, 1.6922733E+002, 1.6946210E+002, 1.7148654E+002, 1.7376558E+002, 1.7551565E+002, 1.7518018E+002, 1.7587463E+002, 1.8347408E+002, 1.9997411E+002, 2.0561094E+002, 1.6536164E+002, 1.8344691E+002, 1.9074012E+002, 1.9289167E+002, 1.9431078E+002, 1.9505376E+002, 1.9566039E+002, 1.9576630E+002, 1.9684802E+002, 1.9813192E+002, 1.9832002E+002, 1.9765871E+002, 1.9694156E+002, 1.9658784E+002, 1.9573695E+002, 1.9516443E+002, 1.9450111E+002, 1.9453018E+002, 1.9422892E+002, 1.9240561E+002, 1.7586860E+002, 1.7700493E+002, 1.9961825E+002, 1.9860262E+002, 1.8534064E+002, 1.8224598E+002, 1.7882939E+002, 1.7178985E+002, 1.7247547E+002, 1.8088538E+002, 1.8711927E+002, 1.9445806E+002, 2.0001249E+001, 2.0002754E+001, 2.0005356E+001, 2.0007236E+001, 2.0010150E+001, 2.0012444E+001, 2.0017011E+001, 2.0022051E+001, 3.4745127E+001, 6.9469588E+001, 8.3504687E+001, 8.8423303E+001, 9.4068332E+001, 9.1921887E+001, 1.0676048E+002, 1.1651814E+002, 1.2393671E+002, 1.2424878E+002, 1.1664314E+002, 1.1024945E+002, 1.0561034E+002, 1.0743946E+002, 1.1268168E+002, 1.1610823E+002, 1.2248692E+002, 1.2693135E+002, 1.2956519E+002, 1.2997414E+002, 1.2949721E+002, 1.2757667E+002, 1.2291708E+002, 1.2099177E+002, 1.1891857E+002, 1.1731694E+002, 1.2138990E+002, 1.3069738E+002, 1.4802385E+002, 1.6191380E+002, 1.7501031E+002, 1.8240588E+002, 1.8651022E+002, 1.8275333E+002, 1.6771266E+002, 1.5629527E+002, 1.3378472E+002, 1.2408733E+002, 1.1505920E+002, 1.0907436E+002, 1.0164182E+002, 9.9957790E+001, 1.0445604E+002, 1.0919806E+002, 1.0948353E+002, 1.0831593E+002, 1.0884811E+002, 1.2829416E+002, 1.6619202E+002, 1.8805280E+002, 1.9910763E+002, 1.9995731E+002, 1.9543553E+002, 1.8963326E+002, 1.7934540E+002, 1.7242609E+002, 1.6183749E+002, 1.5729571E+002, 1.5547216E+002, 1.5587494E+002, 1.5559759E+002, 1.5404757E+002, 1.5230460E+002, 1.5238413E+002, 1.6038785E+002, 1.7569367E+002, 1.9596286E+002, 2.0099640E+002, 1.9833976E+002, 1.9679332E+002, 2.0686926E+002, 2.1152148E+002, 2.0744392E+002, 1.8719990E+002, 1.6098210E+002, 1.7464391E+002, 2.0417529E+002, 2.0712753E+002, 2.0599206E+002, 2.0946362E+002, 2.3618262E+002, 2.4171296E+002, 2.6722936E+002, 2.8713540E+002, 2.9945265E+002, 2.7913475E+002
 1.0601028E+002, 2.0001125E+001, 2.0002820E+001, 2.0005591E+001, 2.0007640E+001, 2.0010979E+001, 2.0013422E+001, 2.0018443E+001, 2.0956816E+001, 7.1745177E+001, 7.9057230E+001, 8.0526268E+001, 7.6876424E+001, 8.5518409E+001, 9.1513723E+001, 1.0669052E+002, 1.1198910E+002, 1.1998769E+002, 1.1479253E+002, 1.0667653E+002, 1.0808364E+002, 1.2355640E+002, 1.2929320E+002, 1.3195528E+002, 1.3252749E+002, 1.3100624E+002, 1.2885750E+002, 1.2535138E+002, 1.2456377E+002, 1.2644402E+002, 1.2909946E+002, 1.3473381E+002, 1.3901980E+002, 1.4093640E+002, 1.3611329E+002, 1.3986415E+002, 1.3939292E+002, 1.5056315E+002, 1.5082444E+002, 1.4550805E+002, 1.3904172E+002, 1.2987420E+002, 1.2335543E+002, 1.1560933E+002, 1.1287471E+002, 1.1235829E+002, 1.1281617E+002, 1.1255709E+002, 1.1283790E+002, 1.1346953E+002, 1.1300131E+002, 1.1076898E+002, 1.0927646E+002, 1.0947707E+002, 1.2336114E+002, 1.5445970E+002, 1.7272715E+002, 1.8157238E+002, 1.8121814E+002, 1.7236671E+002, 1.6881694E+002, 1.6551472E+002, 1.6266366E+002, 1.5863732E+002, 1.5710433E+002, 1.5583124E+002, 1.5467535E+002, 1.5240293E+002, 1.5102957E+002, 1.5031929E+002, 1.5078885E+002, 1.5868147E+002, 1.6980675E+002, 1.8664048E+002, 1.8571842E+002, 1.7487046E+002, 1.7252950E+002, 1.7954331E+002, 1.8282699E+002, 1.8231548E+002, 1.7538044E+002, 1.7676120E+002, 1.8505237E+002, 1.9719791E+002, 2.0159463E+002, 2.0485334E+002, 2.0468174E+002, 2.0324845E+002, 2.0235954E+002, 2.3749594E+002, 2.6213464E+002, 2.8599473E+002, 2.7773725E+002, 2.5688364E+002, 2.3863577E+002, 2.2440693E+002, 2.1126741E+002, 2.0549672E+002, 2.0983571E+002, 2.2222458E+002, 2.4257723E+002, 2.4521296E+002, 2.4895966E+002, 2.5374293E+002, 2.2099882E+002, 1.8966895E+002, 1.9065738E+002, 1.8948268E+002, 1.9352450E+002, 2.1277306E+002, 2.2532064E+002, 2.3618060E+002, 2.2654214E+002, 2.0422973E+002, 2.0268626E+002, 1.9316636E+002, 1.8793629E+002, 1.6459979E+002, 1.6395145E+002, 1.7077079E+002, 1.7320103E+002, 1.7675219E+002, 1.7833564E+002, 1.7995497E+002, 1.7906718E+002, 1.7754075E+002, 1.7573406E+002, 1.7249394E+002, 1.7732023E+002, 1.7107065E+002, 1.7759676E+002, 1.8750540E+002, 1.9163372E+002, 1.9398320E+002, 1.9449613E+002, 1.9436499E+002, 1.9388129E+002, 1.9290670E+002, 1.9270851E+002, 1.9348599E+002, 1.9427371E+002, 1.9499666E+002, 1.9521008E+002, 1.9562992E+002, 1.9571137E+002, 1.9474488E+002, 1.9335017E+002, 1.9152721E+002, 1.9049819E+002, 1.8802736E+002, 1.8563218E+002, 1.7816586E+002, 1.8589142E+002, 1.9929263E+002, 1.9439179E+002, 1.8499721E+002, 1.8106508E+002, 1.7477097E+002, 1.6824662E+002, 1.7332034E+002, 1.9357073E+002, 2.0001264E+001, 2.0003054E+001, 2.0005764E+001, 2.0007829E+001, 2.0011406E+001, 2.0014116E+001, 2.0019486E+001, 2.0185440E+001, 5.9077479E+001, 8.2175684E+001, 8.7589014E+001, 8.8307126E+001, 8.9120600E+001, 1.0572146E+002, 1.2130207E+002, 1.2231732E+002, 1.1503521E+002, 1.0860144E+002, 1.0555380E+002, 1.0982695E+002, 1.1842127E+002, 1.2209257E+002, 1.2590048E+002, 1.2762147E+002, 1.2826839E+002, 1.2692501E+002, 1.2425537E+002, 1.2213384E+002, 1.2155395E+002, 1.2290263E+002, 1.2663826E+002, 1.3024063E+002, 1.3837839E+002, 1.4719356E+002, 1.6418866E+002, 1.7096120E+002, 1.7717987E+002, 1.7565832E+002, 1.6762459E+002, 1.5907202E+002, 1.4273261E+002, 1.2863938E+002, 1.0922475E+002, 9.9655253E+001, 9.5457481E+001, 1.0026301E+002, 1.0339602E+002, 1.0049363E+002, 9.8926579E+001, 1.0065647E+002, 1.0494664E+002, 1.0751976E+002, 1.0824116E+002, 1.1877412E+002, 1.5843824E+002, 1.8516313E+002, 1.9530610E+002, 1.9521019E+002, 1.8811512E+002, 1.8290901E+002, 1.7539840E+002, 1.6930452E+002, 1.5892484E+002, 1.5377281E+002, 1.5089625E+002, 1.5149247E+002, 1.5172421E+002, 1.5108705E+002, 1.4986009E+002, 1.4989077E+002, 1.5708880E+002, 1.7012656E+002, 1.9163403E+002, 1.9642099E+002, 1.9303437E+002, 1.9284737E+002, 2.0129778E+002, 2.0837024E+002, 2.1089392E+002, 1.9576469E+002, 1.6458238E+002, 1.5880686E+002, 1.8646935E+002, 2.0614696E+002, 2.0206066E+002, 1.9691001E+002, 2.2352674E+002, 2.4056724E+002, 2.5696669E+002, 2.7729700E+002, 2.8947968E+002, 2.8983671E+002, 2.6650274E+002, 2.5398728E+002
 1.0700404E+002, 2.0001150E+001, 2.0002890E+001, 2.0005916E+001, 2.0008124E+001, 2.0011999E+001, 2.0015034E+001, 2.0063971E+001, 3.5166854E+001, 7.9969253E+001, 8.0575880E+001, 8.3215134E+001, 7.4916438E+001, 9.4500164E+001, 1.0620304E+002, 1.1332106E+002, 1.1594552E+002, 1.1027155E+002, 1.1186895E+002, 1.2624390E+002, 1.2814807E+002, 1.2896434E+002, 1.2806819E+002, 1.2499977E+002, 1.2276185E+002, 1.2177259E+002, 1.2285907E+002, 1.2639737E+002, 1.2975883E+002, 1.3563337E+002, 1.3878453E+002, 1.3518193E+002, 1.3322393E+002, 1.3120951E+002, 1.4186976E+002, 1.4270749E+002, 1.3793907E+002, 1.2911008E+002, 1.2428122E+002, 1.1560247E+002, 1.0982234E+002, 1.0362741E+002, 1.0205533E+002, 1.0364804E+002, 1.0591690E+002, 1.0880962E+002, 1.0962081E+002, 1.0968092E+002, 1.0988535E+002, 1.0942583E+002, 1.0811924E+002, 1.0662860E+002, 1.1518921E+002, 1.4491278E+002, 1.6551625E+002, 1.7650011E+002, 1.7823099E+002, 1.6634784E+002, 1.6197572E+002, 1.6069914E+002, 1.5867009E+002, 1.5464990E+002, 1.5270457E+002, 1.5158651E+002, 1.5081579E+002, 1.4916036E+002, 1.4789364E+002, 1.4681595E+002, 1.4699509E+002, 1.5407439E+002, 1.6468153E+002, 1.8179281E+002, 1.7982571E+002, 1.7076396E+002, 1.6884403E+002, 1.7349577E+002, 1.7779157E+002, 1.8159134E+002, 1.7774950E+002, 1.7236574E+002, 1.7721187E+002, 1.9079596E+002, 1.9605406E+002, 1.9841284E+002, 1.9849375E+002, 2.0467930E+002, 2.1012970E+002, 2.3830385E+002, 2.5489281E+002, 2.7127291E+002, 2.7374830E+002, 2.7278472E+002, 2.3221769E+002, 2.2019082E+002, 2.0535622E+002, 2.0865699E+002, 2.0521644E+002, 2.2199377E+002, 2.4524389E+002, 2.7013364E+002, 2.8472523E+002, 2.9658630E+002, 2.9868192E+002, 3.0445963E+002, 3.0970854E+002, 1.8221095E+002, 2.0490220E+002, 2.3555769E+002, 2.5195622E+002, 2.6205373E+002, 2.6648167E+002, 2.6300758E+002, 2.4500708E+002, 2.1388404E+002, 2.2375439E+002, 2.1776706E+002, 2.1668049E+002, 1.9075138E+002, 1.6016664E+002, 1.7385154E+002, 1.7930065E+002, 1.8380812E+002, 1.8469776E+002, 1.8442633E+002, 1.8230202E+002, 1.7849387E+002, 1.8088982E+002, 1.7926023E+002, 1.7518092E+002, 1.6947208E+002, 1.5828841E+002, 1.8148630E+002, 1.8786105E+002, 1.8886515E+002, 1.8978992E+002, 1.9076033E+002, 1.9035387E+002, 1.8928224E+002, 1.8884522E+002, 1.8849888E+002, 1.8877827E+002, 1.9063083E+002, 1.9225208E+002, 1.9497661E+002, 1.9619914E+002, 1.9668935E+002, 1.9627221E+002, 1.9425619E+002, 1.9229377E+002, 1.8990143E+002, 1.8810541E+002, 1.8397965E+002, 1.8088628E+002, 1.7618656E+002, 1.8217472E+002, 1.8889559E+002, 1.9347971E+002, 1.8537158E+002, 1.8502798E+002, 1.7774055E+002, 1.6805292E+002, 2.0001259E+001, 2.0003200E+001, 2.0006364E+001, 2.0008470E+001, 2.0012525E+001, 2.0015867E+001, 2.0026675E+001, 2.6986145E+001, 8.0500959E+001, 8.6967098E+001, 9.1525201E+001, 8.4545738E+001, 1.0080850E+002, 1.1999900E+002, 1.1650817E+002, 1.0900239E+002, 1.0772483E+002, 1.1292043E+002, 1.2404570E+002, 1.2405444E+002, 1.2458024E+002, 1.2601447E+002, 1.2448751E+002, 1.2257308E+002, 1.2081590E+002, 1.2074544E+002, 1.2282209E+002, 1.2541603E+002, 1.3078990E+002, 1.3605240E+002, 1.4335925E+002, 1.4993002E+002, 1.5903609E+002, 1.6398759E+002, 1.5902416E+002, 1.5127521E+002, 1.3783751E+002, 1.2974805E+002, 1.1784011E+002, 1.0997214E+002, 9.6831012E+001, 9.0503222E+001, 8.7709533E+001, 8.7938307E+001, 9.2639879E+001, 9.7026184E+001, 9.7830668E+001, 9.7017011E+001, 1.0089908E+002, 1.0322282E+002, 1.0659921E+002, 1.1128716E+002, 1.4513718E+002, 1.7850781E+002, 1.9124853E+002, 1.9016175E+002, 1.8161892E+002, 1.7698687E+002, 1.7303874E+002, 1.6820071E+002, 1.5691273E+002, 1.4978397E+002, 1.4407951E+002, 1.4533213E+002, 1.4832758E+002, 1.4862128E+002, 1.4741722E+002, 1.4700920E+002, 1.5323220E+002, 1.6520825E+002, 1.8731229E+002, 1.9094491E+002, 1.8828425E+002, 1.8895526E+002, 1.9648868E+002, 2.0479840E+002, 2.0702702E+002, 1.9793760E+002, 1.7065097E+002, 1.5744602E+002, 1.6644826E+002, 1.8845414E+002, 2.0293537E+002, 2.0210921E+002, 2.0705669E+002, 2.1985007E+002, 2.5225676E+002, 2.6751627E+002, 2.7610756E+002, 2.7161807E+002, 2.7419769E+002, 2.4877702E+002, 2.4356656E+002, 2.4561333E+002
 1.0800084E+002, 2.0001412E+001, 2.0003360E+001, 2.0006665E+001, 2.0009248E+001, 2.0013692E+001, 2.0017698E+001, 2.7660456E+001, 7.4151391E+001, 8.2369829E+001, 8.0022086E+001, 8.2857512E+001, 8.9688886E+001, 1.0791152E+002, 1.0488229E+002, 1.1148829E+002, 1.0876956E+002, 1.2394323E+002, 1.2529113E+002, 1.2375279E+002, 1.2206997E+002, 1.1969018E+002, 1.1934120E+002, 1.2096895E+002, 1.2314979E+002, 1.2764565E+002, 1.3135018E+002, 1.3625295E+002, 1.3663477E+002, 1.3048709E+002, 1.2644375E+002, 1.3078903E+002, 1.3212474E+002, 1.2425586E+002, 1.1913462E+002, 1.1200866E+002, 1.0742776E+002, 1.0117451E+002, 9.7832127E+001, 9.5398064E+001, 9.5879188E+001, 9.8669352E+001, 1.0109275E+002, 1.0370944E+002, 1.0478001E+002, 1.0615258E+002, 1.0643485E+002, 1.0671444E+002, 1.0646595E+002, 1.0502282E+002, 1.1188319E+002, 1.4217788E+002, 1.6126460E+002, 1.7217821E+002, 1.7330565E+002, 1.6037449E+002, 1.5616469E+002, 1.5615767E+002, 1.5490038E+002, 1.5104500E+002, 1.4866489E+002, 1.4727062E+002, 1.4668734E+002, 1.4559857E+002, 1.4475173E+002, 1.4375543E+002, 1.4361495E+002, 1.5072450E+002, 1.6241845E+002, 1.7625860E+002, 1.7278112E+002, 1.6677992E+002, 1.6750808E+002, 1.6993862E+002, 1.7245363E+002, 1.7813769E+002, 1.7501202E+002, 1.7008853E+002, 1.7418403E+002, 1.8498196E+002, 1.9062154E+002, 1.9380660E+002, 1.9354956E+002, 1.9961828E+002, 2.1842535E+002, 2.4233788E+002, 2.5749364E+002, 2.5973300E+002, 2.5998824E+002, 2.5796414E+002, 2.5800086E+002, 2.3634815E+002, 2.0347295E+002, 2.1455929E+002, 2.1734877E+002, 2.3223727E+002, 2.5945637E+002, 2.7642758E+002, 2.7805628E+002, 2.7366922E+002, 2.5776969E+002, 2.4451154E+002, 2.4196924E+002, 2.3801521E+002, 2.8457447E+002, 1.9236949E+002, 2.4755975E+002, 2.4635517E+002, 2.4508849E+002, 2.4387835E+002, 2.4124411E+002, 2.3511540E+002, 2.2804697E+002, 2.2089018E+002, 2.3128543E+002, 2.1395507E+002, 2.0834487E+002, 2.3365351E+002, 2.1798027E+002, 1.7393130E+002, 1.7133315E+002, 1.7876737E+002, 1.7798256E+002, 1.7673925E+002, 1.7662693E+002, 1.7601628E+002, 1.7984732E+002, 1.7734238E+002, 1.7813554E+002, 1.7645207E+002, 1.7118635E+002, 1.6099007E+002, 1.7442045E+002, 1.7842881E+002, 1.8052573E+002, 1.8258413E+002, 1.8533839E+002, 1.8681722E+002, 1.8717308E+002, 1.8770710E+002, 1.8895838E+002, 1.8734178E+002, 1.8759209E+002, 1.8833977E+002, 1.8901029E+002, 1.8958871E+002, 1.9008689E+002, 1.9120968E+002, 1.9184864E+002, 1.9216696E+002, 1.9187317E+002, 1.9096566E+002, 1.8852057E+002, 1.8314886E+002, 1.7718263E+002, 1.7002293E+002, 1.7142983E+002, 1.8756093E+002, 1.8778294E+002, 1.8786989E+002, 1.8952908E+002, 2.0001497E+001, 2.0003647E+001, 2.0007291E+001, 2.0009915E+001, 2.0014520E+001, 2.0018698E+001, 2.2865175E+001, 6.2793542E+001, 8.8222734E+001, 8.9973701E+001, 8.8047619E+001, 8.6668905E+001, 1.1875262E+002, 1.1418896E+002, 1.0756426E+002, 1.1479797E+002, 1.2491334E+002, 1.2426140E+002, 1.2143959E+002, 1.2063869E+002, 1.1989344E+002, 1.1918925E+002, 1.1952346E+002, 1.2078302E+002, 1.2488724E+002, 1.2880773E+002, 1.3500586E+002, 1.3931286E+002, 1.4336449E+002, 1.4572079E+002, 1.4759732E+002, 1.4587473E+002, 1.3286955E+002, 1.2435981E+002, 1.1331910E+002, 1.0764196E+002, 1.0138969E+002, 9.6515656E+001, 8.9896031E+001, 8.7486218E+001, 8.6961016E+001, 8.7286816E+001, 8.7721060E+001, 8.8230345E+001, 9.1142322E+001, 9.3410605E+001, 9.5596232E+001, 1.0010640E+002, 1.0397326E+002, 1.0879653E+002, 1.3972857E+002, 1.7313568E+002, 1.8720961E+002, 1.8389873E+002, 1.7449736E+002, 1.7078547E+002, 1.6987433E+002, 1.6654985E+002, 1.5553892E+002, 1.4826129E+002, 1.4043359E+002, 1.4101381E+002, 1.4259100E+002, 1.4420248E+002, 1.4520343E+002, 1.4455459E+002, 1.5040073E+002, 1.6318099E+002, 1.8382445E+002, 1.8538757E+002, 1.8329503E+002, 1.8478494E+002, 1.9254186E+002, 2.0007732E+002, 2.0213722E+002, 1.9419387E+002, 1.6864550E+002, 1.5777788E+002, 1.5770995E+002, 1.7222006E+002, 1.9765453E+002, 1.9978050E+002, 2.1009217E+002, 2.2763388E+002, 2.4667782E+002, 2.5638503E+002, 2.6442892E+002, 2.7226407E+002, 2.7048948E+002, 2.6848155E+002, 2.4062330E+002, 2.4102220E+002, 2.5486489E+002, 2.5866321E+002
 1.0901058E+002, 2.0001886E+001, 2.0004242E+001, 2.0008067E+001, 2.0011161E+001, 2.0016930E+001, 2.0525984E+001, 7.2405320E+001, 8.1267175E+001, 8.1493438E+001, 8.4118465E+001, 1.0142064E+002, 1.1044645E+002, 1.0592763E+002, 1.0717803E+002, 1.0991275E+002, 1.2039392E+002, 1.1794162E+002, 1.1704920E+002, 1.1774744E+002, 1.1918636E+002, 1.2251215E+002, 1.2536267E+002, 1.3014561E+002, 1.3288782E+002, 1.3507454E+002, 1.3322781E+002, 1.2428153E+002, 1.1992242E+002, 1.1903500E+002, 1.1581875E+002, 1.0863743E+002, 1.0449184E+002, 9.8835749E+001, 9.5764681E+001, 9.2557563E+001, 9.1731512E+001, 9.2198423E+001, 9.3311994E+001, 9.5839081E+001, 9.7726883E+001, 9.9719718E+001, 1.0023071E+002, 1.0109415E+002, 1.0202005E+002, 1.0351349E+002, 1.0383710E+002, 1.0443777E+002, 1.1580406E+002, 1.4666414E+002, 1.6151503E+002, 1.6801410E+002, 1.6614843E+002, 1.5399078E+002, 1.5117431E+002, 1.5180178E+002, 1.5090270E+002, 1.4669188E+002, 1.4438159E+002, 1.4299576E+002, 1.4267590E+002, 1.4200278E+002, 1.4143392E+002, 1.4072109E+002, 1.4092050E+002, 1.5088743E+002, 1.6265607E+002, 1.6986011E+002, 1.6591938E+002, 1.6471555E+002, 1.6739021E+002, 1.6719097E+002, 1.6760101E+002, 1.7150416E+002, 1.6980272E+002, 1.6867880E+002, 1.7273666E+002, 1.8141530E+002, 1.8629009E+002, 1.8876734E+002, 1.9011422E+002, 2.0735972E+002, 2.2484279E+002, 2.4464836E+002, 2.4297919E+002, 2.3758406E+002, 2.4436716E+002, 2.5900819E+002, 2.4937381E+002, 2.3653320E+002, 2.1052330E+002, 2.0983230E+002, 2.3144663E+002, 2.4159968E+002, 2.5824524E+002, 2.6217388E+002, 2.5819181E+002, 2.4858463E+002, 2.4536940E+002, 2.3774719E+002, 2.3929928E+002, 2.4586868E+002, 2.4192940E+002, 2.3898382E+002, 2.3701740E+002, 2.3416644E+002, 2.3448683E+002, 2.3344737E+002, 2.3151444E+002, 2.2743468E+002, 2.2386077E+002, 2.1975012E+002, 2.1219674E+002, 2.1170017E+002, 2.1627401E+002, 2.1448285E+002, 2.1164797E+002, 2.0375922E+002, 2.2723172E+002, 2.2364174E+002, 1.6055372E+002, 1.7120035E+002, 1.7149727E+002, 1.7131826E+002, 1.7313799E+002, 1.7420392E+002, 1.7409180E+002, 1.7444013E+002, 1.7394530E+002, 1.7589543E+002, 1.7070738E+002, 1.7050152E+002, 1.6531620E+002, 1.6882441E+002, 1.7095917E+002, 1.7105111E+002, 1.7809795E+002, 1.8696996E+002, 1.8891094E+002, 1.8965440E+002, 1.8955068E+002, 1.8873767E+002, 1.8897999E+002, 1.8783730E+002, 1.8719448E+002, 1.8807611E+002, 1.8891900E+002, 1.8890366E+002, 1.8851769E+002, 1.8801026E+002, 1.8762422E+002, 1.8674485E+002, 1.8593132E+002, 1.8493966E+002, 1.8462294E+002, 1.8241189E+002, 1.7722965E+002, 1.6728920E+002, 1.6747741E+002, 1.7895896E+002, 1.8406775E+002, 2.0002023E+001, 2.0004585E+001, 2.0008772E+001, 2.0012137E+001, 2.0018264E+001, 2.0088392E+001, 6.7691817E+001, 8.7931186E+001, 9.0007336E+001, 8.9006121E+001, 9.7438996E+001, 1.1476964E+002, 1.1028653E+002, 1.1033139E+002, 1.2203711E+002, 1.2170862E+002, 1.1852143E+002, 1.1742683E+002, 1.1692324E+002, 1.1711175E+002, 1.1843594E+002, 1.2109572E+002, 1.2682675E+002, 1.3006487E+002, 1.3544942E+002, 1.3864777E+002, 1.3726250E+002, 1.3426656E+002, 1.3218562E+002, 1.2637055E+002, 1.1360006E+002, 1.0681575E+002, 1.0074010E+002, 9.7552098E+001, 9.2786149E+001, 9.0274349E+001, 8.7929505E+001, 8.7263554E+001, 8.6947341E+001, 8.7024576E+001, 8.7216683E+001, 8.6756147E+001, 8.5752184E+001, 8.6217049E+001, 9.0931859E+001, 9.6270398E+001, 1.0263049E+002, 1.1224522E+002, 1.4712970E+002, 1.7257181E+002, 1.8117259E+002, 1.7637827E+002, 1.6759577E+002, 1.6518905E+002, 1.6591480E+002, 1.6401589E+002, 1.5183838E+002, 1.4278058E+002, 1.3533499E+002, 1.3632976E+002, 1.3994119E+002, 1.4115685E+002, 1.4179675E+002, 1.4190688E+002, 1.5176786E+002, 1.6474702E+002, 1.7933403E+002, 1.7968034E+002, 1.7944220E+002, 1.8227901E+002, 1.8869242E+002, 1.9320171E+002, 1.9502451E+002, 1.8726930E+002, 1.6618369E+002, 1.5745721E+002, 1.5774135E+002, 1.6965948E+002, 1.9143356E+002, 1.9762117E+002, 2.1898300E+002, 2.3852241E+002, 2.5067407E+002, 2.3670531E+002, 1.9257049E+002, 1.7461968E+002, 2.5682811E+002, 2.5776609E+002, 2.5792682E+002, 2.4522052E+002, 2.5378679E+002, 2.6982662E+002, 2.8032638E+002, 2.9323469E+002
 1.1000113E+002, 2.0002146E+001, 2.0005202E+001, 2.0009924E+001, 2.0013736E+001, 2.0095873E+001, 4.7164874E+001, 7.8306301E+001, 8.1160321E+001, 9.4691206E+001, 1.0761028E+002, 1.1148433E+002, 1.0792249E+002, 1.0361140E+002, 1.0475451E+002, 1.1462625E+002, 1.1532318E+002, 1.1853454E+002, 1.2107721E+002, 1.2522199E+002, 1.2783880E+002, 1.3079642E+002, 1.3205174E+002, 1.3295752E+002, 1.3150831E+002, 1.1930438E+002, 1.1133291E+002, 1.0727336E+002, 1.0379775E+002, 9.8177943E+001, 9.5027186E+001, 9.1440508E+001, 9.0004662E+001, 8.9635896E+001, 9.0141231E+001, 9.1502572E+001, 9.2563461E+001, 9.3955985E+001, 9.4745743E+001, 9.5453136E+001, 9.5609701E+001, 9.6106434E+001, 9.7079939E+001, 9.9637370E+001, 1.0097851E+002, 1.0398893E+002, 1.2204349E+002, 1.5458612E+002, 1.6271692E+002, 1.6434381E+002, 1.5843664E+002, 1.4853166E+002, 1.4733467E+002, 1.4796137E+002, 1.4715599E+002, 1.4239596E+002, 1.3991062E+002, 1.3870127E+002, 1.3865060E+002, 1.3854422E+002, 1.3832366E+002, 1.3781642E+002, 1.3787732E+002, 1.5129118E+002, 1.6330275E+002, 1.6342821E+002, 1.6066819E+002, 1.6479877E+002, 1.6764576E+002, 1.6386771E+002, 1.6199962E+002, 1.6688395E+002, 1.6668044E+002, 1.6703241E+002, 1.7053517E+002, 1.7801617E+002, 1.8230491E+002, 1.8368081E+002, 1.9170458E+002, 2.1623155E+002, 2.2686331E+002, 2.2279100E+002, 2.1408516E+002, 2.0485561E+002, 2.0765960E+002, 2.3591177E+002, 2.4562050E+002, 2.4612598E+002, 2.0338876E+002, 1.9747364E+002, 2.2959126E+002, 2.4203617E+002, 2.4976436E+002, 2.4403020E+002, 2.3817649E+002, 2.3522777E+002, 2.3676479E+002, 2.4271962E+002, 2.4768850E+002, 2.4995428E+002, 2.5060019E+002, 2.4698733E+002, 2.2964359E+002, 2.2777862E+002, 2.3178132E+002, 2.2707743E+002, 2.2422792E+002, 2.2380632E+002, 2.2182913E+002, 2.1949932E+002, 2.1912775E+002, 2.1323346E+002, 2.0414689E+002, 2.0389435E+002, 2.0839507E+002, 2.1003959E+002, 2.1051843E+002, 2.0810065E+002, 2.0313389E+002, 2.1256572E+002, 2.1780917E+002, 1.8273800E+002, 1.6533244E+002, 1.6679765E+002, 1.6826290E+002, 1.6973190E+002, 1.7182898E+002, 1.7360176E+002, 1.7414329E+002, 1.7120734E+002, 1.6537856E+002, 1.6841732E+002, 1.7031950E+002, 1.6716090E+002, 1.6352168E+002, 1.5831516E+002, 1.7186786E+002, 1.8543583E+002, 1.8698574E+002, 1.8682244E+002, 1.8604632E+002, 1.8505626E+002, 1.8483956E+002, 1.8530384E+002, 1.8584345E+002, 1.8579530E+002, 1.8554842E+002, 1.8649260E+002, 1.8762250E+002, 1.8876513E+002, 1.8896852E+002, 1.8835462E+002, 1.8801402E+002, 1.8756281E+002, 1.8646693E+002, 1.8311919E+002, 1.8063300E+002, 1.7761942E+002, 1.7484709E+002, 1.6451619E+002, 1.6357760E+002, 2.0002352E+001, 2.0005658E+001, 2.0010723E+001, 2.0015019E+001, 2.0035928E+001, 3.8438275E+001, 8.8138432E+001, 8.8989536E+001, 9.0574497E+001, 1.0224017E+002, 1.1072837E+002, 1.1006521E+002, 1.1381641E+002, 1.1703445E+002, 1.1643127E+002, 1.1659527E+002, 1.1779867E+002, 1.1843326E+002, 1.1950732E+002, 1.2029077E+002, 1.2207487E+002, 1.2362868E+002, 1.3130799E+002, 1.3529842E+002, 1.2745575E+002, 1.2110491E+002, 1.2108908E+002, 1.1699995E+002, 1.0418265E+002, 9.8414362E+001, 9.4140111E+001, 9.1801171E+001, 8.9233879E+001, 8.8415075E+001, 8.8051820E+001, 8.7987399E+001, 8.7734198E+001, 8.7315438E+001, 8.6510591E+001, 8.5998776E+001, 8.4988942E+001, 8.4099436E+001, 8.5103326E+001, 9.1012551E+001, 1.0156442E+002, 1.1766840E+002, 1.5861077E+002, 1.7489318E+002, 1.7448326E+002, 1.6854276E+002, 1.6242820E+002, 1.6054323E+002, 1.6229576E+002, 1.6168634E+002, 1.4862541E+002, 1.3925540E+002, 1.2993613E+002, 1.3085937E+002, 1.3581328E+002, 1.3813750E+002, 1.3901500E+002, 1.3917716E+002, 1.5319815E+002, 1.6745697E+002, 1.7457483E+002, 1.7451745E+002, 1.7708205E+002, 1.8068569E+002, 1.8344466E+002, 1.8366794E+002, 1.8956577E+002, 1.8547991E+002, 1.6391065E+002, 1.5587217E+002, 1.5612550E+002, 1.7029554E+002, 1.8771751E+002, 1.9876637E+002, 2.2965701E+002, 2.4409915E+002, 2.3075693E+002, 2.0616260E+002, 1.7514167E+002, 1.6383802E+002, 1.8798804E+002, 2.3831435E+002, 2.4810463E+002, 2.4815550E+002, 2.5561174E+002, 2.7326995E+002, 2.8675465E+002, 2.9360028E+002, 2.9038736E+002, 2.8875997E+002
 1.1100348E+002, 2.0001869E+001, 2.0004986E+001, 2.0010911E+001, 2.0015445E+001, 2.4725669E+001, 7.3478034E+001, 7.7745293E+001, 9.7816171E+001, 1.0911300E+002, 1.0938335E+002, 1.0829608E+002, 1.0420699E+002, 1.0195826E+002, 1.0824909E+002, 1.1834316E+002, 1.2197987E+002, 1.2541522E+002, 1.2669794E+002, 1.2791682E+002, 1.2870576E+002, 1.3017518E+002, 1.2946468E+002, 1.1752544E+002, 1.0644555E+002, 9.9955631E+001, 9.6956196E+001, 9.2613573E+001, 9.0330863E+001, 8.8483658E+001, 8.8201920E+001, 8.8717306E+001, 8.9447781E+001, 9.0826961E+001, 9.1525485E+001, 9.1990221E+001, 9.1941115E+001, 9.1613904E+001, 9.1513201E+001, 9.1961093E+001, 9.2797375E+001, 9.5129549E+001, 9.7039984E+001, 1.0484208E+002, 1.2375082E+002, 1.5397355E+002, 1.6042344E+002, 1.6039822E+002, 1.5385932E+002, 1.4535816E+002, 1.4433085E+002, 1.4398261E+002, 1.4415762E+002, 1.3981441E+002, 1.3680016E+002, 1.3496993E+002, 1.3488591E+002, 1.3526216E+002, 1.3539337E+002, 1.3515773E+002, 1.3492211E+002, 1.4583422E+002, 1.5766734E+002, 1.5923741E+002, 1.5693809E+002, 1.6348707E+002, 1.6675424E+002, 1.6151593E+002, 1.5733274E+002, 1.6345145E+002, 1.6674227E+002, 1.6479419E+002, 1.6641809E+002, 1.7239726E+002, 1.7666067E+002, 1.8036625E+002, 1.9341613E+002, 2.1633536E+002, 2.1564787E+002, 2.0070393E+002, 1.9390750E+002, 1.9167235E+002, 1.9664214E+002, 2.1767566E+002, 2.3336482E+002, 2.4172334E+002, 2.3890717E+002, 2.0453143E+002, 2.0523657E+002, 2.2929337E+002, 2.3361994E+002, 2.3121127E+002, 2.3099045E+002, 2.3754995E+002, 2.3996901E+002, 2.4415615E+002, 2.5036790E+002, 2.5971219E+002, 2.5813316E+002, 2.5238450E+002, 2.4766909E+002, 2.1202526E+002, 2.3114981E+002, 2.3185125E+002, 2.2165481E+002, 2.2526818E+002, 2.1767166E+002, 2.1344026E+002, 2.1649020E+002, 2.5200123E+002, 2.7079924E+002, 2.7264362E+002, 2.3990345E+002, 1.9432046E+002, 1.9814821E+002, 2.0510704E+002, 2.0845514E+002, 2.1054735E+002, 2.0691063E+002, 1.9845036E+002, 1.9957676E+002, 2.1085134E+002, 2.0557770E+002, 1.6462125E+002, 1.5733082E+002, 1.6216319E+002, 1.6822013E+002, 1.7140578E+002, 1.7079772E+002, 1.6708485E+002, 1.6668874E+002, 1.6905540E+002, 1.7053076E+002, 1.7094985E+002, 1.6949044E+002, 1.5501806E+002, 1.5675415E+002, 1.8055295E+002, 1.7986098E+002, 1.7989044E+002, 1.8007488E+002, 1.8106614E+002, 1.8193103E+002, 1.8194391E+002, 1.8181476E+002, 1.8200387E+002, 1.8243974E+002, 1.8276755E+002, 1.8291880E+002, 1.8341796E+002, 1.8410884E+002, 1.8578769E+002, 1.8658909E+002, 1.8729688E+002, 1.8744331E+002, 1.8720492E+002, 1.8664034E+002, 1.8461215E+002, 1.8192778E+002, 1.7441306E+002, 1.6891926E+002, 2.0002110E+001, 2.0005515E+001, 2.0011853E+001, 2.0017051E+001, 2.1579544E+001, 7.5377822E+001, 8.7032331E+001, 9.3445848E+001, 1.0683593E+002, 1.0830591E+002, 1.0956699E+002, 1.1192245E+002, 1.1303394E+002, 1.1585188E+002, 1.1962597E+002, 1.2147250E+002, 1.2140787E+002, 1.2016642E+002, 1.1789659E+002, 1.1739286E+002, 1.2119837E+002, 1.2598447E+002, 1.2045590E+002, 1.1389046E+002, 1.1231161E+002, 1.0878002E+002, 1.0263135E+002, 9.8951185E+001, 9.1663204E+001, 8.9853113E+001, 8.8814658E+001, 8.8539142E+001, 8.8860056E+001, 8.8979839E+001, 8.8280290E+001, 8.7584435E+001, 8.6686260E+001, 8.6182142E+001, 8.5409865E+001, 8.4805817E+001, 8.4264860E+001, 8.5419799E+001, 9.7729171E+001, 1.1761181E+002, 1.5645475E+002, 1.7068266E+002, 1.6952218E+002, 1.6400148E+002, 1.5914407E+002, 1.5771985E+002, 1.5838175E+002, 1.6073470E+002, 1.5150056E+002, 1.4038262E+002, 1.2883635E+002, 1.2549719E+002, 1.3066425E+002, 1.3441413E+002, 1.3644501E+002, 1.3636970E+002, 1.4846248E+002, 1.6224287E+002, 1.7017321E+002, 1.7066146E+002, 1.7477930E+002, 1.7801032E+002, 1.7765057E+002, 1.7619055E+002, 1.8435346E+002, 1.8807463E+002, 1.7179548E+002, 1.5804715E+002, 1.5287889E+002, 1.6312150E+002, 1.8378566E+002, 1.9869577E+002, 2.2927739E+002, 2.3521451E+002, 2.1087298E+002, 1.9294793E+002, 1.8201878E+002, 1.7791793E+002, 1.7687159E+002, 2.0302054E+002, 2.4574640E+002, 2.4713103E+002, 2.2476509E+002, 2.5520665E+002, 2.7586131E+002, 2.8475635E+002, 2.8526650E+002, 2.8374544E+002, 2.8727918E+002, 2.8570595E+002
 1.1201118E+002, 2.0002122E+001, 2.0005232E+001, 2.0011879E+001, 2.0025937E+001, 5.7393989E+001, 7.7786698E+001, 1.0395656E+002, 1.0692754E+002, 1.0728478E+002, 1.0628530E+002, 1.0602069E+002, 1.0421851E+002, 9.8271477E+001, 1.1765374E+002, 1.2312244E+002, 1.2363406E+002, 1.2455525E+002, 1.2546377E+002, 1.2634865E+002, 1.2371756E+002, 1.1112305E+002, 1.0203202E+002, 9.3978660E+001, 9.1957651E+001, 9.1223920E+001, 8.9944004E+001, 8.7602435E+001, 8.7347659E+001, 8.8111807E+001, 8.8821032E+001, 8.9843084E+001, 9.0157179E+001, 8.9822323E+001, 8.9387228E+001, 8.8951600E+001, 8.8904829E+001, 8.9356915E+001, 9.0166780E+001, 9.2018231E+001, 9.4887708E+001, 1.1414926E+002, 1.3233056E+002, 1.5480574E+002, 1.5847145E+002, 1.5635083E+002, 1.5033319E+002, 1.4211321E+002, 1.4145907E+002, 1.4057764E+002, 1.4110383E+002, 1.3868276E+002, 1.3461961E+002, 1.3166418E+002, 1.3124810E+002, 1.3171552E+002, 1.3232261E+002, 1.3256564E+002, 1.3227438E+002, 1.4086563E+002, 1.5191963E+002, 1.5548034E+002, 1.5488121E+002, 1.6189248E+002, 1.6520617E+002, 1.5832949E+002, 1.5374317E+002, 1.6046065E+002, 1.6563216E+002, 1.6366824E+002, 1.6285084E+002, 1.6709241E+002, 1.7088889E+002, 1.7961428E+002, 1.9531504E+002, 2.1434397E+002, 2.0562295E+002, 1.8849006E+002, 1.8660244E+002, 1.9247495E+002, 1.9900800E+002, 2.1503216E+002, 2.2684385E+002, 2.3748599E+002, 2.4065891E+002, 2.3621916E+002, 2.1650116E+002, 2.1103543E+002, 2.1941797E+002, 2.2868061E+002, 2.3584076E+002, 2.4152977E+002, 2.4251232E+002, 2.4129212E+002, 2.5791089E+002, 2.6359537E+002, 2.6033348E+002, 2.5054625E+002, 2.5140997E+002, 2.5988865E+002, 2.2591482E+002, 2.3267938E+002, 2.3293208E+002, 2.5574381E+002, 2.6409095E+002, 2.2671890E+002, 2.2373430E+002, 2.4981788E+002, 2.6237699E+002, 2.5297210E+002, 2.4380129E+002, 2.3697109E+002, 2.3296848E+002, 2.2508738E+002, 2.0655018E+002, 1.9363231E+002, 1.9657653E+002, 2.0592332E+002, 2.0944506E+002, 2.0797546E+002, 2.0188868E+002, 1.9288483E+002, 1.9913219E+002, 2.0872362E+002, 1.7816299E+002, 1.5145410E+002, 1.5305544E+002, 1.6410590E+002, 1.7514401E+002, 1.7838102E+002, 1.7887328E+002, 1.7942455E+002, 1.7896313E+002, 1.7767098E+002, 1.7471806E+002, 1.6998050E+002, 1.5874917E+002, 1.6606669E+002, 1.7034795E+002, 1.7335881E+002, 1.7753795E+002, 1.8206110E+002, 1.8359922E+002, 1.8416955E+002, 1.8366323E+002, 1.8213876E+002, 1.8010965E+002, 1.7969868E+002, 1.7945156E+002, 1.7953117E+002, 1.7975423E+002, 1.8085923E+002, 1.8138875E+002, 1.8235352E+002, 1.8294115E+002, 1.8350933E+002, 1.8382258E+002, 1.8405949E+002, 1.8398321E+002, 1.8237794E+002, 1.7888877E+002, 2.0002415E+001, 2.0005855E+001, 2.0013134E+001, 2.0020217E+001, 4.3880573E+001, 8.3157704E+001, 9.9065383E+001, 1.0469341E+002, 1.0794984E+002, 1.1061591E+002, 1.1496246E+002, 1.1282979E+002, 1.1735651E+002, 1.2216071E+002, 1.2259120E+002, 1.2048863E+002, 1.1591633E+002, 1.1354186E+002, 1.1464452E+002, 1.1616779E+002, 1.1254141E+002, 1.0860003E+002, 1.0356215E+002, 1.0202976E+002, 1.0659731E+002, 1.0547881E+002, 9.4188104E+001, 8.9812438E+001, 8.8911830E+001, 8.8852344E+001, 8.9271904E+001, 8.9386113E+001, 8.8650342E+001, 8.7788978E+001, 8.6874695E+001, 8.6548335E+001, 8.6266831E+001, 8.5880955E+001, 8.5298207E+001, 8.6020292E+001, 1.0084860E+002, 1.2304354E+002, 1.5371694E+002, 1.6447827E+002, 1.6402413E+002, 1.5969667E+002, 1.5576499E+002, 1.5470184E+002, 1.5489083E+002, 1.5718367E+002, 1.5486631E+002, 1.4522985E+002, 1.2993963E+002, 1.2428651E+002, 1.2310576E+002, 1.2865505E+002, 1.3363952E+002, 1.3387148E+002, 1.4457903E+002, 1.5705310E+002, 1.6570391E+002, 1.6732559E+002, 1.7243849E+002, 1.7507764E+002, 1.7243593E+002, 1.7096596E+002, 1.7985758E+002, 1.8523133E+002, 1.7407574E+002, 1.6187169E+002, 1.5311455E+002, 1.5918196E+002, 1.8146823E+002, 2.0072438E+002, 2.2642570E+002, 2.2487796E+002, 1.9933008E+002, 1.8788426E+002, 1.8868506E+002, 1.9026426E+002, 1.8918883E+002, 2.0224573E+002, 2.3004394E+002, 2.4282812E+002, 2.3465360E+002, 2.2927159E+002, 2.4990437E+002, 2.6903791E+002, 2.8196607E+002, 2.8641912E+002, 2.8959115E+002, 2.8361582E+002, 2.8290351E+002, 2.9600904E+002
 1.1300431E+002, 2.0002267E+001, 2.0005820E+001, 2.0013266E+001, 2.1300752E+001, 8.3366048E+001, 9.8868362E+001, 1.0511781E+002, 1.0528890E+002, 1.0359079E+002, 1.0502489E+002, 1.0664219E+002, 1.0050713E+002, 1.1300552E+002, 1.2057166E+002, 1.2137164E+002, 1.2151626E+002, 1.1942562E+002, 1.1514220E+002, 1.0378428E+002, 9.6626534E+001, 9.0681430E+001, 9.1299026E+001, 9.3182623E+001, 9.1625185E+001, 8.7544267E+001, 8.6948891E+001, 8.7617650E+001, 8.8109413E+001, 8.8812968E+001, 8.8865844E+001, 8.8213695E+001, 8.7622325E+001, 8.7280955E+001, 8.7544980E+001, 8.8328835E+001, 8.8848950E+001, 9.4833951E+001, 1.0570476E+002, 1.2790279E+002, 1.4323647E+002, 1.5426144E+002, 1.5487411E+002, 1.5200172E+002, 1.4734493E+002, 1.4014002E+002, 1.3877432E+002, 1.3775640E+002, 1.3789468E+002, 1.3767876E+002, 1.3466415E+002, 1.2959931E+002, 1.2819121E+002, 1.2818228E+002, 1.2887335E+002, 1.2991587E+002, 1.2992204E+002, 1.3459992E+002, 1.4420681E+002, 1.5202973E+002, 1.5250751E+002, 1.5951951E+002, 1.6318442E+002, 1.5624545E+002, 1.5080565E+002, 1.5562092E+002, 1.6202030E+002, 1.6156443E+002, 1.5988965E+002, 1.6215956E+002, 1.6567810E+002, 1.7983217E+002, 1.9441510E+002, 2.0909082E+002, 1.9989137E+002, 1.8412557E+002, 1.8616089E+002, 1.9627121E+002, 2.0265240E+002, 2.1441999E+002, 2.2230125E+002, 2.2982594E+002, 2.3224178E+002, 2.3395230E+002, 2.2592620E+002, 2.0349529E+002, 2.1817505E+002, 2.2771432E+002, 2.3938952E+002, 2.4167191E+002, 2.4247104E+002, 2.5546315E+002, 2.6246683E+002, 2.5924204E+002, 2.4782142E+002, 2.5174761E+002, 2.6476280E+002, 2.7057993E+002, 2.7123483E+002, 2.6178132E+002, 2.1843129E+002, 2.5149527E+002, 2.6269914E+002, 2.4130916E+002, 2.3200373E+002, 2.4014210E+002, 2.3694058E+002, 2.2801544E+002, 2.2862775E+002, 2.2720171E+002, 2.1637162E+002, 2.1288897E+002, 2.1592733E+002, 2.4568480E+002, 2.6036613E+002, 2.5336683E+002, 2.3652481E+002, 2.1640929E+002, 2.0535173E+002, 1.9952957E+002, 2.0405661E+002, 2.0194809E+002, 1.9571601E+002, 1.8971921E+002, 2.0232088E+002, 1.2784091E+002, 1.5265368E+002, 1.6793734E+002, 1.7533543E+002, 1.8111172E+002, 1.8301558E+002, 1.8523257E+002, 1.8610245E+002, 1.8704836E+002, 1.8618685E+002, 1.8015973E+002, 1.7324817E+002, 1.6081656E+002, 1.5680036E+002, 1.6553874E+002, 1.7252184E+002, 1.8065699E+002, 1.8248019E+002, 1.8381609E+002, 1.8390698E+002, 1.8289551E+002, 1.8327308E+002, 1.8114791E+002, 1.7952048E+002, 1.7701692E+002, 1.7657807E+002, 1.7579866E+002, 1.7604251E+002, 1.7696022E+002, 1.7823598E+002, 1.8011225E+002, 1.8101597E+002, 1.8146915E+002, 1.8059897E+002, 1.7772452E+002, 1.7518859E+002, 2.0002485E+001, 2.0006423E+001, 2.0014436E+001, 2.0314315E+001, 6.9246848E+001, 9.4313034E+001, 1.0264164E+002, 1.0836694E+002, 1.1247398E+002, 1.1431936E+002, 1.1472122E+002, 1.1656615E+002, 1.2174987E+002, 1.2117534E+002, 1.1739906E+002, 1.1360511E+002, 1.0937612E+002, 1.0828202E+002, 1.0749082E+002, 1.0538044E+002, 1.0130204E+002, 1.0402506E+002, 1.1252252E+002, 1.0943681E+002, 9.6867872E+001, 9.3568895E+001, 9.0817946E+001, 8.9109057E+001, 8.9274833E+001, 8.9213883E+001, 8.8440279E+001, 8.7672625E+001, 8.7001667E+001, 8.6918680E+001, 8.6934434E+001, 8.6933459E+001, 8.7164261E+001, 9.0661101E+001, 1.0803507E+002, 1.2682085E+002, 1.4856062E+002, 1.5133644E+002, 1.5318295E+002, 1.5401908E+002, 1.5262479E+002, 1.5200477E+002, 1.5188966E+002, 1.5328644E+002, 1.5181451E+002, 1.4583066E+002, 1.3346368E+002, 1.2624770E+002, 1.2135818E+002, 1.2229625E+002, 1.2900561E+002, 1.3125770E+002, 1.3898036E+002, 1.5056688E+002, 1.6156209E+002, 1.6384487E+002, 1.6962973E+002, 1.7191421E+002, 1.6871804E+002, 1.6726403E+002, 1.7496399E+002, 1.8137030E+002, 1.7504605E+002, 1.6320721E+002, 1.5353131E+002, 1.5776236E+002, 1.7920943E+002, 1.9929948E+002, 2.1892575E+002, 2.1539207E+002, 1.9511307E+002, 1.8912607E+002, 1.9347545E+002, 1.9623689E+002, 1.9780725E+002, 1.9936405E+002, 2.0827673E+002, 2.1558238E+002, 2.2886459E+002, 2.2770580E+002, 2.3546769E+002, 2.5590223E+002, 2.7293009E+002, 2.8230193E+002, 2.8587750E+002, 2.8952782E+002, 2.9709613E+002, 2.9864660E+002, 2.8592759E+002, 2.8584109E+002
 1.1400864E+002, 2.0002971E+001, 2.0007156E+001, 2.0411736E+001, 5.9010132E+001, 1.0166743E+002, 1.0348398E+002, 1.0349383E+002, 1.0404923E+002, 1.0283980E+002, 1.0756207E+002, 9.8536411E+001, 1.0672049E+002, 1.1836760E+002, 1.1756148E+002, 1.1354982E+002, 1.0687501E+002, 9.5759692E+001, 9.1315624E+001, 9.1695644E+001, 9.4511528E+001, 9.4940248E+001, 9.1576820E+001, 8.8264722E+001, 8.9395694E+001, 8.8218753E+001, 8.7502752E+001, 8.7890045E+001, 8.7776463E+001, 8.6927334E+001, 8.6315937E+001, 8.6217688E+001, 8.6655915E+001, 8.9018593E+001, 9.6568971E+001, 1.1371938E+002, 1.2614530E+002, 1.4274332E+002, 1.4786278E+002, 1.4888001E+002, 1.4778977E+002, 1.4464944E+002, 1.4195269E+002, 1.3864386E+002, 1.3723790E+002, 1.3588186E+002, 1.3564589E+002, 1.3562221E+002, 1.3330289E+002, 1.2848693E+002, 1.2598230E+002, 1.2510770E+002, 1.2558885E+002, 1.2698761E+002, 1.2746654E+002, 1.3039346E+002, 1.3841645E+002, 1.4809050E+002, 1.5028118E+002, 1.5780793E+002, 1.6111384E+002, 1.5333535E+002, 1.4752082E+002, 1.5111762E+002, 1.5723843E+002, 1.5878829E+002, 1.5749221E+002, 1.5815392E+002, 1.6402732E+002, 1.8264460E+002, 1.9639702E+002, 2.0089925E+002, 1.9206850E+002, 1.8237878E+002, 1.8743838E+002, 1.9995381E+002, 2.0556615E+002, 2.1199826E+002, 2.1482697E+002, 2.1773831E+002, 2.2108613E+002, 2.2478937E+002, 2.2277985E+002, 2.0456787E+002, 2.0608260E+002, 2.3758079E+002, 2.4563011E+002, 2.5159437E+002, 2.6071295E+002, 2.6805324E+002, 2.6944770E+002, 2.4593265E+002, 2.4515616E+002, 2.6263650E+002, 2.7427218E+002, 2.7669424E+002, 2.7081607E+002, 2.6512004E+002, 2.5983250E+002, 2.3241905E+002, 2.5309524E+002, 2.3876917E+002, 2.2609834E+002, 2.2950683E+002, 2.2503086E+002, 2.3142807E+002, 2.3979936E+002, 2.4720466E+002, 2.4879744E+002, 2.4287218E+002, 2.3193244E+002, 2.0767762E+002, 2.3083767E+002, 2.5826516E+002, 2.6277818E+002, 2.6588631E+002, 2.6169047E+002, 2.5473826E+002, 2.5130060E+002, 2.3782575E+002, 2.2177047E+002, 1.9965706E+002, 1.9180143E+002, 1.9414682E+002, 1.8039946E+002, 1.8917175E+002, 1.4915294E+002, 1.6388555E+002, 1.6595789E+002, 1.7336545E+002, 1.8612611E+002, 1.9093956E+002, 1.9199055E+002, 1.9352360E+002, 1.9454590E+002, 1.9420584E+002, 1.9090779E+002, 1.7948081E+002, 1.6831475E+002, 1.5333173E+002, 1.5571285E+002, 1.7502784E+002, 1.7848487E+002, 1.8210137E+002, 1.8257563E+002, 1.8234836E+002, 1.8205797E+002, 1.8082187E+002, 1.8103820E+002, 1.7993656E+002, 1.7774821E+002, 1.7469779E+002, 1.7415476E+002, 1.7446242E+002, 1.7415107E+002, 1.7325739E+002, 1.7321248E+002, 1.7459408E+002, 1.7576990E+002, 1.7609259E+002, 1.7461239E+002, 2.0003161E+001, 2.0007773E+001, 2.0092955E+001, 4.1921889E+001, 9.3105103E+001, 1.0244157E+002, 1.1036448E+002, 1.1250950E+002, 1.1384346E+002, 1.1485783E+002, 1.1629525E+002, 1.1861481E+002, 1.1711436E+002, 1.1323169E+002, 1.0784680E+002, 1.0520020E+002, 1.0313867E+002, 1.0238617E+002, 1.0640302E+002, 1.0985562E+002, 1.1228562E+002, 1.0519550E+002, 9.7706866E+001, 1.0162543E+002, 9.7909338E+001, 9.1354746E+001, 8.9149443E+001, 8.8927430E+001, 8.7953206E+001, 8.7234947E+001, 8.6856005E+001, 8.7030327E+001, 8.7629149E+001, 9.0405703E+001, 9.6754713E+001, 1.0235960E+002, 1.1561245E+002, 1.2453027E+002, 1.3258985E+002, 1.3334316E+002, 1.3605073E+002, 1.4113932E+002, 1.4795082E+002, 1.4895376E+002, 1.4944241E+002, 1.5034760E+002, 1.4825351E+002, 1.4329749E+002, 1.3382477E+002, 1.2812180E+002, 1.2171873E+002, 1.2059487E+002, 1.2473793E+002, 1.2790647E+002, 1.3483304E+002, 1.4531801E+002, 1.5778532E+002, 1.6096911E+002, 1.6704348E+002, 1.6884892E+002, 1.6519162E+002, 1.6427033E+002, 1.7071809E+002, 1.7624655E+002, 1.7338868E+002, 1.6377442E+002, 1.5355804E+002, 1.5839932E+002, 1.8215138E+002, 1.9985843E+002, 2.0992246E+002, 2.0364719E+002, 1.9104512E+002, 1.9113406E+002, 1.9755512E+002, 1.9961893E+002, 1.9926224E+002, 1.9523593E+002, 1.8982133E+002, 1.9550281E+002, 2.1574868E+002, 2.2402914E+002, 2.2799716E+002, 2.4050668E+002, 2.6925061E+002, 2.7757466E+002, 2.8874973E+002, 2.9320287E+002, 2.9676184E+002, 2.9577765E+002, 2.7823772E+002, 2.8197903E+002, 3.1208136E+002, 3.2530679E+002
 1.1500548E+002, 2.0003307E+001, 2.0010007E+001, 4.4753917E+001, 9.6879818E+001, 1.0318748E+002, 1.0473027E+002, 1.0214265E+002, 1.0324486E+002, 1.0668521E+002, 9.8542688E+001, 1.0813950E+002, 1.1459793E+002, 1.1057173E+002, 1.0463892E+002, 9.1981395E+001, 8.7986952E+001, 9.3758280E+001, 9.6240620E+001, 9.5253157E+001, 9.2950514E+001, 9.3249561E+001, 9.5693790E+001, 9.2321313E+001, 8.8583296E+001, 8.6867656E+001, 8.6864214E+001, 8.6061015E+001, 8.5380780E+001, 8.5076361E+001, 8.5623427E+001, 9.7623558E+001, 1.0936926E+002, 1.2927730E+002, 1.3760457E+002, 1.4032954E+002, 1.4038872E+002, 1.3905750E+002, 1.3785012E+002, 1.3677184E+002, 1.3668714E+002, 1.3688653E+002, 1.3614769E+002, 1.3423666E+002, 1.3358720E+002, 1.3335376E+002, 1.3201206E+002, 1.2795660E+002, 1.2518911E+002, 1.2263616E+002, 1.2260048E+002, 1.2382389E+002, 1.2472128E+002, 1.2638194E+002, 1.3164185E+002, 1.4306993E+002, 1.4713901E+002, 1.5409630E+002, 1.5900302E+002, 1.5232755E+002, 1.4545937E+002, 1.4545996E+002, 1.5154976E+002, 1.5557877E+002, 1.5531086E+002, 1.5609331E+002, 1.6375955E+002, 1.8239131E+002, 1.9340668E+002, 1.9334563E+002, 1.8548431E+002, 1.8061951E+002, 1.8656307E+002, 1.9898741E+002, 2.0298425E+002, 2.0440779E+002, 2.0343855E+002, 2.0379481E+002, 2.0792800E+002, 2.1615976E+002, 2.1621479E+002, 2.0453576E+002, 1.9863957E+002, 2.3244416E+002, 2.4825685E+002, 2.6907433E+002, 2.7298255E+002, 2.6836444E+002, 2.5411806E+002, 2.4530113E+002, 2.4507382E+002, 2.6156741E+002, 2.7196190E+002, 2.7189597E+002, 2.7265927E+002, 2.6882379E+002, 2.6524554E+002, 2.6339206E+002, 2.2219006E+002, 2.5684053E+002, 2.1472343E+002, 2.2252485E+002, 2.3198040E+002, 2.4106775E+002, 2.4472811E+002, 2.4328695E+002, 2.4247319E+002, 2.4025482E+002, 2.3830751E+002, 2.4068905E+002, 2.4411145E+002, 2.0342831E+002, 2.4337787E+002, 2.5471757E+002, 2.5670277E+002, 2.5150864E+002, 2.4499975E+002, 2.4014825E+002, 2.3765885E+002, 2.3473606E+002, 2.3713400E+002, 2.3739377E+002, 2.3039162E+002, 2.0560055E+002, 1.9384469E+002, 1.7523551E+002, 1.9132670E+002, 1.4165182E+002, 1.5478951E+002, 1.7003624E+002, 1.8538147E+002, 1.8564651E+002, 1.9059606E+002, 1.9286023E+002, 1.9286150E+002, 1.9287203E+002, 1.9335738E+002, 1.9417697E+002, 1.9317575E+002, 1.7963031E+002, 1.6640202E+002, 1.5766231E+002, 1.7233176E+002, 1.7898984E+002, 1.8071438E+002, 1.8013078E+002, 1.7905486E+002, 1.7912795E+002, 1.7779750E+002, 1.7754961E+002, 1.7751125E+002, 1.7703532E+002, 1.7543250E+002, 1.7231091E+002, 1.7201818E+002, 1.7506949E+002, 1.7656281E+002, 1.7450099E+002, 1.7194634E+002, 1.6830140E+002, 1.6758596E+002, 2.0003535E+001, 2.0009611E+001, 3.3477305E+001, 8.2401586E+001, 1.0348869E+002, 1.0813461E+002, 1.1296641E+002, 1.1268999E+002, 1.1336551E+002, 1.0935264E+002, 1.1565268E+002, 1.1257861E+002, 1.0617865E+002, 1.0231717E+002, 9.7947027E+001, 1.0045308E+002, 1.0796562E+002, 1.1186212E+002, 1.0740452E+002, 1.0497348E+002, 1.0509241E+002, 1.1211411E+002, 1.0879671E+002, 9.8812293E+001, 8.8938016E+001, 8.8775768E+001, 8.7724177E+001, 8.6965248E+001, 8.6540606E+001, 8.6721194E+001, 9.4562465E+001, 1.0281483E+002, 1.1474943E+002, 1.1901314E+002, 1.1917015E+002, 1.1818888E+002, 1.1709471E+002, 1.1655413E+002, 1.1881726E+002, 1.2429279E+002, 1.3775530E+002, 1.4442163E+002, 1.4665094E+002, 1.4709751E+002, 1.4515821E+002, 1.4116999E+002, 1.3345583E+002, 1.2813415E+002, 1.2276977E+002, 1.2065070E+002, 1.2099764E+002, 1.2374537E+002, 1.2986557E+002, 1.3768611E+002, 1.5316067E+002, 1.5771259E+002, 1.6374341E+002, 1.6588493E+002, 1.6298223E+002, 1.6155708E+002, 1.6519542E+002, 1.7035636E+002, 1.7231869E+002, 1.6792389E+002, 1.5534375E+002, 1.5850676E+002, 1.7982002E+002, 1.9512182E+002, 2.0187722E+002, 1.9566129E+002, 1.8764147E+002, 1.9076372E+002, 1.9917915E+002, 2.0092821E+002, 1.9692129E+002, 1.9132590E+002, 1.7984692E+002, 1.8065461E+002, 2.0286038E+002, 2.1987606E+002, 2.2187232E+002, 2.3226791E+002, 2.6346423E+002, 2.7516719E+002, 2.8537352E+002, 2.8233300E+002, 2.8403849E+002, 2.7271895E+002, 2.7519284E+002, 2.8542442E+002, 3.0975181E+002, 3.2482083E+002, 3.2817759E+002, 3.1818331E+002
 1.1600098E+002, 2.0021756E+001, 2.9146199E+001, 9.5692685E+001, 1.0269674E+002, 1.0497538E+002, 1.0406624E+002, 1.0635687E+002, 1.0086380E+002, 1.0213419E+002, 9.4066007E+001, 1.0814154E+002, 1.0183894E+002, 9.1478374E+001, 8.8037194E+001, 9.3553455E+001, 9.5578854E+001, 9.5189655E+001, 9.4840368E+001, 1.0063570E+002, 9.9793596E+001, 9.2792187E+001, 8.8233577E+001, 8.6073591E+001, 8.5952124E+001, 8.5144121E+001, 8.4528943E+001, 8.4229898E+001, 8.9334386E+001, 1.0458465E+002, 1.2034712E+002, 1.3372529E+002, 1.3358124E+002, 1.3121477E+002, 1.2928675E+002, 1.2747978E+002, 1.2761333E+002, 1.3002948E+002, 1.3205832E+002, 1.3401275E+002, 1.3434135E+002, 1.3277313E+002, 1.3152934E+002, 1.3069131E+002, 1.2852186E+002, 1.2515657E+002, 1.2285120E+002, 1.2031028E+002, 1.2012247E+002, 1.2089460E+002, 1.2194499E+002, 1.2408780E+002, 1.2775400E+002, 1.3881828E+002, 1.4485811E+002, 1.5181683E+002, 1.5623561E+002, 1.5013016E+002, 1.4319059E+002, 1.4172536E+002, 1.4762893E+002, 1.5231235E+002, 1.5396148E+002, 1.5840982E+002, 1.6691775E+002, 1.8466235E+002, 1.9090035E+002, 1.8555017E+002, 1.7896876E+002, 1.8022167E+002, 1.8705690E+002, 1.9545701E+002, 1.9641401E+002, 1.9444650E+002, 1.9289907E+002, 1.9512639E+002, 2.0025958E+002, 2.0993386E+002, 2.0843842E+002, 2.0383393E+002, 2.0805977E+002, 2.3239609E+002, 2.6088899E+002, 2.6765747E+002, 2.6231795E+002, 2.5335872E+002, 2.5262401E+002, 2.4210622E+002, 2.5106332E+002, 2.6477325E+002, 2.6663302E+002, 2.7623117E+002, 2.7425764E+002, 2.6617687E+002, 2.5991149E+002, 2.6369859E+002, 2.6873843E+002, 2.5275364E+002, 2.6180547E+002, 2.3670639E+002, 2.1915079E+002, 2.6186335E+002, 2.5965327E+002, 2.5084091E+002, 2.3541797E+002, 2.3244339E+002, 2.3742753E+002, 2.4651990E+002, 2.3839298E+002, 2.4060295E+002, 2.4228625E+002, 2.3405954E+002, 2.4697033E+002, 2.5009940E+002, 2.5005066E+002, 2.4769082E+002, 2.4600489E+002, 2.3737521E+002, 2.3361129E+002, 2.2629042E+002, 2.3407805E+002, 2.4308770E+002, 2.4266355E+002, 2.3618827E+002, 2.3311861E+002, 2.1642134E+002, 1.9309838E+002, 1.7585939E+002, 1.5625603E+002, 1.5736610E+002, 1.7705023E+002, 1.8089532E+002, 1.8578922E+002, 1.8669025E+002, 1.8733675E+002, 1.8815677E+002, 1.8857805E+002, 1.8940874E+002, 1.8988043E+002, 1.9023387E+002, 1.9012651E+002, 1.7187658E+002, 1.5500371E+002, 1.7258497E+002, 1.7383409E+002, 1.7686628E+002, 1.7697795E+002, 1.7666258E+002, 1.7770793E+002, 1.7720545E+002, 1.7869568E+002, 1.7681207E+002, 1.7540523E+002, 1.7420066E+002, 1.7268082E+002, 1.6940571E+002, 1.6900755E+002, 1.7391187E+002, 1.7746081E+002, 1.7693678E+002, 1.7140055E+002, 2.0007168E+001, 2.4552858E+001, 8.3574770E+001, 1.0395754E+002, 1.1014674E+002, 1.1225649E+002, 1.1473330E+002, 1.1450039E+002, 1.0596266E+002, 1.0818254E+002, 1.0538963E+002, 9.9996866E+001, 9.7531990E+001, 9.9068578E+001, 1.0844999E+002, 1.0921747E+002, 1.0726285E+002, 1.0568698E+002, 1.1565344E+002, 1.1590226E+002, 1.0611031E+002, 9.7119619E+001, 8.9459866E+001, 8.8959017E+001, 8.7526956E+001, 8.6618061E+001, 8.6154956E+001, 8.9094607E+001, 1.0177049E+002, 1.1449024E+002, 1.2800930E+002, 1.2731619E+002, 1.2107298E+002, 1.1490838E+002, 1.0734681E+002, 1.0600439E+002, 1.0924974E+002, 1.1466300E+002, 1.2646397E+002, 1.3464249E+002, 1.4339203E+002, 1.4367621E+002, 1.4087164E+002, 1.3554305E+002, 1.2616653E+002, 1.2062680E+002, 1.1657989E+002, 1.1777280E+002, 1.1978967E+002, 1.2098825E+002, 1.2758712E+002, 1.3371317E+002, 1.4954068E+002, 1.5519445E+002, 1.6116086E+002, 1.6287426E+002, 1.6016765E+002, 1.5841509E+002, 1.6124205E+002, 1.6456549E+002, 1.6764662E+002, 1.6679869E+002, 1.6009913E+002, 1.6267838E+002, 1.8057522E+002, 1.9273002E+002, 1.9337205E+002, 1.8675130E+002, 1.8539798E+002, 1.8935602E+002, 1.9848837E+002, 1.9812067E+002, 1.9156505E+002, 1.8521996E+002, 1.7646596E+002, 1.7704027E+002, 1.9492044E+002, 2.1292587E+002, 2.2359361E+002, 2.3496234E+002, 2.5772388E+002, 2.7724330E+002, 2.7821832E+002, 2.7441671E+002, 2.7093912E+002, 2.7416877E+002, 2.8051730E+002, 3.0095395E+002, 3.1550983E+002, 3.1910120E+002, 3.3002027E+002, 3.2791777E+002, 3.1100552E+002, 2.8303003E+002
 1.1700846E+002, 4.1486843E+001, 9.5946330E+001, 1.0413662E+002, 1.0420861E+002, 1.0798210E+002, 1.0974903E+002, 1.0431611E+002, 1.0305031E+002, 9.5389788E+001, 1.0290691E+002, 8.6023605E+001, 8.8600535E+001, 9.4174683E+001, 9.3604020E+001, 9.6817628E+001, 1.0082602E+002, 9.7164108E+001, 9.1505213E+001, 8.6963006E+001, 8.6000356E+001, 8.5732156E+001, 8.5216117E+001, 8.3872851E+001, 8.3303464E+001, 8.7885042E+001, 9.9094830E+001, 1.2278650E+002, 1.3019812E+002, 1.2863981E+002, 1.2516496E+002, 1.2103083E+002, 1.2046166E+002, 1.2187941E+002, 1.2345677E+002, 1.2613675E+002, 1.2834022E+002, 1.3104847E+002, 1.3178900E+002, 1.3072930E+002, 1.2916296E+002, 1.2592186E+002, 1.2293631E+002, 1.1899074E+002, 1.1733152E+002, 1.1680535E+002, 1.1729943E+002, 1.1874260E+002, 1.1980796E+002, 1.2202695E+002, 1.2662834E+002, 1.3791506E+002, 1.4446981E+002, 1.5393163E+002, 1.5266206E+002, 1.4267892E+002, 1.3838417E+002, 1.4217587E+002, 1.4664024E+002, 1.5204307E+002, 1.5617265E+002, 1.6946848E+002, 1.8088871E+002, 1.8681335E+002, 1.8221896E+002, 1.7404476E+002, 1.7541889E+002, 1.8496257E+002, 1.8928959E+002, 1.8861312E+002, 1.8667612E+002, 1.8552657E+002, 1.8777011E+002, 1.9524565E+002, 2.0161037E+002, 2.0505660E+002, 2.0094178E+002, 2.0838045E+002, 2.3214423E+002, 2.5668063E+002, 2.5492389E+002, 2.4680199E+002, 2.4434378E+002, 2.4766786E+002, 2.5576863E+002, 2.6902826E+002, 2.7232656E+002, 2.6781212E+002, 2.7706152E+002, 2.7803714E+002, 2.7083780E+002, 2.6027348E+002, 2.5308831E+002, 2.5792135E+002, 2.7098547E+002, 2.6724537E+002, 2.4729584E+002, 2.5663249E+002, 2.4679216E+002, 2.4021099E+002, 2.4134394E+002, 2.3092837E+002, 2.3452033E+002, 2.4246333E+002, 2.5513183E+002, 2.6455339E+002, 2.7613881E+002, 2.6703503E+002, 2.6597367E+002, 2.3994581E+002, 2.3676451E+002, 2.2961053E+002, 2.3780099E+002, 2.4276543E+002, 2.4164441E+002, 2.3693005E+002, 2.3316363E+002, 2.2232685E+002, 2.1793404E+002, 2.0996199E+002, 2.0528781E+002, 2.1266483E+002, 2.2721316E+002, 2.4482151E+002, 2.4549363E+002, 2.4211783E+002, 2.3762130E+002, 2.2551500E+002, 2.0816400E+002, 1.7788368E+002, 1.5934608E+002, 1.6887433E+002, 1.7738543E+002, 1.7944441E+002, 1.8331347E+002, 1.8531029E+002, 1.8610108E+002, 1.8681535E+002, 1.8691859E+002, 1.8655447E+002, 1.8671434E+002, 1.8664605E+002, 1.8474733E+002, 1.6449280E+002, 1.6013522E+002, 1.6978154E+002, 1.7205619E+002, 1.7501761E+002, 1.7629507E+002, 1.7808514E+002, 1.7867709E+002, 1.7907668E+002, 1.7877963E+002, 1.7750888E+002, 1.7627220E+002, 1.7319833E+002, 1.7032168E+002, 1.6587085E+002, 1.6503058E+002, 1.7153287E+002, 1.7562104E+002, 3.1657300E+001, 9.2552714E+001, 1.0849076E+002, 1.1060001E+002, 1.1414926E+002, 1.1554542E+002, 1.1301636E+002, 1.0569721E+002, 1.0581471E+002, 9.9782963E+001, 9.4705717E+001, 1.0188462E+002, 1.0540658E+002, 1.0500439E+002, 1.0951575E+002, 1.1500891E+002, 1.0886016E+002, 1.0138465E+002, 9.6346399E+001, 9.3945691E+001, 9.1543957E+001, 9.0519049E+001, 8.6779836E+001, 8.5733141E+001, 8.7929010E+001, 9.6402086E+001, 1.1792765E+002, 1.2786475E+002, 1.2765202E+002, 1.2363748E+002, 1.1592606E+002, 1.1196753E+002, 1.0828340E+002, 1.0654544E+002, 1.0571599E+002, 1.0877899E+002, 1.1954376E+002, 1.2993734E+002, 1.4002074E+002, 1.3897943E+002, 1.3285541E+002, 1.2591597E+002, 1.1269783E+002, 1.0654935E+002, 1.0569174E+002, 1.0929358E+002, 1.1687636E+002, 1.1972455E+002, 1.2640580E+002, 1.3601431E+002, 1.4996302E+002, 1.5560010E+002, 1.6044536E+002, 1.5878734E+002, 1.5520150E+002, 1.5539707E+002, 1.5744204E+002, 1.6017390E+002, 1.6463330E+002, 1.6240596E+002, 1.6224453E+002, 1.7266697E+002, 1.8701235E+002, 1.8560028E+002, 1.8032287E+002, 1.7978530E+002, 1.8594651E+002, 1.9284710E+002, 1.9395550E+002, 1.8975747E+002, 1.8263343E+002, 1.7868730E+002, 1.7601235E+002, 1.8051124E+002, 2.0210668E+002, 2.1295395E+002, 2.2961440E+002, 2.4946108E+002, 2.7149901E+002, 2.7081993E+002, 2.6533112E+002, 2.6405273E+002, 2.7071256E+002, 2.7979109E+002, 2.8717537E+002, 2.9130137E+002, 3.1681677E+002, 3.1815221E+002, 3.1859310E+002, 3.0872990E+002, 2.9880868E+002, 2.7978994E+002, 2.7150133E+002, 2.7993620E+002
 1.1800541E+002, 9.9860235E+001, 1.0260997E+002, 1.0509937E+002, 1.0993899E+002, 1.0989658E+002, 1.0754265E+002, 1.0389585E+002, 1.0049952E+002, 9.3682813E+001, 8.1699493E+001, 9.0855301E+001, 9.5160549E+001, 9.8992230E+001, 9.6053049E+001, 8.8750906E+001, 8.6292733E+001, 8.6424074E+001, 8.6308568E+001, 8.5974786E+001, 8.4787139E+001, 8.2729244E+001, 8.3638105E+001, 1.0030073E+002, 1.1459203E+002, 1.2716985E+002, 1.2649569E+002, 1.2168203E+002, 1.1849058E+002, 1.1719683E+002, 1.1799044E+002, 1.1980393E+002, 1.2122767E+002, 1.2375360E+002, 1.2555528E+002, 1.2801017E+002, 1.2893199E+002, 1.2773700E+002, 1.2494872E+002, 1.2006229E+002, 1.1676627E+002, 1.1298280E+002, 1.1213272E+002, 1.1297776E+002, 1.1421838E+002, 1.1629108E+002, 1.1751781E+002, 1.2085054E+002, 1.2535405E+002, 1.3588324E+002, 1.4428670E+002, 1.5140034E+002, 1.4776677E+002, 1.3846808E+002, 1.3695805E+002, 1.4056071E+002, 1.4602838E+002, 1.5774690E+002, 1.6663215E+002, 1.7827256E+002, 1.8112031E+002, 1.7628635E+002, 1.7196389E+002, 1.7271213E+002, 1.7804177E+002, 1.8528318E+002, 1.8457676E+002, 1.8028743E+002, 1.8014533E+002, 1.8435417E+002, 1.8915186E+002, 1.9577162E+002, 1.9811365E+002, 2.0000756E+002, 2.1042096E+002, 2.3474122E+002, 2.4514338E+002, 2.3981059E+002, 2.3896517E+002, 2.4347180E+002, 2.4881628E+002, 2.5934811E+002, 2.6499232E+002, 2.7275281E+002, 2.7847485E+002, 2.8092882E+002, 2.8008895E+002, 2.7074034E+002, 2.6211326E+002, 2.5341236E+002, 2.4848692E+002, 2.5064047E+002, 2.6446609E+002, 2.6787193E+002, 2.5592969E+002, 2.4494257E+002, 2.4607719E+002, 2.4243725E+002, 2.1914646E+002, 2.4105334E+002, 2.5267181E+002, 2.5945315E+002, 2.6230787E+002, 2.6068555E+002, 2.5586274E+002, 2.5859481E+002, 2.6773107E+002, 2.5301150E+002, 2.4458959E+002, 2.4903445E+002, 2.4135250E+002, 2.0719200E+002, 2.2553466E+002, 2.1775744E+002, 2.3053465E+002, 2.3878710E+002, 2.3735449E+002, 2.2721087E+002, 2.2577633E+002, 2.1929086E+002, 2.1306773E+002, 1.9959712E+002, 1.8993482E+002, 1.9410513E+002, 2.1556567E+002, 2.4055781E+002, 2.4781573E+002, 2.4474927E+002, 2.4064684E+002, 2.2673492E+002, 2.1580564E+002, 1.8127745E+002, 1.6371940E+002, 1.6174449E+002, 1.6967189E+002, 1.8232692E+002, 1.8489790E+002, 1.8650566E+002, 1.8697964E+002, 1.8724478E+002, 1.8737477E+002, 1.8661311E+002, 1.8475074E+002, 1.8420857E+002, 1.8056768E+002, 1.6095269E+002, 1.5993987E+002, 1.7177100E+002, 1.7407276E+002, 1.7781900E+002, 1.7901558E+002, 1.7947478E+002, 1.7918358E+002, 1.7771323E+002, 1.7615422E+002, 1.7562826E+002, 1.7540909E+002, 1.7289771E+002, 1.6927554E+002, 1.6201242E+002, 1.6069201E+002, 1.0324508E+002, 1.0870722E+002, 1.1238129E+002, 1.1399715E+002, 1.1349861E+002, 1.1087359E+002, 1.0546677E+002, 1.0412891E+002, 9.4335114E+001, 9.4401202E+001, 1.0165280E+002, 1.0720748E+002, 1.1197088E+002, 1.0692766E+002, 9.7343461E+001, 9.4683210E+001, 9.6002390E+001, 9.5542092E+001, 9.4620110E+001, 9.2274605E+001, 8.6332244E+001, 8.5308291E+001, 9.8269445E+001, 1.1157300E+002, 1.2515602E+002, 1.2602016E+002, 1.2187198E+002, 1.1816589E+002, 1.1491278E+002, 1.1399104E+002, 1.1249811E+002, 1.1108735E+002, 1.0991973E+002, 1.1042193E+002, 1.1463530E+002, 1.2099327E+002, 1.3153561E+002, 1.3132908E+002, 1.2267619E+002, 1.1562696E+002, 1.0372779E+002, 9.8691834E+001, 9.7661881E+001, 1.0096090E+002, 1.1038669E+002, 1.1646770E+002, 1.2583724E+002, 1.3554175E+002, 1.4909146E+002, 1.5496290E+002, 1.5729249E+002, 1.5474633E+002, 1.5225772E+002, 1.5209603E+002, 1.5370624E+002, 1.5720033E+002, 1.6214822E+002, 1.6380674E+002, 1.7018015E+002, 1.7586196E+002, 1.7650227E+002, 1.7472693E+002, 1.7583455E+002, 1.7929950E+002, 1.8797671E+002, 1.9011247E+002, 1.8581415E+002, 1.8289162E+002, 1.8096768E+002, 1.8037249E+002, 1.8130279E+002, 1.8611765E+002, 2.0396985E+002, 2.2107195E+002, 2.4811769E+002, 2.6105209E+002, 2.5940585E+002, 2.5982514E+002, 2.6475047E+002, 2.6917623E+002, 2.7608140E+002, 2.7554584E+002, 2.6867862E+002, 2.6461278E+002, 2.6451394E+002, 2.5387165E+002, 2.4293724E+002, 2.4673119E+002, 2.5520958E+002, 2.6503665E+002, 2.7595543E+002, 2.7426619E+002, 2.7608597E+002, 2.6624557E+002
 1.1900149E+002, 1.0059099E+002, 1.0447621E+002, 1.1028792E+002, 1.0968743E+002, 1.0766826E+002, 1.0655041E+002, 1.0244554E+002, 9.9689609E+001, 7.7046927E+001, 9.0074076E+001, 9.4934121E+001, 8.9640284E+001, 8.4457690E+001, 8.5681349E+001, 8.8035049E+001, 8.8041021E+001, 8.6898785E+001, 8.5464291E+001, 8.1826773E+001, 8.6729417E+001, 1.0956476E+002, 1.2205590E+002, 1.2398306E+002, 1.2135188E+002, 1.1672594E+002, 1.1503050E+002, 1.1531475E+002, 1.1628784E+002, 1.1809154E+002, 1.1962460E+002, 1.2212214E+002, 1.2347634E+002, 1.2448350E+002, 1.2415170E+002, 1.2184269E+002, 1.1912531E+002, 1.1446010E+002, 1.1158997E+002, 1.0813206E+002, 1.0729125E+002, 1.0847663E+002, 1.1022800E+002, 1.1309570E+002, 1.1461467E+002, 1.1841223E+002, 1.2277496E+002, 1.3160034E+002, 1.4055897E+002, 1.4933016E+002, 1.4693582E+002, 1.3667969E+002, 1.3438647E+002, 1.3752307E+002, 1.4498734E+002, 1.6382043E+002, 1.7167311E+002, 1.7622755E+002, 1.7397955E+002, 1.6802294E+002, 1.6662583E+002, 1.7178564E+002, 1.7765433E+002, 1.8340077E+002, 1.8173125E+002, 1.7405872E+002, 1.7618500E+002, 1.8345545E+002, 1.8789606E+002, 1.9077097E+002, 1.9316613E+002, 2.0887021E+002, 2.2496074E+002, 2.4153921E+002, 2.3769954E+002, 2.2960714E+002, 2.3587861E+002, 2.4860417E+002, 2.5367772E+002, 2.6016135E+002, 2.6436465E+002, 2.6591308E+002, 2.6252199E+002, 2.5388311E+002, 2.4803750E+002, 2.4797009E+002, 2.5013092E+002, 2.4608151E+002, 2.4138479E+002, 2.4057082E+002, 2.4992675E+002, 2.5634183E+002, 2.6039499E+002, 2.4764725E+002, 2.3576186E+002, 2.5625320E+002, 2.3223103E+002, 1.8320840E+002, 2.5002358E+002, 2.5008774E+002, 2.5066257E+002, 2.5514117E+002, 2.6063148E+002, 2.6221189E+002, 2.4986026E+002, 2.5819018E+002, 2.4657671E+002, 2.3809405E+002, 2.4190812E+002, 2.3969466E+002, 2.3498111E+002, 2.3250646E+002, 2.1508197E+002, 2.1238040E+002, 2.1012319E+002, 2.3751330E+002, 2.3877027E+002, 2.3668483E+002, 2.3404463E+002, 2.3058728E+002, 2.2857888E+002, 2.2472455E+002, 2.1995945E+002, 2.0970344E+002, 1.9936812E+002, 1.9228666E+002, 2.1350826E+002, 2.3800741E+002, 2.3833441E+002, 2.3383456E+002, 2.3004164E+002, 2.2367918E+002, 2.1800884E+002, 1.9297424E+002, 1.6794619E+002, 1.6011153E+002, 1.7947637E+002, 1.8340151E+002, 1.8425688E+002, 1.8463371E+002, 1.8450180E+002, 1.8390892E+002, 1.8339566E+002, 1.8245745E+002, 1.8208124E+002, 1.8120520E+002, 1.7597527E+002, 1.5634514E+002, 1.6845410E+002, 1.7570295E+002, 1.7726975E+002, 1.7811954E+002, 1.7826963E+002, 1.7781803E+002, 1.7708615E+002, 1.7489443E+002, 1.7310562E+002, 1.7158323E+002, 1.7167755E+002, 1.7076988E+002, 1.6710431E+002, 1.0795380E+002, 1.1186782E+002, 1.1176677E+002, 1.1098775E+002, 1.0880998E+002, 1.0675313E+002, 1.0073155E+002, 9.7808032E+001, 8.9052912E+001, 1.0391166E+002, 1.0525923E+002, 9.6972375E+001, 9.1945597E+001, 9.4331859E+001, 9.9278238E+001, 9.9669489E+001, 9.6793725E+001, 9.5240192E+001, 8.6221346E+001, 8.6485165E+001, 1.0573153E+002, 1.1954331E+002, 1.2312275E+002, 1.2078562E+002, 1.1749835E+002, 1.1568021E+002, 1.1481860E+002, 1.1474269E+002, 1.1463041E+002, 1.1503370E+002, 1.1596825E+002, 1.1617860E+002, 1.1583215E+002, 1.1623434E+002, 1.1859345E+002, 1.1847116E+002, 1.1164420E+002, 1.0676050E+002, 1.0006830E+002, 9.5231808E+001, 9.3213187E+001, 9.4149726E+001, 1.0241500E+002, 1.0957458E+002, 1.2069469E+002, 1.3067880E+002, 1.4539926E+002, 1.5217137E+002, 1.5550892E+002, 1.5265790E+002, 1.4989401E+002, 1.4933341E+002, 1.4935016E+002, 1.5419195E+002, 1.6338897E+002, 1.6743664E+002, 1.7131033E+002, 1.7052711E+002, 1.6700100E+002, 1.6756024E+002, 1.7154229E+002, 1.7621884E+002, 1.8580095E+002, 1.8707949E+002, 1.8033753E+002, 1.8010818E+002, 1.8330124E+002, 1.8490510E+002, 1.8505111E+002, 1.8840496E+002, 2.1109235E+002, 2.3371678E+002, 2.5442586E+002, 2.5464947E+002, 2.4994256E+002, 2.5604823E+002, 2.6828896E+002, 2.7074306E+002, 2.6933654E+002, 2.6716728E+002, 2.5940363E+002, 2.4986072E+002, 2.2635022E+002, 2.0303387E+002, 1.7525205E+002, 1.8559244E+002, 2.1216480E+002, 2.3590907E+002, 2.6287044E+002, 2.7767553E+002, 2.5839578E+002, 2.4675045E+002, 2.6779844E+002, 2.7266114E+002
 1.2000822E+002, 9.8423401E+001, 1.0539460E+002, 1.0768715E+002, 1.0706337E+002, 1.0595059E+002, 1.0381966E+002, 1.0075642E+002, 9.9522708E+001, 8.0355022E+001, 9.0551848E+001, 8.1110321E+001, 8.3615349E+001, 8.8504166E+001, 8.9840310E+001, 8.8705867E+001, 8.7219389E+001, 8.3279445E+001, 9.0480565E+001, 1.1259196E+002, 1.2147806E+002, 1.1985134E+002, 1.1684474E+002, 1.1371247E+002, 1.1303887E+002, 1.1363249E+002, 1.1461066E+002, 1.1655423E+002, 1.1814037E+002, 1.2023438E+002, 1.2086175E+002, 1.1987493E+002, 1.1804048E+002, 1.1415102E+002, 1.1132700E+002, 1.0741964E+002, 1.0551011E+002, 1.0360363E+002, 1.0285302E+002, 1.0361482E+002, 1.0549812E+002, 1.0902572E+002, 1.1105014E+002, 1.1465075E+002, 1.1866709E+002, 1.2678262E+002, 1.3442827E+002, 1.4556433E+002, 1.4643119E+002, 1.3812523E+002, 1.3312069E+002, 1.3377238E+002, 1.4095363E+002, 1.6225349E+002, 1.7030331E+002, 1.7024946E+002, 1.6713982E+002, 1.6277763E+002, 1.6323192E+002, 1.6907502E+002, 1.7426663E+002, 1.7938350E+002, 1.8015635E+002, 1.7208332E+002, 1.7045926E+002, 1.7944299E+002, 1.8276633E+002, 1.9055438E+002, 2.0207046E+002, 2.2321898E+002, 2.3310480E+002, 2.3325347E+002, 2.2969228E+002, 2.2852256E+002, 2.3315965E+002, 2.4605999E+002, 2.5061573E+002, 2.5459318E+002, 2.5372129E+002, 2.4662804E+002, 2.3882890E+002, 2.2703068E+002, 2.2033699E+002, 2.1649333E+002, 2.1970664E+002, 2.3145831E+002, 2.3321085E+002, 2.3085955E+002, 2.3793441E+002, 2.4663405E+002, 2.4118390E+002, 2.5278106E+002, 2.4739002E+002, 2.1971979E+002, 2.4782914E+002, 2.5595928E+002, 2.2049616E+002, 2.4041673E+002, 2.5544700E+002, 2.6562700E+002, 2.7467377E+002, 2.7810024E+002, 2.6854845E+002, 2.4189270E+002, 2.4531786E+002, 2.6111947E+002, 2.7875710E+002, 2.9179618E+002, 2.8751428E+002, 2.7324799E+002, 2.6696955E+002, 2.6243472E+002, 2.5352037E+002, 2.3023159E+002, 2.1047519E+002, 2.0337952E+002, 2.2594614E+002, 2.3654958E+002, 2.3279510E+002, 2.2989383E+002, 2.2830305E+002, 2.2474011E+002, 2.2260791E+002, 2.1463648E+002, 2.1449629E+002, 2.1280240E+002, 2.0718502E+002, 2.0501779E+002, 2.1505760E+002, 2.2277155E+002, 2.1639725E+002, 2.1518459E+002, 2.1546290E+002, 2.1628949E+002, 2.1688214E+002, 1.9666695E+002, 1.7171921E+002, 1.7196359E+002, 1.7849590E+002, 1.8401438E+002, 1.8632511E+002, 1.8897591E+002, 1.9027893E+002, 1.8913772E+002, 1.8763000E+002, 1.8241525E+002, 1.7943879E+002, 1.7612019E+002, 1.6580758E+002, 1.6830919E+002, 1.7179040E+002, 1.7514061E+002, 1.7651908E+002, 1.7693928E+002, 1.7674583E+002, 1.7627504E+002, 1.7582333E+002, 1.7404940E+002, 1.7196561E+002, 1.6880769E+002, 1.6724435E+002, 7.1063891E+001, 1.1103123E+002, 1.0852526E+002, 1.0839957E+002, 1.0482294E+002, 9.9456802E+001, 9.8142750E+001, 9.2430843E+001, 9.8783957E+001, 9.7701681E+001, 8.7787857E+001, 9.2936484E+001, 9.9217422E+001, 1.0146844E+002, 1.0021510E+002, 9.8434018E+001, 8.8847842E+001, 8.9419534E+001, 1.0856331E+002, 1.2007231E+002, 1.1988707E+002, 1.1689753E+002, 1.1445264E+002, 1.1436219E+002, 1.1443183E+002, 1.1448367E+002, 1.1517162E+002, 1.1614988E+002, 1.1793563E+002, 1.1842135E+002, 1.1742069E+002, 1.1567090E+002, 1.1101752E+002, 1.0629302E+002, 9.9257294E+001, 9.5987152E+001, 9.4202407E+001, 9.3136219E+001, 9.0473408E+001, 9.0269912E+001, 9.4979687E+001, 1.0084305E+002, 1.1214172E+002, 1.2118238E+002, 1.3760971E+002, 1.4672129E+002, 1.5318190E+002, 1.5208041E+002, 1.4808023E+002, 1.4749464E+002, 1.4634991E+002, 1.5032145E+002, 1.6441015E+002, 1.6947289E+002, 1.6985676E+002, 1.6651182E+002, 1.6138111E+002, 1.6171330E+002, 1.6687134E+002, 1.7024310E+002, 1.7554393E+002, 1.8185477E+002, 1.7831499E+002, 1.7726705E+002, 1.8328552E+002, 1.8543449E+002, 1.8982887E+002, 1.9921582E+002, 2.2220264E+002, 2.3846169E+002, 2.4659332E+002, 2.4428835E+002, 2.4828304E+002, 2.5480503E+002, 2.6442567E+002, 2.6494637E+002, 2.6381459E+002, 2.6318985E+002, 2.6041367E+002, 2.5102026E+002, 2.2891151E+002, 2.1234286E+002, 1.8085910E+002, 1.5904527E+002, 1.5710480E+002, 1.7085448E+002, 2.2684088E+002, 2.5865235E+002, 2.6772933E+002, 2.5110309E+002, 2.4897483E+002, 2.7956369E+002, 2.6592328E+002, 2.3947275E+002
 1.2101309E+002, 8.4783827E+001, 1.0435502E+002, 1.0517523E+002, 1.0466733E+002, 1.0186397E+002, 9.9038889E+001, 9.8362505E+001, 9.5234155E+001, 8.5669224E+001, 7.7643751E+001, 8.6565228E+001, 8.9369959E+001, 9.0324517E+001, 8.8777122E+001, 8.7038428E+001, 9.6913501E+001, 1.1627050E+002, 1.1909913E+002, 1.1565808E+002, 1.1304160E+002, 1.1141121E+002, 1.1154684E+002, 1.1241584E+002, 1.1342012E+002, 1.1549656E+002, 1.1696818E+002, 1.1829098E+002, 1.1795820E+002, 1.1527682E+002, 1.1216132E+002, 1.0646993E+002, 1.0300497E+002, 9.9737544E+001, 9.8569137E+001, 9.8018232E+001, 9.8026765E+001, 9.8980325E+001, 1.0058079E+002, 1.0427039E+002, 1.0706625E+002, 1.1121214E+002, 1.1497005E+002, 1.2315126E+002, 1.3119644E+002, 1.4259519E+002, 1.4489657E+002, 1.3887883E+002, 1.3262417E+002, 1.3091396E+002, 1.3862189E+002, 1.5947551E+002, 1.6634337E+002, 1.6416112E+002, 1.6082469E+002, 1.5890468E+002, 1.6098508E+002, 1.6711130E+002, 1.7106372E+002, 1.7460178E+002, 1.7561036E+002, 1.7213369E+002, 1.6635704E+002, 1.7391743E+002, 1.7990194E+002, 2.0091684E+002, 2.1634893E+002, 2.2805339E+002, 2.2696474E+002, 2.2439153E+002, 2.2572930E+002, 2.3156655E+002, 2.3591204E+002, 2.4032723E+002, 2.4174595E+002, 2.4089311E+002, 2.3860340E+002, 2.3150447E+002, 2.2503332E+002, 2.1477478E+002, 2.0841910E+002, 2.0240222E+002, 2.0234658E+002, 2.0799223E+002, 2.1597551E+002, 2.2320795E+002, 2.2996907E+002, 2.4266980E+002, 2.3755402E+002, 2.3285188E+002, 2.5135099E+002, 2.5266287E+002, 2.4227201E+002, 2.2791158E+002, 2.4759857E+002, 2.3403531E+002, 2.3245964E+002, 2.7166765E+002, 2.7462414E+002, 2.6924032E+002, 2.6107549E+002, 2.4664582E+002, 2.3547479E+002, 2.5346748E+002, 2.5975225E+002, 2.5210736E+002, 2.4497690E+002, 2.3368252E+002, 2.2622623E+002, 2.2179039E+002, 2.2163029E+002, 2.2269523E+002, 2.2562232E+002, 2.3872429E+002, 2.4070313E+002, 2.2127480E+002, 1.9986463E+002, 2.0700236E+002, 2.2272560E+002, 2.2645864E+002, 2.2687543E+002, 2.3071678E+002, 2.2699984E+002, 2.1706812E+002, 2.0953003E+002, 2.0857712E+002, 2.0292425E+002, 2.0179829E+002, 2.0274402E+002, 2.0212979E+002, 1.9912279E+002, 2.1086502E+002, 2.1826565E+002, 2.1493311E+002, 2.1439668E+002, 2.1236481E+002, 2.1074065E+002, 1.8484481E+002, 1.6341598E+002, 1.8841570E+002, 1.9356488E+002, 1.9771746E+002, 2.0011779E+002, 2.0304068E+002, 2.0420800E+002, 2.0271044E+002, 1.9920996E+002, 1.9027234E+002, 1.8223718E+002, 1.6469272E+002, 1.5876320E+002, 1.7145481E+002, 1.7485520E+002, 1.7640993E+002, 1.7658511E+002, 1.7705754E+002, 1.7677778E+002, 1.7522807E+002, 1.7418903E+002, 1.7244713E+002, 1.7026156E+002, 3.5379030E+001, 1.0856079E+002, 1.0715161E+002, 1.0429340E+002, 9.7772685E+001, 9.5882101E+001, 9.3650832E+001, 9.3884747E+001, 9.3124087E+001, 8.5110687E+001, 9.6375453E+001, 9.8761059E+001, 9.9758630E+001, 9.8679632E+001, 9.1476052E+001, 9.5424247E+001, 1.1325448E+002, 1.1885211E+002, 1.1658780E+002, 1.1420189E+002, 1.1285695E+002, 1.1322908E+002, 1.1386464E+002, 1.1418137E+002, 1.1540078E+002, 1.1654235E+002, 1.1763192E+002, 1.1749460E+002, 1.1549162E+002, 1.1254828E+002, 1.0574482E+002, 1.0005633E+002, 9.2713521E+001, 9.0388380E+001, 8.9207394E+001, 8.8557045E+001, 8.7619906E+001, 8.7737128E+001, 8.9436943E+001, 9.3663096E+001, 1.0456959E+002, 1.1373954E+002, 1.2944330E+002, 1.4004075E+002, 1.4993718E+002, 1.5041992E+002, 1.4651083E+002, 1.4535127E+002, 1.4411355E+002, 1.4812209E+002, 1.6429652E+002, 1.6964021E+002, 1.6747344E+002, 1.6331747E+002, 1.5831876E+002, 1.5793445E+002, 1.6151944E+002, 1.6457071E+002, 1.6600978E+002, 1.6724836E+002, 1.7595476E+002, 1.7478521E+002, 1.8120389E+002, 1.8527003E+002, 2.0167897E+002, 2.1718354E+002, 2.3445121E+002, 2.3721677E+002, 2.3326271E+002, 2.3310185E+002, 2.4608418E+002, 2.5477889E+002, 2.5726573E+002, 2.5656602E+002, 2.5722498E+002, 2.5842478E+002, 2.5738483E+002, 2.4953631E+002, 2.3409756E+002, 2.2270878E+002, 1.9584476E+002, 1.7958959E+002, 1.5500016E+002, 1.4286622E+002, 1.7547726E+002, 1.9826861E+002, 2.4743008E+002, 2.4501710E+002, 2.5657900E+002, 2.5407251E+002, 2.5240832E+002, 2.5710330E+002, 2.5474096E+002, 2.4892054E+002
 1.2201064E+002, 9.4519232E+001, 1.0434141E+002, 1.0311115E+002, 1.0299379E+002, 9.7859327E+001, 9.6424661E+001, 9.5846841E+001, 8.6033701E+001, 7.5637848E+001, 8.2938945E+001, 8.9202744E+001, 8.8955806E+001, 9.2566780E+001, 1.0189635E+002, 1.1615680E+002, 1.1603362E+002, 1.1223982E+002, 1.1026940E+002, 1.0978978E+002, 1.1032167E+002, 1.1157147E+002, 1.1266877E+002, 1.1458113E+002, 1.1566386E+002, 1.1592059E+002, 1.1472443E+002, 1.1098923E+002, 1.0749234E+002, 1.0134558E+002, 9.7774569E+001, 9.4949534E+001, 9.4294920E+001, 9.3803632E+001, 9.3796075E+001, 9.4769612E+001, 9.6243072E+001, 9.9743578E+001, 1.0274733E+002, 1.0775412E+002, 1.1158973E+002, 1.1965443E+002, 1.2789406E+002, 1.4005584E+002, 1.4336991E+002, 1.3981681E+002, 1.3333240E+002, 1.2793689E+002, 1.3518879E+002, 1.5540776E+002, 1.6120835E+002, 1.5872393E+002, 1.5610036E+002, 1.5660713E+002, 1.5951884E+002, 1.6466854E+002, 1.6733315E+002, 1.6937592E+002, 1.6988736E+002, 1.6971399E+002, 1.6587202E+002, 1.6594807E+002, 1.7788412E+002, 2.0487101E+002, 2.1878847E+002, 2.1853488E+002, 2.1799742E+002, 2.2226343E+002, 2.2720396E+002, 2.3381863E+002, 2.3543233E+002, 2.3293925E+002, 2.3015825E+002, 2.2894078E+002, 2.2864323E+002, 2.2362915E+002, 2.1771485E+002, 2.1048012E+002, 2.0449695E+002, 1.9699424E+002, 1.9370659E+002, 1.9515399E+002, 1.9970439E+002, 2.0902299E+002, 2.1663145E+002, 2.3276052E+002, 2.3666862E+002, 2.2475161E+002, 2.2781683E+002, 2.4204359E+002, 2.4561453E+002, 2.4906790E+002, 2.0676727E+002, 2.2847522E+002, 2.2470873E+002, 2.5979892E+002, 2.7590722E+002, 2.6188092E+002, 2.5438772E+002, 2.4932592E+002, 2.3628269E+002, 2.3637023E+002, 2.3918947E+002, 2.3169151E+002, 2.2379280E+002, 2.1849303E+002, 2.1631178E+002, 2.1583528E+002, 2.1605051E+002, 2.1407456E+002, 2.1530847E+002, 2.1946191E+002, 2.2208261E+002, 2.2720355E+002, 2.3230310E+002, 2.3858278E+002, 2.4086734E+002, 2.4000643E+002, 2.2884516E+002, 2.1983564E+002, 2.1412820E+002, 2.1959761E+002, 2.2529117E+002, 2.2572548E+002, 2.2194997E+002, 2.0670907E+002, 2.0187666E+002, 1.9361331E+002, 1.9504683E+002, 1.9871365E+002, 1.9978780E+002, 1.9462957E+002, 1.9873297E+002, 2.0673596E+002, 2.1305944E+002, 2.1395104E+002, 2.1550956E+002, 2.1338021E+002, 2.0609574E+002, 1.7709811E+002, 1.8554533E+002, 1.9843028E+002, 1.9857947E+002, 1.9868747E+002, 1.9906350E+002, 2.0015157E+002, 2.0147365E+002, 2.0411724E+002, 2.0393768E+002, 2.0004557E+002, 1.8436457E+002, 1.5828729E+002, 1.6587512E+002, 1.7324452E+002, 1.7425440E+002, 1.7472311E+002, 1.7466039E+002, 1.7413571E+002, 1.7310789E+002, 1.7144135E+002, 1.7089965E+002, 5.7458983E+001, 1.0589739E+002, 1.0623304E+002, 1.0157969E+002, 9.5379006E+001, 9.3823842E+001, 9.5964028E+001, 9.4579854E+001, 8.3849219E+001, 9.3785721E+001, 9.7874994E+001, 9.6521316E+001, 9.4613167E+001, 1.0009292E+002, 1.1368298E+002, 1.1580397E+002, 1.1387472E+002, 1.1236590E+002, 1.1200169E+002, 1.1250884E+002, 1.1330698E+002, 1.1386810E+002, 1.1530171E+002, 1.1625340E+002, 1.1652599E+002, 1.1556508E+002, 1.1229728E+002, 1.0886722E+002, 1.0197502E+002, 9.7259812E+001, 9.2096901E+001, 9.0007007E+001, 8.8187883E+001, 8.7517797E+001, 8.6699765E+001, 8.6216859E+001, 8.6347115E+001, 8.8469662E+001, 9.6553759E+001, 1.0615321E+002, 1.2206716E+002, 1.3288988E+002, 1.4391045E+002, 1.4700605E+002, 1.4541651E+002, 1.4338383E+002, 1.4206652E+002, 1.4525281E+002, 1.6179858E+002, 1.6735790E+002, 1.6440227E+002, 1.6041508E+002, 1.5681200E+002, 1.5596602E+002, 1.5593458E+002, 1.5748153E+002, 1.5925499E+002, 1.5744076E+002, 1.6165703E+002, 1.7149704E+002, 1.7751825E+002, 1.8718115E+002, 2.1132173E+002, 2.2593594E+002, 2.2983780E+002, 2.2730632E+002, 2.2369310E+002, 2.2463327E+002, 2.3902392E+002, 2.4924932E+002, 2.4974949E+002, 2.4794811E+002, 2.5012871E+002, 2.5330875E+002, 2.5207573E+002, 2.4417884E+002, 2.2758967E+002, 2.2042473E+002, 2.0684202E+002, 1.9141604E+002, 1.6935731E+002, 1.6057984E+002, 1.4953068E+002, 1.5596344E+002, 2.1555557E+002, 2.0557180E+002, 2.4469010E+002, 2.5729391E+002, 2.3417546E+002, 2.1611637E+002, 2.4055368E+002, 2.5292912E+002, 2.4283080E+002, 2.6127872E+002
 1.2300071E+002, 1.0070812E+002, 1.0475810E+002, 1.0209805E+002, 1.0153782E+002, 9.5152809E+001, 9.4413900E+001, 9.4021748E+001, 7.2300119E+001, 8.0879559E+001, 8.6853658E+001, 9.8201927E+001, 1.0803309E+002, 1.1351650E+002, 1.1224684E+002, 1.0963150E+002, 1.0832378E+002, 1.0827005E+002, 1.0911489E+002, 1.1089398E+002, 1.1226858E+002, 1.1387237E+002, 1.1415509E+002, 1.1282128E+002, 1.1081217E+002, 1.0648272E+002, 1.0298908E+002, 9.7332374E+001, 9.4259074E+001, 9.2045080E+001, 9.1468808E+001, 9.1187641E+001, 9.1440546E+001, 9.2330688E+001, 9.3432415E+001, 9.6365589E+001, 9.9389112E+001, 1.0514321E+002, 1.0959870E+002, 1.1867560E+002, 1.2742197E+002, 1.3837428E+002, 1.4089333E+002, 1.3929882E+002, 1.3381603E+002, 1.2572229E+002, 1.3359137E+002, 1.5303492E+002, 1.5618332E+002, 1.5373465E+002, 1.5260304E+002, 1.5534275E+002, 1.5850994E+002, 1.6168962E+002, 1.6293812E+002, 1.6381004E+002, 1.6371193E+002, 1.6386786E+002, 1.6405907E+002, 1.5767155E+002, 1.7334773E+002, 2.0362306E+002, 2.1148256E+002, 2.1158451E+002, 2.1597942E+002, 2.2422577E+002, 2.2758951E+002, 2.2947745E+002, 2.2820897E+002, 2.2362134E+002, 2.2203101E+002, 2.2245338E+002, 2.2107011E+002, 2.1496201E+002, 2.1020177E+002, 2.0457090E+002, 2.0010797E+002, 1.9264767E+002, 1.8911169E+002, 1.8713018E+002, 1.8951586E+002, 1.9580033E+002, 2.0340537E+002, 2.2168690E+002, 2.2480870E+002, 2.2033451E+002, 2.2607643E+002, 2.2564642E+002, 2.3224581E+002, 2.3843153E+002, 2.4535614E+002, 2.3806176E+002, 2.0470392E+002, 2.3748268E+002, 2.6949763E+002, 2.6281839E+002, 2.4704724E+002, 2.4923172E+002, 2.2633592E+002, 2.4147589E+002, 2.3882325E+002, 2.2420699E+002, 2.1663868E+002, 2.1194057E+002, 2.1040283E+002, 2.1178884E+002, 2.1572344E+002, 2.1816585E+002, 2.1253091E+002, 2.1639094E+002, 2.2042230E+002, 2.2457597E+002, 2.2313614E+002, 2.1999761E+002, 2.1704912E+002, 2.1504427E+002, 2.1822167E+002, 2.3068198E+002, 2.3987838E+002, 2.4238348E+002, 2.4374591E+002, 2.3472007E+002, 2.2819608E+002, 2.2138579E+002, 2.1541752E+002, 2.1656326E+002, 2.0994680E+002, 1.9637468E+002, 1.8861475E+002, 1.9140878E+002, 1.9610571E+002, 1.9625054E+002, 1.9763436E+002, 1.9347536E+002, 1.9316394E+002, 2.0281490E+002, 2.0871069E+002, 2.1250958E+002, 2.1252887E+002, 2.1019591E+002, 1.9668511E+002, 1.7988134E+002, 1.8714750E+002, 1.9085847E+002, 1.9025353E+002, 1.9019308E+002, 1.9040384E+002, 1.9175911E+002, 1.9307218E+002, 1.9766946E+002, 1.9981486E+002, 1.9791473E+002, 1.7810524E+002, 1.6136365E+002, 1.6714848E+002, 1.7085731E+002, 1.7154451E+002, 1.7280206E+002, 1.7302487E+002, 1.7343503E+002, 1.7154059E+002, 8.9880398E+001, 1.0528766E+002, 1.0446022E+002, 1.0100028E+002, 9.4973304E+001, 9.6822513E+001, 9.3316178E+001, 8.2569677E+001, 9.1748710E+001, 9.2712767E+001, 9.8440233E+001, 1.0596253E+002, 1.1034265E+002, 1.0947588E+002, 1.1116446E+002, 1.1114683E+002, 1.1129048E+002, 1.1192121E+002, 1.1297227E+002, 1.1383117E+002, 1.1503339E+002, 1.1532849E+002, 1.1403954E+002, 1.1222402E+002, 1.0832631E+002, 1.0495886E+002, 9.8923663E+001, 9.4834026E+001, 9.1490514E+001, 9.0196452E+001, 8.8538799E+001, 8.7706684E+001, 8.7131935E+001, 8.6904942E+001, 8.6562485E+001, 8.6883629E+001, 9.2064553E+001, 1.0040275E+002, 1.1809886E+002, 1.2924615E+002, 1.3913331E+002, 1.4036799E+002, 1.4204607E+002, 1.4160771E+002, 1.3960149E+002, 1.4265716E+002, 1.5977502E+002, 1.6395018E+002, 1.6084043E+002, 1.5818419E+002, 1.5621279E+002, 1.5580571E+002, 1.5364575E+002, 1.5233541E+002, 1.5142872E+002, 1.5034083E+002, 1.4751605E+002, 1.5947595E+002, 1.7426132E+002, 1.9076818E+002, 2.1715511E+002, 2.2371251E+002, 2.2190627E+002, 2.2167154E+002, 2.2196646E+002, 2.2148198E+002, 2.2760904E+002, 2.3582417E+002, 2.4095331E+002, 2.4167699E+002, 2.4578538E+002, 2.4800763E+002, 2.4442931E+002, 2.3690956E+002, 2.2183308E+002, 2.1004991E+002, 2.0031357E+002, 1.8717284E+002, 1.7627696E+002, 1.6840093E+002, 1.5846357E+002, 1.5976827E+002, 1.7166340E+002, 2.0906567E+002, 2.0703687E+002, 2.3243363E+002, 2.3914844E+002, 2.1939995E+002, 2.0130606E+002, 2.2277966E+002, 2.5186606E+002, 2.4140537E+002, 2.6676141E+002, 2.8321347E+002
 1.2401508E+002, 8.3719929E+001, 1.0313145E+002, 1.0203178E+002, 1.0035298E+002, 9.2601648E+001, 9.3110700E+001, 8.0300796E+001, 7.3702247E+001, 9.8171542E+001, 1.0750720E+002, 1.0969976E+002, 1.0848964E+002, 1.0757174E+002, 1.0727321E+002, 1.0710613E+002, 1.0785169E+002, 1.0986709E+002, 1.1127431E+002, 1.1218273E+002, 1.1137642E+002, 1.0844982E+002, 1.0585924E+002, 1.0160155E+002, 9.8681349E+001, 9.4345992E+001, 9.2029892E+001, 9.0135594E+001, 8.9668383E+001, 8.9669869E+001, 9.0151244E+001, 9.1415875E+001, 9.2559287E+001, 9.4959548E+001, 9.7551874E+001, 1.0368395E+002, 1.0923708E+002, 1.1988176E+002, 1.2789086E+002, 1.3596983E+002, 1.3761239E+002, 1.3657806E+002, 1.3352636E+002, 1.2550614E+002, 1.3333018E+002, 1.4964059E+002, 1.5172306E+002, 1.5002285E+002, 1.5069922E+002, 1.5380055E+002, 1.5597294E+002, 1.5729461E+002, 1.5742775E+002, 1.5738109E+002, 1.5723561E+002, 1.5739804E+002, 1.5853275E+002, 1.5703564E+002, 1.6631636E+002, 1.9583031E+002, 2.0318417E+002, 2.0948841E+002, 2.1462741E+002, 2.1970752E+002, 2.2019878E+002, 2.1988009E+002, 2.1954008E+002, 2.1840187E+002, 2.1793231E+002, 2.1735265E+002, 2.1504179E+002, 2.0762889E+002, 2.0338655E+002, 1.9799289E+002, 1.9336273E+002, 1.8671066E+002, 1.8327866E+002, 1.8028057E+002, 1.8141787E+002, 1.8539212E+002, 1.9181709E+002, 2.0759838E+002, 2.1328759E+002, 2.1451598E+002, 2.1998334E+002, 2.2564309E+002, 2.2239384E+002, 2.2788589E+002, 2.3636134E+002, 2.3801810E+002, 2.3844446E+002, 2.2355290E+002, 2.4821972E+002, 2.5030590E+002, 2.4924361E+002, 2.5053106E+002, 2.4807169E+002, 2.1079798E+002, 2.1893810E+002, 2.1469150E+002, 2.1199869E+002, 2.1141597E+002, 2.1222511E+002, 2.1700785E+002, 2.1901928E+002, 2.1808738E+002, 2.1482255E+002, 2.1150383E+002, 2.1483126E+002, 2.1786203E+002, 2.1952585E+002, 2.0888956E+002, 1.9693557E+002, 1.8599710E+002, 1.8991160E+002, 1.9854223E+002, 2.0330551E+002, 2.0525379E+002, 2.0552941E+002, 2.1471991E+002, 2.2007510E+002, 2.2568866E+002, 2.2830289E+002, 2.3924342E+002, 2.4780204E+002, 2.4201984E+002, 2.3380908E+002, 2.1161748E+002, 1.9854822E+002, 1.8595960E+002, 1.8395584E+002, 1.9385393E+002, 1.9146508E+002, 1.9556132E+002, 1.9458288E+002, 1.9063248E+002, 1.8727090E+002, 2.0242655E+002, 2.0642095E+002, 2.0693694E+002, 2.0732843E+002, 2.0259804E+002, 1.8572619E+002, 1.7689180E+002, 1.8328453E+002, 1.8289977E+002, 1.8223525E+002, 1.8183072E+002, 1.8228730E+002, 1.8406817E+002, 1.8507737E+002, 1.8976126E+002, 1.9329711E+002, 1.8888981E+002, 1.7194999E+002, 1.5634257E+002, 1.6482231E+002, 1.7140745E+002, 1.7380432E+002, 1.7512034E+002, 1.7452385E+002, 6.0055151E+001, 1.0211554E+002, 1.0341189E+002, 9.9810143E+001, 9.3675910E+001, 8.8357833E+001, 8.1849606E+001, 8.1592775E+001, 9.8982348E+001, 1.0673370E+002, 1.0841118E+002, 1.0672991E+002, 1.0744281E+002, 1.0928433E+002, 1.1060063E+002, 1.1129731E+002, 1.1270093E+002, 1.1363668E+002, 1.1417565E+002, 1.1332953E+002, 1.1038217E+002, 1.0775288E+002, 1.0363779E+002, 1.0094447E+002, 9.6937988E+001, 9.4011467E+001, 9.0721392E+001, 8.9832349E+001, 8.8994307E+001, 8.8613412E+001, 8.7994205E+001, 8.7688884E+001, 8.7545491E+001, 8.7647513E+001, 9.0816970E+001, 9.7158538E+001, 1.1449481E+002, 1.2618873E+002, 1.3365054E+002, 1.3405030E+002, 1.3368202E+002, 1.3623949E+002, 1.3731691E+002, 1.4187697E+002, 1.5555063E+002, 1.5957966E+002, 1.5766003E+002, 1.5678909E+002, 1.5595760E+002, 1.5521698E+002, 1.5210217E+002, 1.4930442E+002, 1.4603611E+002, 1.4465338E+002, 1.4221175E+002, 1.4484316E+002, 1.7089585E+002, 1.9178729E+002, 2.1377430E+002, 2.1758676E+002, 2.1881683E+002, 2.2019967E+002, 2.2000214E+002, 2.1821149E+002, 2.1801712E+002, 2.2360274E+002, 2.3460496E+002, 2.3828297E+002, 2.4117820E+002, 2.4165656E+002, 2.3632817E+002, 2.2935014E+002, 2.2234331E+002, 2.0818174E+002, 1.8777362E+002, 1.7854479E+002, 1.5949599E+002, 1.5563010E+002, 1.6662932E+002, 1.6842823E+002, 1.7628405E+002, 1.7769165E+002, 2.0875206E+002, 2.1688970E+002, 2.3078188E+002, 2.2955803E+002, 2.1015020E+002, 2.0442519E+002, 2.3699570E+002, 2.5074424E+002, 2.3358805E+002, 2.6286969E+002, 2.7742617E+002, 2.7775317E+002
 1.2501058E+002, 4.0125264E+001, 9.4270229E+001, 1.0128336E+002, 9.9740440E+001, 9.1449327E+001, 8.7902194E+001, 9.0296374E+001, 1.0479455E+002, 1.0668456E+002, 1.0576580E+002, 1.0585834E+002, 1.0609174E+002, 1.0669771E+002, 1.0757884E+002, 1.0922696E+002, 1.1016196E+002, 1.0988675E+002, 1.0807350E+002, 1.0372199E+002, 1.0046205E+002, 9.6165094E+001, 9.3796634E+001, 9.0939238E+001, 8.9542261E+001, 8.8463926E+001, 8.8301447E+001, 8.8740662E+001, 8.9478003E+001, 9.1206490E+001, 9.2868525E+001, 9.6466353E+001, 9.9858167E+001, 1.0710020E+002, 1.1364396E+002, 1.2431048E+002, 1.2963495E+002, 1.3361816E+002, 1.3373618E+002, 1.3228616E+002, 1.3003064E+002, 1.2684568E+002, 1.3464215E+002, 1.4777886E+002, 1.4767871E+002, 1.4769624E+002, 1.4972234E+002, 1.5221306E+002, 1.5282245E+002, 1.5231974E+002, 1.5169484E+002, 1.5086733E+002, 1.5082911E+002, 1.5179295E+002, 1.5348467E+002, 1.5712439E+002, 1.6460481E+002, 1.9000975E+002, 1.9960366E+002, 2.0678432E+002, 2.1067192E+002, 2.1224569E+002, 2.1274514E+002, 2.1407115E+002, 2.1483138E+002, 2.1512632E+002, 2.1466739E+002, 2.1245990E+002, 2.0928981E+002, 2.0224335E+002, 1.9754814E+002, 1.9164822E+002, 1.8682280E+002, 1.7970157E+002, 1.7644157E+002, 1.7304974E+002, 1.7252985E+002, 1.7713575E+002, 1.8412874E+002, 1.9780243E+002, 2.0304503E+002, 2.0798619E+002, 2.1386190E+002, 2.1927292E+002, 2.1616875E+002, 2.1755978E+002, 2.2384743E+002, 2.3094263E+002, 2.3079562E+002, 2.3679356E+002, 2.4809468E+002, 2.3858638E+002, 2.3768025E+002, 2.3860774E+002, 2.4406179E+002, 2.4790922E+002, 1.9840988E+002, 2.0464085E+002, 2.1086694E+002, 2.2203220E+002, 2.3509471E+002, 2.3359746E+002, 2.3306220E+002, 2.2689204E+002, 2.1481188E+002, 2.1020544E+002, 2.1080877E+002, 2.1171559E+002, 2.1175484E+002, 2.0394609E+002, 1.9391836E+002, 1.7964922E+002, 1.7331479E+002, 1.7138879E+002, 1.7410980E+002, 1.8956202E+002, 1.9972399E+002, 2.0230962E+002, 2.0184698E+002, 1.9915059E+002, 1.9749989E+002, 2.0162697E+002, 2.0639912E+002, 2.1110642E+002, 2.1275175E+002, 2.1481115E+002, 2.2402187E+002, 2.4877708E+002, 2.5593441E+002, 2.3071964E+002, 2.0856580E+002, 1.8347472E+002, 1.8664649E+002, 1.9234675E+002, 1.9443634E+002, 1.9254926E+002, 1.9509115E+002, 1.8153383E+002, 1.9050615E+002, 1.9881665E+002, 2.0189018E+002, 2.0203297E+002, 2.0340646E+002, 1.9130954E+002, 1.7333313E+002, 1.7449863E+002, 1.7519414E+002, 1.7655299E+002, 1.7925102E+002, 1.8192543E+002, 1.8251615E+002, 1.8167480E+002, 1.8163883E+002, 1.8423212E+002, 1.8667082E+002, 1.8187650E+002, 1.6346722E+002, 1.6450059E+002, 1.7077562E+002, 1.7832982E+002, 1.8156996E+002, 3.0387411E+001, 7.3269085E+001, 1.0305760E+002, 9.9892112E+001, 8.8871343E+001, 8.3694641E+001, 9.0614778E+001, 1.0469578E+002, 1.0717906E+002, 1.0608644E+002, 1.0672496E+002, 1.0789209E+002, 1.0979820E+002, 1.1085293E+002, 1.1250095E+002, 1.1320494E+002, 1.1242802E+002, 1.1052288E+002, 1.0625026E+002, 1.0311174E+002, 9.8926704E+001, 9.6692333E+001, 9.3903268E+001, 9.2145045E+001, 8.9802750E+001, 8.9052099E+001, 8.8864637E+001, 8.9072474E+001, 8.9532244E+001, 8.9611033E+001, 8.9309560E+001, 8.9895268E+001, 9.3484047E+001, 9.8570803E+001, 1.1060146E+002, 1.1907954E+002, 1.2538021E+002, 1.2564379E+002, 1.2623235E+002, 1.2812576E+002, 1.3407086E+002, 1.4169295E+002, 1.5327341E+002, 1.5558805E+002, 1.5491654E+002, 1.5533113E+002, 1.5479476E+002, 1.5340623E+002, 1.4988020E+002, 1.4694881E+002, 1.4259051E+002, 1.4054505E+002, 1.3872315E+002, 1.3983722E+002, 1.6742603E+002, 1.9199540E+002, 2.1079773E+002, 2.1369687E+002, 2.1606742E+002, 2.1641900E+002, 2.1465696E+002, 2.1412729E+002, 2.1777697E+002, 2.2327154E+002, 2.3097238E+002, 2.3322733E+002, 2.3200088E+002, 2.3026854E+002, 2.2684082E+002, 2.2382914E+002, 2.1758703E+002, 2.0707493E+002, 1.8269728E+002, 1.7029247E+002, 1.5557325E+002, 1.4815480E+002, 1.4730967E+002, 1.6308939E+002, 1.8077896E+002, 1.8467949E+002, 1.9522113E+002, 2.1252884E+002, 2.2001059E+002, 2.2275036E+002, 2.1605050E+002, 2.0879934E+002, 2.2762797E+002, 2.3035936E+002, 2.3059144E+002, 2.4999502E+002, 2.6331081E+002, 2.5431197E+002, 2.3751077E+002, 2.2382557E+002
 1.2600601E+002, 2.2561374E+001, 7.9998603E+001, 9.2739474E+001, 9.8941738E+001, 9.3740056E+001, 9.4003561E+001, 1.0434210E+002, 1.0382847E+002, 1.0441641E+002, 1.0506046E+002, 1.0649472E+002, 1.0770854E+002, 1.0914487E+002, 1.0931076E+002, 1.0761165E+002, 1.0511572E+002, 1.0022843E+002, 9.6748088E+001, 9.2163194E+001, 9.0076385E+001, 8.8046356E+001, 8.7372757E+001, 8.7163699E+001, 8.7432502E+001, 8.8334109E+001, 8.9320281E+001, 9.1785076E+001, 9.4545912E+001, 1.0080183E+002, 1.0611835E+002, 1.1460738E+002, 1.1974288E+002, 1.2581567E+002, 1.2807424E+002, 1.2877056E+002, 1.2842549E+002, 1.2681618E+002, 1.2522602E+002, 1.2719979E+002, 1.3542219E+002, 1.4529079E+002, 1.4386485E+002, 1.4625659E+002, 1.4867475E+002, 1.4927999E+002, 1.4860675E+002, 1.4717878E+002, 1.4621619E+002, 1.4534536E+002, 1.4542992E+002, 1.4728849E+002, 1.5071666E+002, 1.6051012E+002, 1.6799463E+002, 1.8849685E+002, 1.9834847E+002, 2.0304036E+002, 2.0444853E+002, 2.0688450E+002, 2.0909636E+002, 2.1131498E+002, 2.1152296E+002, 2.1016791E+002, 2.0848087E+002, 2.0511055E+002, 2.0225805E+002, 1.9707407E+002, 1.9324908E+002, 1.8746411E+002, 1.8187852E+002, 1.7315416E+002, 1.6969546E+002, 1.6605645E+002, 1.6504186E+002, 1.6898526E+002, 1.7715337E+002, 1.9107138E+002, 1.9578458E+002, 2.0207043E+002, 2.0787651E+002, 2.1170209E+002, 2.1012927E+002, 2.1218397E+002, 2.1807019E+002, 2.2530243E+002, 2.2701888E+002, 2.3622374E+002, 2.5119079E+002, 2.5513660E+002, 2.2117064E+002, 2.2222453E+002, 2.2583332E+002, 2.3257547E+002, 2.3560038E+002, 1.8881556E+002, 2.2317780E+002, 2.4240311E+002, 2.4463205E+002, 2.5342714E+002, 2.4256909E+002, 2.2833056E+002, 2.3047260E+002, 2.4223291E+002, 2.5983339E+002, 2.6710527E+002, 1.8532630E+002, 1.9685535E+002, 1.8948612E+002, 1.7815437E+002, 1.7241758E+002, 1.7337088E+002, 1.7411099E+002, 1.7691481E+002, 1.8317956E+002, 1.9550329E+002, 2.0161749E+002, 2.0908018E+002, 2.1221885E+002, 2.1373405E+002, 2.1206729E+002, 2.0551151E+002, 2.0189159E+002, 1.9803889E+002, 1.9639457E+002, 1.9824537E+002, 2.0103301E+002, 2.0371941E+002, 2.0988457E+002, 2.4313284E+002, 2.5608542E+002, 2.4359979E+002, 2.1949317E+002, 1.7884552E+002, 1.8896792E+002, 1.9862955E+002, 1.9069016E+002, 1.9376268E+002, 1.8689036E+002, 1.8319180E+002, 1.9302427E+002, 1.9170400E+002, 1.9989442E+002, 2.0158000E+002, 1.9849600E+002, 1.7288978E+002, 1.6703679E+002, 1.6429142E+002, 1.7146569E+002, 1.7969947E+002, 1.8305205E+002, 1.8497958E+002, 1.8509612E+002, 1.8111125E+002, 1.7846847E+002, 1.7928210E+002, 1.8133250E+002, 1.7329680E+002, 1.6308082E+002, 1.7520265E+002, 1.7980502E+002, 2.1288424E+001, 5.4539447E+001, 9.0605460E+001, 1.0200177E+002, 9.2349801E+001, 9.4295052E+001, 1.0600561E+002, 1.0559678E+002, 1.0678060E+002, 1.0788261E+002, 1.0942346E+002, 1.1039070E+002, 1.1188455E+002, 1.1218363E+002, 1.1028837E+002, 1.0768507E+002, 1.0280868E+002, 9.9537759E+001, 9.5276352E+001, 9.3246685E+001, 9.0770538E+001, 8.9643225E+001, 8.8684052E+001, 8.8467316E+001, 8.8660994E+001, 8.9167512E+001, 9.0719179E+001, 9.2173344E+001, 9.4941191E+001, 9.6967864E+001, 9.9803667E+001, 1.0216047E+002, 1.0699643E+002, 1.0988191E+002, 1.1237316E+002, 1.1336060E+002, 1.1512714E+002, 1.1722527E+002, 1.2811379E+002, 1.3907789E+002, 1.5086195E+002, 1.5174053E+002, 1.5318000E+002, 1.5414911E+002, 1.5251512E+002, 1.5054982E+002, 1.4709516E+002, 1.4453099E+002, 1.4058207E+002, 1.3838614E+002, 1.3627713E+002, 1.3979042E+002, 1.6843080E+002, 1.9225368E+002, 2.0859904E+002, 2.1145466E+002, 2.1215247E+002, 2.1136651E+002, 2.1235302E+002, 2.1475804E+002, 2.1917137E+002, 2.2248962E+002, 2.2377902E+002, 2.2072975E+002, 2.1528271E+002, 2.1341582E+002, 2.1568442E+002, 2.1668826E+002, 2.1538472E+002, 2.0833966E+002, 1.7902513E+002, 1.6411127E+002, 1.5092425E+002, 1.4387798E+002, 1.4225050E+002, 1.5047230E+002, 1.7821083E+002, 1.8453192E+002, 1.9224310E+002, 2.0533502E+002, 2.1624346E+002, 2.1595143E+002, 2.1652608E+002, 2.1366392E+002, 2.1128980E+002, 2.1622527E+002, 2.1953179E+002, 2.4570270E+002, 2.5175374E+002, 2.3736709E+002, 2.3961965E+002, 2.4905752E+002, 2.3989844E+002, 2.2835680E+002
 1.2700508E+002, 2.0562433E+001, 6.3620154E+001, 7.0808979E+001, 8.9872518E+001, 9.5962498E+001, 9.9291567E+001, 1.0132219E+002, 1.0296342E+002, 1.0551096E+002, 1.0727545E+002, 1.0819900E+002, 1.0752398E+002, 1.0502799E+002, 1.0253828E+002, 9.8012108E+001, 9.4681778E+001, 9.0062653E+001, 8.7850696E+001, 8.6029362E+001, 8.5730359E+001, 8.6285551E+001, 8.6980767E+001, 8.8470905E+001, 9.0051652E+001, 9.4220431E+001, 9.8568954E+001, 1.0699180E+002, 1.1248422E+002, 1.1802212E+002, 1.1986338E+002, 1.2082921E+002, 1.2112923E+002, 1.2145482E+002, 1.2119647E+002, 1.2024497E+002, 1.2081226E+002, 1.2823779E+002, 1.3629404E+002, 1.4294040E+002, 1.4121243E+002, 1.4398958E+002, 1.4626569E+002, 1.4531249E+002, 1.4408083E+002, 1.4257935E+002, 1.4168314E+002, 1.4089930E+002, 1.4132290E+002, 1.4539723E+002, 1.5185644E+002, 1.6673479E+002, 1.7461499E+002, 1.8815009E+002, 1.9736404E+002, 1.9866064E+002, 1.9806909E+002, 2.0165642E+002, 2.0462409E+002, 2.0564583E+002, 2.0443583E+002, 2.0105502E+002, 1.9861893E+002, 1.9581457E+002, 1.9455109E+002, 1.9258295E+002, 1.9026510E+002, 1.8451858E+002, 1.7941930E+002, 1.6955604E+002, 1.6390247E+002, 1.5943221E+002, 1.5834848E+002, 1.6143949E+002, 1.6992325E+002, 1.8446354E+002, 1.8971609E+002, 1.9633587E+002, 2.0177436E+002, 2.0347671E+002, 2.0427105E+002, 2.0852406E+002, 2.1318717E+002, 2.1681807E+002, 2.2049688E+002, 2.3662683E+002, 2.4720776E+002, 2.4910700E+002, 2.2918699E+002, 2.2224261E+002, 2.3710261E+002, 2.4001170E+002, 2.3430512E+002, 2.3003900E+002, 2.2050246E+002, 2.5001626E+002, 2.6285445E+002, 2.7037053E+002, 2.5973779E+002, 2.4902558E+002, 2.6467337E+002, 2.9352645E+002, 3.0990068E+002, 3.1604621E+002, 2.9575338E+002, 2.7316548E+002, 1.9027818E+002, 1.8020039E+002, 1.8388841E+002, 1.6985746E+002, 1.7030826E+002, 1.7416745E+002, 1.7756130E+002, 1.8238707E+002, 1.8688066E+002, 1.9109739E+002, 1.9483860E+002, 1.9652878E+002, 1.9386105E+002, 1.9943713E+002, 2.0649026E+002, 2.0863006E+002, 2.0796994E+002, 2.0689418E+002, 2.0693689E+002, 2.0641123E+002, 2.0304666E+002, 1.9819851E+002, 1.9649654E+002, 1.9539891E+002, 2.1210027E+002, 2.4298521E+002, 2.3843499E+002, 2.3339900E+002, 2.0715990E+002, 2.0125475E+002, 2.0714867E+002, 1.8444424E+002, 1.9398670E+002, 1.9541301E+002, 1.8495076E+002, 1.7971167E+002, 1.8656815E+002, 1.9609477E+002, 1.9598693E+002, 1.9132138E+002, 1.7680255E+002, 1.6078136E+002, 1.6086605E+002, 1.6662774E+002, 1.7776838E+002, 1.8275257E+002, 1.8348515E+002, 1.8084428E+002, 1.7822524E+002, 1.7845837E+002, 1.7736302E+002, 1.7677470E+002, 1.7844081E+002, 1.7194796E+002, 1.6956626E+002, 2.0201240E+001, 4.9302624E+001, 6.2184957E+001, 9.4470700E+001, 9.7729169E+001, 1.0372880E+002, 1.0600108E+002, 1.0737660E+002, 1.0918747E+002, 1.1020074E+002, 1.1080468E+002, 1.1016578E+002, 1.0786927E+002, 1.0573143E+002, 1.0142555E+002, 9.7425462E+001, 9.3006531E+001, 9.0826347E+001, 8.8420423E+001, 8.7822390E+001, 8.7940896E+001, 8.8223350E+001, 8.8790942E+001, 8.9593809E+001, 9.2557543E+001, 9.5937994E+001, 1.0246669E+002, 1.0594907E+002, 1.0700780E+002, 1.0532875E+002, 1.0292418E+002, 1.0267105E+002, 1.0401186E+002, 1.0458946E+002, 1.0553759E+002, 1.0687386E+002, 1.1919673E+002, 1.3562321E+002, 1.4859814E+002, 1.4942181E+002, 1.5113062E+002, 1.5216822E+002, 1.4959230E+002, 1.4729027E+002, 1.4454972E+002, 1.4233731E+002, 1.3896904E+002, 1.3711371E+002, 1.3616832E+002, 1.4283916E+002, 1.6930066E+002, 1.9242451E+002, 2.0689707E+002, 2.0903058E+002, 2.0803423E+002, 2.0843144E+002, 2.1261869E+002, 2.1506733E+002, 2.1571892E+002, 2.1407186E+002, 2.0899308E+002, 2.0317440E+002, 1.9594646E+002, 1.9544849E+002, 2.0122436E+002, 2.0725389E+002, 2.0671786E+002, 1.9873975E+002, 1.8019805E+002, 1.6607819E+002, 1.4716734E+002, 1.4057298E+002, 1.4012847E+002, 1.4390937E+002, 1.6690527E+002, 1.8075001E+002, 1.8583193E+002, 1.9998242E+002, 2.1171964E+002, 2.1218008E+002, 2.1309105E+002, 2.1346677E+002, 2.1140309E+002, 2.1423885E+002, 2.2028682E+002, 2.1708479E+002, 2.4690310E+002, 2.2819805E+002, 2.4268773E+002, 2.5511415E+002, 2.4437450E+002, 2.2932730E+002, 2.3186165E+002, 2.6617609E+002
 1.2800815E+002, 2.0312496E+001, 5.6585831E+001, 7.0136793E+001, 8.1524427E+001, 9.3583919E+001, 9.4017196E+001, 9.8408153E+001, 1.0392868E+002, 1.0609967E+002, 1.0510048E+002, 1.0226591E+002, 9.9947433E+001, 9.6052566E+001, 9.3336183E+001, 8.9305859E+001, 8.7177839E+001, 8.4982640E+001, 8.4462312E+001, 8.5289698E+001, 8.6443103E+001, 8.9250756E+001, 9.2258148E+001, 9.8914952E+001, 1.0446269E+002, 1.1155227E+002, 1.1438310E+002, 1.1565397E+002, 1.1529733E+002, 1.1453272E+002, 1.1406311E+002, 1.1370974E+002, 1.1369394E+002, 1.1563088E+002, 1.1971571E+002, 1.3060498E+002, 1.3759282E+002, 1.4082145E+002, 1.3974861E+002, 1.4120170E+002, 1.4299872E+002, 1.4157807E+002, 1.4013858E+002, 1.3880288E+002, 1.3807405E+002, 1.3754531E+002, 1.3909704E+002, 1.4669733E+002, 1.5558633E+002, 1.7123716E+002, 1.7940506E+002, 1.8593981E+002, 1.9320228E+002, 1.9500426E+002, 1.9280545E+002, 1.9244240E+002, 1.9514575E+002, 1.9560254E+002, 1.9400116E+002, 1.9074272E+002, 1.8899687E+002, 1.8770939E+002, 1.8762758E+002, 1.8754448E+002, 1.8655639E+002, 1.8214923E+002, 1.7708437E+002, 1.6812329E+002, 1.6196732E+002, 1.5515593E+002, 1.5306694E+002, 1.5409775E+002, 1.6127891E+002, 1.7667758E+002, 1.8364223E+002, 1.9043428E+002, 1.9515556E+002, 1.9660574E+002, 1.9675887E+002, 2.0407697E+002, 2.0762319E+002, 2.0972153E+002, 2.1697335E+002, 2.3035253E+002, 2.3279597E+002, 2.2820871E+002, 2.2942014E+002, 2.2689372E+002, 2.3431349E+002, 2.3146444E+002, 2.2673251E+002, 2.2502430E+002, 2.1069890E+002, 2.2484236E+002, 2.7144797E+002, 2.7467107E+002, 2.5701973E+002, 2.6187842E+002, 3.0326618E+002, 3.2616360E+002, 3.2626895E+002, 3.1531248E+002, 2.9426410E+002, 2.7222538E+002, 2.7310697E+002, 2.8118855E+002, 1.8657556E+002, 1.8968092E+002, 1.8952648E+002, 1.6307558E+002, 1.7128958E+002, 1.7784763E+002, 1.7920753E+002, 1.8095322E+002, 1.8180084E+002, 1.8312146E+002, 1.8634901E+002, 1.8552981E+002, 1.7908125E+002, 1.7614937E+002, 1.8029766E+002, 1.9500604E+002, 1.9926718E+002, 2.0090334E+002, 2.0188227E+002, 2.0176308E+002, 2.0359404E+002, 2.0318608E+002, 2.0167090E+002, 1.9980494E+002, 1.9811888E+002, 1.9369782E+002, 2.0037453E+002, 2.0545776E+002, 2.1042779E+002, 2.0659734E+002, 1.9918170E+002, 1.9081945E+002, 1.8352405E+002, 2.0613912E+002, 2.0706267E+002, 2.0012937E+002, 1.8367025E+002, 1.7637801E+002, 1.8604765E+002, 1.8685321E+002, 1.7848974E+002, 1.7237243E+002, 1.5869493E+002, 1.5824320E+002, 1.6174496E+002, 1.6886475E+002, 1.6496810E+002, 1.7643949E+002, 1.8064247E+002, 1.8519652E+002, 1.8677185E+002, 1.8551716E+002, 1.8503612E+002, 1.7796462E+002, 1.7656029E+002, 2.0106867E+001, 4.5752939E+001, 6.2509481E+001, 8.9244005E+001, 1.0012183E+002, 9.9304495E+001, 1.0759307E+002, 1.0924427E+002, 1.0951412E+002, 1.0825295E+002, 1.0554308E+002, 1.0361404E+002, 1.0029285E+002, 9.7681521E+001, 9.2979001E+001, 9.0522828E+001, 8.7619038E+001, 8.6745641E+001, 8.7407106E+001, 8.8013769E+001, 8.9558872E+001, 9.1583009E+001, 9.7021329E+001, 1.0190810E+002, 1.0795626E+002, 1.0979295E+002, 1.0850956E+002, 1.0603629E+002, 1.0176489E+002, 9.9449459E+001, 9.8116943E+001, 9.8541733E+001, 1.0025559E+002, 1.0284933E+002, 1.1474236E+002, 1.3068897E+002, 1.4656770E+002, 1.4804062E+002, 1.4905685E+002, 1.4995172E+002, 1.4690506E+002, 1.4471505E+002, 1.4268900E+002, 1.4084215E+002, 1.3779176E+002, 1.3624070E+002, 1.3811340E+002, 1.4696861E+002, 1.6915134E+002, 1.8644877E+002, 2.0361898E+002, 2.0572329E+002, 2.0527839E+002, 2.0653878E+002, 2.0999840E+002, 2.0995434E+002, 2.0594125E+002, 2.0194044E+002, 1.9505326E+002, 1.9045674E+002, 1.8456011E+002, 1.8319643E+002, 1.8717741E+002, 1.9155773E+002, 1.9561901E+002, 1.9265876E+002, 1.7863312E+002, 1.6865543E+002, 1.5343007E+002, 1.4401968E+002, 1.3788599E+002, 1.4198822E+002, 1.5688420E+002, 1.6931383E+002, 1.8077424E+002, 1.8761492E+002, 2.0553413E+002, 2.0819544E+002, 2.0954034E+002, 2.1059674E+002, 2.1264392E+002, 2.1896637E+002, 2.2412120E+002, 2.1517584E+002, 1.9673627E+002, 2.0978591E+002, 2.3860800E+002, 2.5555621E+002, 2.4406100E+002, 2.2585616E+002, 2.3189155E+002, 2.4856434E+002, 2.8671860E+002, 3.0297788E+002
 1.2901419E+002, 2.0868139E+001, 6.4820522E+001, 8.4139923E+001, 8.6676212E+001, 8.8998515E+001, 9.2045023E+001, 9.9633246E+001, 1.0255870E+002, 9.9886522E+001, 9.7548270E+001, 9.3701944E+001, 9.1265305E+001, 8.8017043E+001, 8.6265745E+001, 8.4338150E+001, 8.3719617E+001, 8.4128936E+001, 8.5840962E+001, 9.0902998E+001, 9.5894269E+001, 1.0453678E+002, 1.0891411E+002, 1.1208492E+002, 1.1203399E+002, 1.1076122E+002, 1.0985669E+002, 1.0861590E+002, 1.0788052E+002, 1.0804768E+002, 1.0989964E+002, 1.1621456E+002, 1.2285035E+002, 1.3337353E+002, 1.3802934E+002, 1.3850934E+002, 1.3805774E+002, 1.3951404E+002, 1.3999569E+002, 1.3778757E+002, 1.3655555E+002, 1.3558109E+002, 1.3504739E+002, 1.3618686E+002, 1.4009349E+002, 1.5175288E+002, 1.6170311E+002, 1.7491283E+002, 1.8129369E+002, 1.8689445E+002, 1.9027402E+002, 1.9207381E+002, 1.8872529E+002, 1.8455176E+002, 1.8411701E+002, 1.8481860E+002, 1.8389846E+002, 1.8237588E+002, 1.8166075E+002, 1.8131530E+002, 1.8148213E+002, 1.8161024E+002, 1.8067495E+002, 1.7688026E+002, 1.7297299E+002, 1.6591045E+002, 1.6069816E+002, 1.5312819E+002, 1.4969428E+002, 1.4860418E+002, 1.5461477E+002, 1.6986809E+002, 1.7798130E+002, 1.8550802E+002, 1.8954518E+002, 1.9170505E+002, 1.9204797E+002, 1.9874110E+002, 2.0280239E+002, 2.0496950E+002, 2.1200237E+002, 2.1798710E+002, 2.1363337E+002, 2.0897464E+002, 2.1127004E+002, 2.1999279E+002, 2.2794962E+002, 2.2173806E+002, 2.1785666E+002, 2.2033730E+002, 2.1352068E+002, 2.1424058E+002, 2.5419308E+002, 2.6054737E+002, 2.4053330E+002, 2.7050882E+002, 3.0711731E+002, 3.0742509E+002, 2.7724734E+002, 2.5932471E+002, 2.4492031E+002, 2.3635120E+002, 2.3407264E+002, 2.4560074E+002, 2.2960031E+002, 1.9541268E+002, 2.0274550E+002, 1.9099250E+002, 1.9454387E+002, 1.6004331E+002, 1.7163215E+002, 1.7643764E+002, 1.7735770E+002, 1.7704655E+002, 1.7760554E+002, 1.7877482E+002, 1.8245759E+002, 1.8203868E+002, 1.7699318E+002, 1.7196400E+002, 1.7272163E+002, 1.6956544E+002, 1.8031433E+002, 1.8842437E+002, 1.9081956E+002, 1.9524887E+002, 1.9472351E+002, 1.9790902E+002, 1.9867609E+002, 1.9988832E+002, 2.0092750E+002, 2.0018406E+002, 1.9887260E+002, 1.9525652E+002, 1.8887280E+002, 1.8985189E+002, 1.8939833E+002, 1.9219092E+002, 1.6201841E+002, 2.0310706E+002, 2.0240370E+002, 2.0552900E+002, 2.0738662E+002, 1.9939821E+002, 1.8216644E+002, 1.7066924E+002, 1.7118946E+002, 1.6809958E+002, 1.5036604E+002, 1.6078381E+002, 1.6324436E+002, 1.6555263E+002, 1.5383646E+002, 1.6315605E+002, 1.7868412E+002, 1.8318111E+002, 1.8542859E+002, 1.8669588E+002, 1.8775491E+002, 1.8851969E+002, 1.8490194E+002, 2.0366718E+001, 6.1899263E+001, 8.2459340E+001, 9.4894719E+001, 9.9193240E+001, 9.6699710E+001, 1.0820429E+002, 1.0676294E+002, 1.0343608E+002, 1.0122771E+002, 9.7670683E+001, 9.5513791E+001, 9.2719338E+001, 9.1118769E+001, 8.8255186E+001, 8.6812143E+001, 8.6712610E+001, 8.7850402E+001, 9.1379025E+001, 9.5502639E+001, 1.0353458E+002, 1.0778021E+002, 1.1039110E+002, 1.0945785E+002, 1.0614131E+002, 1.0372550E+002, 1.0062624E+002, 9.8633145E+001, 9.5874967E+001, 9.5042902E+001, 9.7281774E+001, 1.0168467E+002, 1.1453497E+002, 1.2880095E+002, 1.4381547E+002, 1.4646091E+002, 1.4762562E+002, 1.4750270E+002, 1.4401073E+002, 1.4200463E+002, 1.4138107E+002, 1.4048872E+002, 1.3745389E+002, 1.3640658E+002, 1.4350005E+002, 1.5412914E+002, 1.7180733E+002, 1.8294361E+002, 1.9841231E+002, 2.0213638E+002, 2.0318203E+002, 2.0416038E+002, 2.0241184E+002, 1.9984041E+002, 1.9430248E+002, 1.9080019E+002, 1.8631646E+002, 1.8391340E+002, 1.8096948E+002, 1.7929236E+002, 1.7858486E+002, 1.8035479E+002, 1.8175206E+002, 1.7946046E+002, 1.7413383E+002, 1.6854629E+002, 1.5731795E+002, 1.4971842E+002, 1.4075857E+002, 1.4038053E+002, 1.5376040E+002, 1.6426075E+002, 1.7658608E+002, 1.8252175E+002, 1.9648696E+002, 2.0365124E+002, 2.0664312E+002, 2.0738184E+002, 2.1350439E+002, 2.1994745E+002, 2.1895010E+002, 2.0833580E+002, 1.9624467E+002, 2.1007032E+002, 2.4049869E+002, 2.5124561E+002, 2.4337279E+002, 2.4726584E+002, 2.5049975E+002, 2.5183731E+002, 2.8261930E+002, 3.1119878E+002, 3.0104941E+002, 2.7516667E+002
 1.3000996E+002, 2.1195681E+001, 7.1597675E+001, 8.8782391E+001, 8.8160553E+001, 8.4464671E+001, 9.3890242E+001, 9.8493409E+001, 9.6801981E+001, 9.2961221E+001, 9.0072398E+001, 8.6567556E+001, 8.5251402E+001, 8.4003890E+001, 8.3396121E+001, 8.3198128E+001, 8.4523477E+001, 9.0777897E+001, 9.7216679E+001, 1.0607367E+002, 1.0941079E+002, 1.0961213E+002, 1.0834618E+002, 1.0629185E+002, 1.0510018E+002, 1.0422367E+002, 1.0490000E+002, 1.0816848E+002, 1.1194143E+002, 1.1899915E+002, 1.2421463E+002, 1.3206968E+002, 1.3588932E+002, 1.3683451E+002, 1.3611448E+002, 1.3698238E+002, 1.3710221E+002, 1.3443747E+002, 1.3319459E+002, 1.3291313E+002, 1.3354621E+002, 1.3687414E+002, 1.4225263E+002, 1.5494155E+002, 1.6406951E+002, 1.7511848E+002, 1.8026912E+002, 1.8562428E+002, 1.8779388E+002, 1.9045110E+002, 1.8775423E+002, 1.7924077E+002, 1.7588804E+002, 1.7598899E+002, 1.7689966E+002, 1.7699129E+002, 1.7687455E+002, 1.7670327E+002, 1.7649273E+002, 1.7574105E+002, 1.7468103E+002, 1.7151295E+002, 1.6844856E+002, 1.6304087E+002, 1.5925700E+002, 1.5315136E+002, 1.4903512E+002, 1.4482432E+002, 1.4658138E+002, 1.6103469E+002, 1.7127651E+002, 1.7973860E+002, 1.8329850E+002, 1.8646576E+002, 1.8734817E+002, 1.9262816E+002, 1.9762992E+002, 2.0067265E+002, 2.0449755E+002, 2.0906945E+002, 2.0560311E+002, 2.0364691E+002, 2.0883038E+002, 2.1538103E+002, 2.1852253E+002, 2.2724868E+002, 2.2758379E+002, 2.2275772E+002, 2.2731193E+002, 2.1068860E+002, 2.1702971E+002, 2.4885401E+002, 2.4250535E+002, 2.6519322E+002, 3.0324778E+002, 2.9536909E+002, 2.6324427E+002, 2.4598784E+002, 2.4235659E+002, 2.3821829E+002, 2.3948708E+002, 2.3256095E+002, 2.2089445E+002, 2.0170441E+002, 2.0588175E+002, 2.2197488E+002, 2.1848710E+002, 2.0616509E+002, 2.0677182E+002, 1.7249800E+002, 1.8190969E+002, 1.7210657E+002, 1.7346759E+002, 1.7384503E+002, 1.7417694E+002, 1.8841182E+002, 1.9995203E+002, 2.0255540E+002, 2.0250891E+002, 1.9211475E+002, 1.7777634E+002, 1.7171283E+002, 1.6807295E+002, 1.7536358E+002, 1.7909691E+002, 1.8498406E+002, 1.8920389E+002, 1.8894009E+002, 1.9063798E+002, 1.9348161E+002, 1.9664193E+002, 2.0309221E+002, 2.0703067E+002, 2.0896735E+002, 2.0773711E+002, 2.0327792E+002, 1.9769605E+002, 1.8478179E+002, 1.7439027E+002, 1.7434187E+002, 1.9622939E+002, 1.9849382E+002, 1.9830951E+002, 1.9977855E+002, 2.0237613E+002, 2.0046799E+002, 1.8479543E+002, 1.6157468E+002, 1.3997970E+002, 1.5227151E+002, 1.6235691E+002, 1.7506678E+002, 1.7249142E+002, 1.3887275E+002, 1.6518359E+002, 1.7945515E+002, 1.8076552E+002, 1.8320532E+002, 1.8309767E+002, 1.8278317E+002, 1.8217360E+002, 2.0581088E+001, 7.1906609E+001, 9.4041914E+001, 9.8160069E+001, 9.7508319E+001, 9.9347821E+001, 1.0277831E+002, 1.0006940E+002, 9.6398204E+001, 9.3615358E+001, 9.0874118E+001, 9.0190503E+001, 8.9182348E+001, 8.8038281E+001, 8.6585162E+001, 8.7169654E+001, 9.1959033E+001, 9.7542742E+001, 1.0620918E+002, 1.0964899E+002, 1.0958995E+002, 1.0774680E+002, 1.0439251E+002, 1.0224358E+002, 9.9677309E+001, 9.8544814E+001, 9.6995577E+001, 9.6094658E+001, 9.6575356E+001, 9.9307569E+001, 1.0852250E+002, 1.1991577E+002, 1.3963199E+002, 1.4477779E+002, 1.4564728E+002, 1.4487350E+002, 1.4175991E+002, 1.3974728E+002, 1.3979022E+002, 1.3993736E+002, 1.3857248E+002, 1.3844065E+002, 1.4539516E+002, 1.5598334E+002, 1.7279686E+002, 1.8020560E+002, 1.9172505E+002, 1.9827709E+002, 2.0015847E+002, 2.0054032E+002, 1.9510335E+002, 1.8884482E+002, 1.8434994E+002, 1.8359414E+002, 1.8280196E+002, 1.8205881E+002, 1.8071515E+002, 1.7905965E+002, 1.7597611E+002, 1.7456630E+002, 1.7333837E+002, 1.7156909E+002, 1.6621090E+002, 1.6259751E+002, 1.5734423E+002, 1.5227589E+002, 1.4563428E+002, 1.4256878E+002, 1.4787626E+002, 1.5763396E+002, 1.6954964E+002, 1.7594625E+002, 1.8773418E+002, 1.9622387E+002, 2.0296080E+002, 2.0502811E+002, 2.1099329E+002, 2.1717835E+002, 2.1434008E+002, 2.0539065E+002, 2.0018122E+002, 2.0856854E+002, 2.3557344E+002, 2.4442154E+002, 2.4953838E+002, 2.5437019E+002, 2.6242610E+002, 2.4501500E+002, 2.4898951E+002, 2.9443334E+002, 2.9342220E+002, 2.9582228E+002, 3.1037923E+002, 3.3713937E+002
 1.3100664E+002, 3.4786120E+001, 8.4601023E+001, 8.6607572E+001, 8.3854819E+001, 9.3332509E+001, 9.3367693E+001, 9.2617538E+001, 8.9656154E+001, 8.5050981E+001, 8.3353430E+001, 8.2913262E+001, 8.2907206E+001, 8.3325113E+001, 8.5391961E+001, 9.3033217E+001, 9.9832556E+001, 1.0698275E+002, 1.0809441E+002, 1.0638243E+002, 1.0456013E+002, 1.0222065E+002, 1.0195563E+002, 1.0425046E+002, 1.0737856E+002, 1.1302089E+002, 1.1647878E+002, 1.2109252E+002, 1.2417956E+002, 1.2979247E+002, 1.3322942E+002, 1.3506869E+002, 1.3495824E+002, 1.3443705E+002, 1.3323888E+002, 1.3056029E+002, 1.3038762E+002, 1.3267056E+002, 1.3580373E+002, 1.4377539E+002, 1.5095482E+002, 1.6220259E+002, 1.6875991E+002, 1.7623210E+002, 1.8019056E+002, 1.8466967E+002, 1.8563723E+002, 1.8699721E+002, 1.8496628E+002, 1.7417925E+002, 1.6933469E+002, 1.7029381E+002, 1.7266041E+002, 1.7363549E+002, 1.7335327E+002, 1.7236893E+002, 1.7144133E+002, 1.6957173E+002, 1.6794782E+002, 1.6502881E+002, 1.6262807E+002, 1.5821057E+002, 1.5500047E+002, 1.5000809E+002, 1.4668536E+002, 1.4226886E+002, 1.4301442E+002, 1.5687196E+002, 1.6771115E+002, 1.7590919E+002, 1.7891892E+002, 1.8168776E+002, 1.8409226E+002, 1.9045131E+002, 1.9390707E+002, 1.9822626E+002, 2.0207833E+002, 2.0099324E+002, 1.9983591E+002, 2.0670342E+002, 2.1306268E+002, 2.1734238E+002, 2.2160726E+002, 2.2962358E+002, 2.3432486E+002, 2.4156911E+002, 2.3974366E+002, 2.1927449E+002, 2.1650109E+002, 2.3841138E+002, 2.6159066E+002, 2.8568529E+002, 3.0515874E+002, 2.8426872E+002, 2.6173450E+002, 2.4648315E+002, 2.2493970E+002, 2.2725743E+002, 2.2233331E+002, 2.1235971E+002, 2.0791074E+002, 2.0871746E+002, 2.1019818E+002, 2.1985967E+002, 2.3164209E+002, 2.2207018E+002, 2.0572025E+002, 2.1105821E+002, 2.1758385E+002, 2.0167938E+002, 1.9290878E+002, 1.6613164E+002, 1.6917174E+002, 1.7208423E+002, 1.7911657E+002, 2.0024159E+002, 2.0218454E+002, 2.0162744E+002, 2.0421387E+002, 1.9497496E+002, 1.8656939E+002, 1.8466255E+002, 1.8594421E+002, 1.7560136E+002, 1.6876778E+002, 1.7502077E+002, 1.8012731E+002, 1.8500145E+002, 1.8500772E+002, 1.8856571E+002, 1.8942317E+002, 1.9093254E+002, 1.9408139E+002, 2.0009846E+002, 2.0416217E+002, 2.0667660E+002, 2.0716965E+002, 2.0829581E+002, 2.0549726E+002, 1.8982669E+002, 1.6989970E+002, 1.8506665E+002, 1.9318040E+002, 1.9366882E+002, 1.9416745E+002, 1.9629007E+002, 1.9884042E+002, 1.9967078E+002, 1.9149213E+002, 1.4932047E+002, 1.3753501E+002, 1.7754418E+002, 1.8367883E+002, 1.4497327E+002, 1.5190459E+002, 1.7603958E+002, 1.7433064E+002, 1.7631872E+002, 1.7679663E+002, 1.7727187E+002, 1.7833296E+002, 2.9102309E+001, 8.9207573E+001, 9.8488092E+001, 9.9027754E+001, 9.7668351E+001, 9.9053925E+001, 9.5162952E+001, 9.2545228E+001, 8.8753000E+001, 8.7820073E+001, 8.7551408E+001, 8.7257177E+001, 8.6917503E+001, 8.7980770E+001, 9.4261263E+001, 1.0088164E+002, 1.0817961E+002, 1.0929411E+002, 1.0714383E+002, 1.0493488E+002, 1.0201299E+002, 1.0098298E+002, 1.0114799E+002, 1.0178506E+002, 1.0185110E+002, 1.0087588E+002, 9.9314779E+001, 1.0022218E+002, 1.0743826E+002, 1.1828526E+002, 1.3734796E+002, 1.4321919E+002, 1.4272145E+002, 1.4067833E+002, 1.3794565E+002, 1.3752341E+002, 1.3832654E+002, 1.3874235E+002, 1.4057006E+002, 1.4354539E+002, 1.5357970E+002, 1.6176444E+002, 1.7328393E+002, 1.7894176E+002, 1.8906320E+002, 1.9469407E+002, 1.9644248E+002, 1.9525784E+002, 1.8637379E+002, 1.7938828E+002, 1.7822322E+002, 1.8023408E+002, 1.8202306E+002, 1.8192233E+002, 1.8045406E+002, 1.7858461E+002, 1.7346779E+002, 1.6915458E+002, 1.6440790E+002, 1.6352063E+002, 1.6035409E+002, 1.5727358E+002, 1.5158896E+002, 1.4832534E+002, 1.4431494E+002, 1.4326812E+002, 1.4968938E+002, 1.5735249E+002, 1.6794623E+002, 1.7380158E+002, 1.8408934E+002, 1.9194783E+002, 1.9936251E+002, 2.0328408E+002, 2.1109327E+002, 2.1368043E+002, 2.0687785E+002, 2.0360384E+002, 2.1193733E+002, 2.2070630E+002, 2.3373115E+002, 2.4195494E+002, 2.4717156E+002, 2.4796693E+002, 2.4920347E+002, 2.4939248E+002, 2.3626855E+002, 2.6659802E+002, 3.0123829E+002, 3.2009420E+002, 3.2708794E+002, 3.0928618E+002, 2.8574029E+002, 2.7864887E+002
 1.3200769E+002, 7.0935563E+001, 8.8754095E+001, 7.8125030E+001, 8.9224454E+001, 9.3215989E+001, 8.9663879E+001, 8.5188054E+001, 8.2502352E+001, 8.1219299E+001, 8.1340032E+001, 8.3995048E+001, 8.8036967E+001, 9.7157343E+001, 1.0249805E+002, 1.0653567E+002, 1.0612587E+002, 1.0352804E+002, 1.0149932E+002, 1.0059727E+002, 1.0249252E+002, 1.0782952E+002, 1.1127447E+002, 1.1525154E+002, 1.1740722E+002, 1.2091395E+002, 1.2377846E+002, 1.2899801E+002, 1.3215813E+002, 1.3404352E+002, 1.3356208E+002, 1.3166709E+002, 1.2972504E+002, 1.2846103E+002, 1.3033913E+002, 1.3673249E+002, 1.4265206E+002, 1.5261153E+002, 1.5901261E+002, 1.6694657E+002, 1.7099465E+002, 1.7608183E+002, 1.7919651E+002, 1.8266992E+002, 1.8304438E+002, 1.8201877E+002, 1.8001656E+002, 1.6980394E+002, 1.6362668E+002, 1.6575394E+002, 1.6938879E+002, 1.7068511E+002, 1.7002525E+002, 1.6795392E+002, 1.6619497E+002, 1.6329935E+002, 1.6131482E+002, 1.5853941E+002, 1.5674865E+002, 1.5354020E+002, 1.5104731E+002, 1.4691729E+002, 1.4401001E+002, 1.3982735E+002, 1.3980962E+002, 1.5331293E+002, 1.6448881E+002, 1.7218757E+002, 1.7467563E+002, 1.7759150E+002, 1.8129378E+002, 1.8912073E+002, 1.9207969E+002, 1.9488667E+002, 1.9787950E+002, 1.9508514E+002, 1.9515338E+002, 2.0714348E+002, 2.1443083E+002, 2.2206724E+002, 2.2620351E+002, 2.3192696E+002, 2.3447920E+002, 2.3750714E+002, 2.3482870E+002, 2.1639739E+002, 2.2231837E+002, 2.5696264E+002, 2.7558082E+002, 2.8825363E+002, 2.7638858E+002, 2.6670713E+002, 2.6715311E+002, 2.7954114E+002, 2.5755667E+002, 2.1273233E+002, 2.1660349E+002, 2.2383328E+002, 2.3583302E+002, 2.4525794E+002, 2.3623797E+002, 2.2651232E+002, 2.3679306E+002, 2.4331115E+002, 2.2583519E+002, 2.0452263E+002, 2.0972818E+002, 2.1340409E+002, 2.1805427E+002, 2.1761146E+002, 1.9605740E+002, 1.5890514E+002, 1.6757569E+002, 1.7876073E+002, 1.9007187E+002, 1.9835352E+002, 1.9709701E+002, 2.0072683E+002, 2.0113298E+002, 1.9518588E+002, 1.8779720E+002, 1.7931176E+002, 1.8430901E+002, 1.8650676E+002, 1.8608797E+002, 1.6739879E+002, 1.6972816E+002, 1.7944563E+002, 1.7864788E+002, 1.8238380E+002, 1.8445410E+002, 1.8527299E+002, 1.8539063E+002, 1.8792326E+002, 1.8630084E+002, 1.8635776E+002, 1.9113278E+002, 1.9719405E+002, 1.9965796E+002, 2.0349415E+002, 2.0575704E+002, 1.8181471E+002, 1.6785917E+002, 1.8582506E+002, 1.8945594E+002, 1.9104999E+002, 1.9133554E+002, 1.9342823E+002, 1.9586818E+002, 1.9696952E+002, 1.9006098E+002, 1.5843410E+002, 1.6929827E+002, 1.7507651E+002, 1.3591145E+002, 1.7137147E+002, 1.7044971E+002, 1.7172434E+002, 1.7360982E+002, 1.7522515E+002, 1.7641503E+002, 5.4603843E+001, 9.5328244E+001, 9.7006761E+001, 9.6339255E+001, 9.5278350E+001, 9.1899449E+001, 8.8385054E+001, 8.6441617E+001, 8.5471059E+001, 8.5359658E+001, 8.6936201E+001, 8.9944394E+001, 9.7767620E+001, 1.0329806E+002, 1.0828381E+002, 1.0777976E+002, 1.0475189E+002, 1.0252326E+002, 1.0113168E+002, 1.0236076E+002, 1.0570988E+002, 1.0722235E+002, 1.0697391E+002, 1.0553019E+002, 1.0330180E+002, 1.0358989E+002, 1.1041542E+002, 1.2053411E+002, 1.3612480E+002, 1.4041683E+002, 1.3874057E+002, 1.3695219E+002, 1.3535060E+002, 1.3611927E+002, 1.3857377E+002, 1.4074471E+002, 1.4628237E+002, 1.5126605E+002, 1.5943802E+002, 1.6432695E+002, 1.7015480E+002, 1.7466233E+002, 1.8407471E+002, 1.9023453E+002, 1.8960794E+002, 1.8627583E+002, 1.7917161E+002, 1.7376837E+002, 1.7533053E+002, 1.7920324E+002, 1.8211186E+002, 1.8210822E+002, 1.8013377E+002, 1.7769488E+002, 1.7031070E+002, 1.6327368E+002, 1.5433518E+002, 1.5243942E+002, 1.5238019E+002, 1.5116408E+002, 1.4859798E+002, 1.4569351E+002, 1.4208169E+002, 1.4152110E+002, 1.4888715E+002, 1.5697609E+002, 1.6650429E+002, 1.7186597E+002, 1.8190650E+002, 1.8853424E+002, 1.9578372E+002, 2.0137756E+002, 2.0891252E+002, 2.0879334E+002, 2.0308134E+002, 2.0620155E+002, 2.2001593E+002, 2.2842836E+002, 2.3807098E+002, 2.4145780E+002, 2.3912318E+002, 2.3256198E+002, 2.3144590E+002, 2.3876044E+002, 2.5284121E+002, 2.7445082E+002, 3.1521893E+002, 3.2554324E+002, 3.1115483E+002, 2.8395579E+002, 2.7329709E+002, 2.8132673E+002, 2.9023583E+002, 2.8129514E+002
 1.3301121E+002, 8.3952451E+001, 9.0380525E+001, 7.4621019E+001, 9.3338878E+001, 8.7425527E+001, 8.3457741E+001, 8.0252391E+001, 7.9957119E+001, 8.2830395E+001, 8.9820138E+001, 1.0048542E+002, 1.0433281E+002, 1.0518997E+002, 1.0414307E+002, 1.0135725E+002, 9.9467517E+001, 1.0018847E+002, 1.0391440E+002, 1.0995308E+002, 1.1250043E+002, 1.1535495E+002, 1.1762359E+002, 1.2181842E+002, 1.2503158E+002, 1.2968333E+002, 1.3185270E+002, 1.3182157E+002, 1.3049050E+002, 1.2826786E+002, 1.2750641E+002, 1.2995673E+002, 1.3433104E+002, 1.4338213E+002, 1.4949805E+002, 1.5781870E+002, 1.6232222E+002, 1.6750067E+002, 1.7044926E+002, 1.7441250E+002, 1.7687871E+002, 1.7977103E+002, 1.7990679E+002, 1.7624979E+002, 1.7336419E+002, 1.6587695E+002, 1.5953982E+002, 1.5947722E+002, 1.6470754E+002, 1.6712226E+002, 1.6659278E+002, 1.6414702E+002, 1.6191266E+002, 1.5782506E+002, 1.5519441E+002, 1.5218273E+002, 1.5104185E+002, 1.4878340E+002, 1.4694392E+002, 1.4397837E+002, 1.4181043E+002, 1.3803727E+002, 1.3602994E+002, 1.4713625E+002, 1.6031057E+002, 1.6811329E+002, 1.7035162E+002, 1.7309611E+002, 1.7728803E+002, 1.8682920E+002, 1.9070680E+002, 1.9325734E+002, 1.9361583E+002, 1.9021922E+002, 1.8864086E+002, 2.0379415E+002, 2.1465332E+002, 2.2320333E+002, 2.2615315E+002, 2.2680775E+002, 2.2796019E+002, 2.3064386E+002, 2.2453531E+002, 2.1637411E+002, 2.3407267E+002, 2.7497512E+002, 2.8451451E+002, 2.6657298E+002, 2.5598654E+002, 2.6379034E+002, 2.7723625E+002, 2.8735044E+002, 2.7936343E+002, 2.5455305E+002, 2.0430168E+002, 2.1394747E+002, 2.5124908E+002, 2.4087305E+002, 2.4219140E+002, 2.4115949E+002, 2.4815830E+002, 2.4792765E+002, 2.4157695E+002, 2.2678548E+002, 1.9238001E+002, 2.1777005E+002, 2.2765857E+002, 2.2252331E+002, 2.2074494E+002, 2.1981420E+002, 2.0728149E+002, 1.5915616E+002, 1.7755928E+002, 1.8791312E+002, 1.9114971E+002, 1.9330984E+002, 1.9286586E+002, 1.9667109E+002, 1.9600639E+002, 1.9013858E+002, 1.8695121E+002, 1.7227218E+002, 1.8134733E+002, 1.8120345E+002, 1.8400629E+002, 1.8262417E+002, 1.6621765E+002, 1.6882767E+002, 1.7301206E+002, 1.7015510E+002, 1.7749899E+002, 1.7985869E+002, 1.8026247E+002, 1.8027702E+002, 1.8162035E+002, 1.7573456E+002, 1.7005627E+002, 1.6996208E+002, 1.7395483E+002, 1.8246427E+002, 1.8809775E+002, 1.9649934E+002, 1.9972608E+002, 1.7541011E+002, 1.6756465E+002, 1.8368917E+002, 1.8743903E+002, 1.8721376E+002, 1.8770662E+002, 1.9194008E+002, 1.9303226E+002, 1.9659707E+002, 1.8413034E+002, 1.7010542E+002, 1.2510323E+002, 1.6588822E+002, 1.6821681E+002, 1.6931011E+002, 1.7173600E+002, 1.7374285E+002, 1.7347427E+002, 6.2060613E+001, 9.4464415E+001, 9.3313106E+001, 9.5354812E+001, 8.8407436E+001, 8.6292442E+001, 8.4651495E+001, 8.3954812E+001, 8.6140917E+001, 9.1699837E+001, 1.0138715E+002, 1.0537032E+002, 1.0666232E+002, 1.0577739E+002, 1.0294666E+002, 1.0103433E+002, 1.0156986E+002, 1.0464103E+002, 1.0937986E+002, 1.1101404E+002, 1.1177044E+002, 1.1101962E+002, 1.0888477E+002, 1.0921737E+002, 1.1623244E+002, 1.2470459E+002, 1.3525788E+002, 1.3586993E+002, 1.3413014E+002, 1.3378829E+002, 1.3505367E+002, 1.3713945E+002, 1.4184565E+002, 1.4530066E+002, 1.5226101E+002, 1.5721430E+002, 1.6232793E+002, 1.6492301E+002, 1.6681587E+002, 1.6994970E+002, 1.7820636E+002, 1.8417984E+002, 1.8220187E+002, 1.7709895E+002, 1.7247385E+002, 1.6943281E+002, 1.7149944E+002, 1.7661010E+002, 1.8079681E+002, 1.8153695E+002, 1.8037904E+002, 1.7838545E+002, 1.7064516E+002, 1.6216368E+002, 1.4747578E+002, 1.4273689E+002, 1.4273938E+002, 1.4193232E+002, 1.4174586E+002, 1.4189382E+002, 1.4042719E+002, 1.3915239E+002, 1.4493335E+002, 1.5497206E+002, 1.6393408E+002, 1.6950570E+002, 1.7918278E+002, 1.8572578E+002, 1.9182004E+002, 1.9582763E+002, 2.0584625E+002, 2.0437842E+002, 2.0116130E+002, 2.0790807E+002, 2.2426274E+002, 2.3159262E+002, 2.3691366E+002, 2.3500921E+002, 2.2744711E+002, 2.2243932E+002, 2.2274332E+002, 2.3606432E+002, 2.6564694E+002, 2.9090110E+002, 3.1496278E+002, 3.1109416E+002, 2.8772596E+002, 2.7379471E+002, 2.7466765E+002, 2.8699243E+002, 2.8523933E+002, 2.7270973E+002, 2.4652090E+002, 2.5108786E+002
 1.3401970E+002, 8.0639942E+001, 8.8563429E+001, 7.5884966E+001, 9.2738054E+001, 8.1801755E+001, 7.8718141E+001, 7.9014245E+001, 8.5945589E+001, 1.0027288E+002, 1.0352194E+002, 1.0310335E+002, 1.0170822E+002, 9.9102938E+001, 9.8197349E+001, 1.0092050E+002, 1.0511764E+002, 1.1026588E+002, 1.1230173E+002, 1.1569740E+002, 1.1870251E+002, 1.2368207E+002, 1.2656996E+002, 1.2912073E+002, 1.2912523E+002, 1.2754430E+002, 1.2653028E+002, 1.2744714E+002, 1.2992311E+002, 1.3686916E+002, 1.4241478E+002, 1.4994359E+002, 1.5408786E+002, 1.5932978E+002, 1.6215818E+002, 1.6593841E+002, 1.6829173E+002, 1.7155787E+002, 1.7359258E+002, 1.7569653E+002, 1.7517999E+002, 1.6993488E+002, 1.6629000E+002, 1.6152889E+002, 1.5719656E+002, 1.5383797E+002, 1.5821570E+002, 1.6276623E+002, 1.6312277E+002, 1.6117811E+002, 1.5898012E+002, 1.5423183E+002, 1.5090739E+002, 1.4669356E+002, 1.4530982E+002, 1.4421358E+002, 1.4279206E+002, 1.4045615E+002, 1.3891366E+002, 1.3617760E+002, 1.3414461E+002, 1.4003709E+002, 1.5321528E+002, 1.6386375E+002, 1.6612277E+002, 1.6850976E+002, 1.7230875E+002, 1.8329904E+002, 1.8819111E+002, 1.9189627E+002, 1.9042567E+002, 1.8632170E+002, 1.8510152E+002, 1.9901359E+002, 2.1147698E+002, 2.1836053E+002, 2.1937266E+002, 2.2041880E+002, 2.2112169E+002, 2.1938409E+002, 2.1909409E+002, 2.3215001E+002, 2.5311157E+002, 2.7311217E+002, 2.6748290E+002, 2.6498588E+002, 2.6229712E+002, 2.5967254E+002, 2.7486844E+002, 2.7090314E+002, 2.5913050E+002, 2.4612726E+002, 2.3375016E+002, 2.0327426E+002, 2.1952456E+002, 2.3885748E+002, 2.4570144E+002, 2.5267396E+002, 2.4938965E+002, 2.4490208E+002, 2.4121782E+002, 2.3732464E+002, 2.2903513E+002, 1.8537363E+002, 2.2447874E+002, 2.1327400E+002, 2.0843696E+002, 2.1619529E+002, 2.0708886E+002, 2.2048323E+002, 2.1793674E+002, 1.7232625E+002, 1.8465429E+002, 1.8978165E+002, 1.9121996E+002, 1.9036492E+002, 1.9142726E+002, 1.9372729E+002, 1.9389395E+002, 1.9136286E+002, 1.8818803E+002, 1.7276601E+002, 1.6856303E+002, 1.7317240E+002, 1.8163021E+002, 1.7815350E+002, 1.6902681E+002, 1.7248531E+002, 1.6822156E+002, 1.6883220E+002, 1.6511018E+002, 1.7391723E+002, 1.7499574E+002, 1.7151539E+002, 1.7267256E+002, 1.7544085E+002, 1.7313011E+002, 1.6563012E+002, 1.6362728E+002, 1.6806940E+002, 1.6993971E+002, 1.7258434E+002, 1.7562867E+002, 1.8600515E+002, 1.9318442E+002, 1.7192636E+002, 1.6751383E+002, 1.8365831E+002, 1.8366445E+002, 1.8288851E+002, 1.8711500E+002, 1.8946404E+002, 1.9621635E+002, 1.9518694E+002, 1.8634840E+002, 1.6146818E+002, 1.5414831E+002, 1.6910249E+002, 1.7218397E+002, 1.7661722E+002, 1.7522576E+002, 6.2729680E+001, 7.8380914E+001, 8.8940035E+001, 9.3667484E+001, 8.3719785E+001, 8.3053930E+001, 8.3668863E+001, 9.0399301E+001, 1.0229016E+002, 1.0542625E+002, 1.0494996E+002, 1.0349620E+002, 1.0096211E+002, 1.0037525E+002, 1.0310282E+002, 1.0664276E+002, 1.1073069E+002, 1.1225064E+002, 1.1468444E+002, 1.1638868E+002, 1.1827791E+002, 1.2008271E+002, 1.2533599E+002, 1.2896754E+002, 1.3087951E+002, 1.3015601E+002, 1.3142563E+002, 1.3382360E+002, 1.3844158E+002, 1.4174582E+002, 1.4652321E+002, 1.4934308E+002, 1.5397170E+002, 1.5770841E+002, 1.6156695E+002, 1.6363660E+002, 1.6598651E+002, 1.6780668E+002, 1.7264067E+002, 1.7675567E+002, 1.7504704E+002, 1.7013116E+002, 1.6676094E+002, 1.6571930E+002, 1.6627979E+002, 1.7142452E+002, 1.7774255E+002, 1.7951674E+002, 1.7987133E+002, 1.7818847E+002, 1.7104142E+002, 1.6315447E+002, 1.4926212E+002, 1.4065416E+002, 1.3639649E+002, 1.3638375E+002, 1.3386761E+002, 1.3435685E+002, 1.3602738E+002, 1.3676647E+002, 1.3997780E+002, 1.4895964E+002, 1.6060598E+002, 1.6567364E+002, 1.7596034E+002, 1.8230716E+002, 1.8923470E+002, 1.9199746E+002, 1.9872449E+002, 2.0017077E+002, 2.0128208E+002, 2.0959291E+002, 2.2453722E+002, 2.2970210E+002, 2.2859590E+002, 2.2512731E+002, 2.2070494E+002, 2.1892596E+002, 2.2439828E+002, 2.4243048E+002, 2.7965811E+002, 2.9563536E+002, 2.9761521E+002, 2.8880157E+002, 2.7887277E+002, 2.7551519E+002, 2.7831988E+002, 2.8613331E+002, 2.8128710E+002, 2.6696182E+002, 2.5089895E+002, 2.5807595E+002, 2.7153856E+002, 2.8065179E+002
 1.3500078E+002, 7.2093936E+001, 8.4196749E+001, 8.8264310E+001, 9.1532096E+001, 7.6293316E+001, 7.7223117E+001, 9.7802843E+001, 1.0191289E+002, 1.0098970E+002, 9.9261842E+001, 9.6846420E+001, 9.7870649E+001, 1.0365270E+002, 1.0737872E+002, 1.1086725E+002, 1.1296301E+002, 1.1733172E+002, 1.2084429E+002, 1.2513645E+002, 1.2645407E+002, 1.2570049E+002, 1.2451879E+002, 1.2498750E+002, 1.2751389E+002, 1.3400724E+002, 1.3919132E+002, 1.4620973E+002, 1.4993420E+002, 1.5405857E+002, 1.5627290E+002, 1.5941955E+002, 1.6141492E+002, 1.6426914E+002, 1.6617168E+002, 1.6875221E+002, 1.7006989E+002, 1.7052874E+002, 1.6892714E+002, 1.6283729E+002, 1.5952453E+002, 1.5622281E+002, 1.5371483E+002, 1.5087782E+002, 1.5370564E+002, 1.5861131E+002, 1.5936105E+002, 1.5746733E+002, 1.5494279E+002, 1.5033336E+002, 1.4691670E+002, 1.4256542E+002, 1.4058504E+002, 1.3962921E+002, 1.3862584E+002, 1.3648279E+002, 1.3523448E+002, 1.3310874E+002, 1.3143795E+002, 1.3851233E+002, 1.5062399E+002, 1.6062399E+002, 1.6314318E+002, 1.6585304E+002, 1.6902191E+002, 1.8113947E+002, 1.8614117E+002, 1.8932040E+002, 1.8706445E+002, 1.8049618E+002, 1.8397079E+002, 2.0158845E+002, 2.0985126E+002, 2.1228250E+002, 2.1311930E+002, 2.1285796E+002, 2.1502798E+002, 2.2999851E+002, 2.4308836E+002, 2.5933738E+002, 2.6505557E+002, 2.6111976E+002, 2.5918734E+002, 2.5469479E+002, 2.5587035E+002, 2.6376320E+002, 2.6600091E+002, 2.5056151E+002, 2.3803922E+002, 2.3499079E+002, 2.3659252E+002, 2.1348643E+002, 2.1586927E+002, 2.1978633E+002, 2.3165610E+002, 2.5158999E+002, 2.6522609E+002, 2.6551866E+002, 2.5121204E+002, 2.3614214E+002, 2.3330437E+002, 2.3111373E+002, 1.9391813E+002, 2.2716278E+002, 1.9758094E+002, 1.9127753E+002, 2.0716730E+002, 2.0345226E+002, 2.0822752E+002, 2.1797995E+002, 2.1566198E+002, 1.7911090E+002, 1.8662558E+002, 1.8936737E+002, 1.8910184E+002, 1.8715236E+002, 1.8796715E+002, 1.8950645E+002, 1.8939440E+002, 1.8625323E+002, 1.8627981E+002, 1.8055710E+002, 1.7841862E+002, 1.6677762E+002, 1.6249591E+002, 1.6161672E+002, 1.7162464E+002, 1.7619863E+002, 1.6933838E+002, 1.7025244E+002, 1.7101205E+002, 1.6226473E+002, 1.6912348E+002, 1.6613393E+002, 1.7017092E+002, 1.6905860E+002, 1.6939267E+002, 1.7088511E+002, 1.6879166E+002, 1.6244529E+002, 1.6248609E+002, 1.6784856E+002, 1.6940719E+002, 1.6785486E+002, 1.6821158E+002, 1.8203705E+002, 1.9074754E+002, 1.7189279E+002, 1.6924482E+002, 1.7861442E+002, 1.7761375E+002, 1.8123095E+002, 1.8404889E+002, 1.9423392E+002, 1.9407211E+002, 1.9108836E+002, 1.7012679E+002, 1.6962296E+002, 1.7857121E+002, 1.9178531E+002, 1.9024667E+002, 7.2081080E+001, 8.5151965E+001, 9.2489321E+001, 9.1228704E+001, 8.0431076E+001, 8.5276850E+001, 1.0223186E+002, 1.0463257E+002, 1.0317507E+002, 1.0129687E+002, 9.9566235E+001, 1.0111418E+002, 1.0628255E+002, 1.0915084E+002, 1.1185809E+002, 1.1369264E+002, 1.1753131E+002, 1.2044663E+002, 1.2436055E+002, 1.2635858E+002, 1.2785916E+002, 1.2757927E+002, 1.2775615E+002, 1.2993986E+002, 1.3588008E+002, 1.4016802E+002, 1.4496202E+002, 1.4717417E+002, 1.4912458E+002, 1.4883577E+002, 1.5040945E+002, 1.5356925E+002, 1.5704453E+002, 1.5944058E+002, 1.6234874E+002, 1.6394571E+002, 1.6620652E+002, 1.6902626E+002, 1.6764254E+002, 1.6362278E+002, 1.6121436E+002, 1.6146351E+002, 1.6305089E+002, 1.6703848E+002, 1.7428584E+002, 1.7674931E+002, 1.7546584E+002, 1.7203394E+002, 1.6366864E+002, 1.5675910E+002, 1.4702725E+002, 1.4053797E+002, 1.3407598E+002, 1.3325593E+002, 1.3053745E+002, 1.2886523E+002, 1.3129524E+002, 1.3300584E+002, 1.3760304E+002, 1.4682589E+002, 1.5839079E+002, 1.6378928E+002, 1.7430142E+002, 1.8065402E+002, 1.8764725E+002, 1.8977193E+002, 1.9298058E+002, 1.9566996E+002, 2.0358281E+002, 2.1336088E+002, 2.2346235E+002, 2.2357091E+002, 2.1967888E+002, 2.1778083E+002, 2.1773560E+002, 2.2315064E+002, 2.4529429E+002, 2.6645079E+002, 2.8504279E+002, 2.8580361E+002, 2.7919497E+002, 2.7415295E+002, 2.7073412E+002, 2.7397982E+002, 2.8010113E+002, 2.8001285E+002, 2.6588006E+002, 2.4819344E+002, 2.4433159E+002, 2.6262967E+002, 2.9401019E+002, 2.7771330E+002, 2.7384181E+002, 2.8923629E+002
 1.3600279E+002, 3.2055706E+001, 7.7433340E+001, 9.0015978E+001, 9.0178584E+001, 7.2001367E+001, 9.4034994E+001, 9.9587612E+001, 9.8029975E+001, 9.5377270E+001, 9.6877769E+001, 1.0423452E+002, 1.0783891E+002, 1.1141332E+002, 1.1414038E+002, 1.1896886E+002, 1.2188888E+002, 1.2413314E+002, 1.2374125E+002, 1.2231941E+002, 1.2338783E+002, 1.2914475E+002, 1.3446915E+002, 1.4186997E+002, 1.4564830E+002, 1.4939853E+002, 1.5105766E+002, 1.5319243E+002, 1.5471244E+002, 1.5741191E+002, 1.5920830E+002, 1.6165376E+002, 1.6305197E+002, 1.6439843E+002, 1.6460459E+002, 1.6377072E+002, 1.6233177E+002, 1.5781331E+002, 1.5454754E+002, 1.5217011E+002, 1.5089335E+002, 1.4941209E+002, 1.4921870E+002, 1.5292701E+002, 1.5440270E+002, 1.5238369E+002, 1.4992918E+002, 1.4568797E+002, 1.4289574E+002, 1.3923453E+002, 1.3743954E+002, 1.3600221E+002, 1.3528804E+002, 1.3360017E+002, 1.3221769E+002, 1.3040429E+002, 1.2900083E+002, 1.3366436E+002, 1.4567547E+002, 1.5707012E+002, 1.5980780E+002, 1.6328938E+002, 1.6643614E+002, 1.7673108E+002, 1.8249491E+002, 1.8525934E+002, 1.8583484E+002, 1.7405055E+002, 1.7731662E+002, 1.9995339E+002, 2.0660501E+002, 2.0583149E+002, 2.0477262E+002, 2.1791978E+002, 2.3269896E+002, 2.5244767E+002, 2.5947653E+002, 2.5897852E+002, 2.5679766E+002, 2.5435874E+002, 2.5260540E+002, 2.4878347E+002, 2.4945441E+002, 2.5316344E+002, 2.5041295E+002, 2.3966878E+002, 2.3455917E+002, 2.3388965E+002, 2.3632921E+002, 2.2488109E+002, 2.2592763E+002, 2.2772472E+002, 2.1422066E+002, 2.5093911E+002, 2.8062057E+002, 2.8320307E+002, 2.6632071E+002, 2.4525319E+002, 2.3165670E+002, 2.3073911E+002, 2.3624020E+002, 2.1646435E+002, 2.2954592E+002, 2.3539625E+002, 1.7515743E+002, 1.9161162E+002, 1.9912993E+002, 2.0919155E+002, 2.1402574E+002, 2.2110758E+002, 2.1794856E+002, 1.7827208E+002, 1.8644546E+002, 1.8946171E+002, 1.8662246E+002, 1.8388866E+002, 1.8433231E+002, 1.8480742E+002, 1.8478367E+002, 1.8144270E+002, 1.8046382E+002, 1.6936970E+002, 1.6790528E+002, 1.7037006E+002, 1.7156492E+002, 1.6207485E+002, 1.5819746E+002, 1.5888428E+002, 1.5923817E+002, 1.7428115E+002, 1.7565314E+002, 1.6613150E+002, 1.5970881E+002, 1.6059437E+002, 1.7598733E+002, 1.7768865E+002, 1.7850407E+002, 1.7204823E+002, 1.6876326E+002, 1.6798193E+002, 1.6697698E+002, 1.6234640E+002, 1.6075557E+002, 1.6303059E+002, 1.6486329E+002, 1.6473430E+002, 1.6556002E+002, 1.8852522E+002, 1.9063036E+002, 1.7358792E+002, 1.6861895E+002, 1.7224148E+002, 1.7554417E+002, 1.8363902E+002, 1.9241284E+002, 1.9019239E+002, 1.9034063E+002, 1.7548584E+002, 1.7300968E+002, 1.9340608E+002, 1.9306231E+002, 3.7674417E+001, 8.4447150E+001, 9.0805719E+001, 8.9423731E+001, 8.7201876E+001, 1.0270705E+002, 1.0235567E+002, 1.0027690E+002, 9.8973018E+001, 1.0175406E+002, 1.0772990E+002, 1.1022071E+002, 1.1308100E+002, 1.1561585E+002, 1.2026441E+002, 1.2309835E+002, 1.2552206E+002, 1.2580864E+002, 1.2552782E+002, 1.2669086E+002, 1.3145923E+002, 1.3624470E+002, 1.4271720E+002, 1.4547392E+002, 1.4718665E+002, 1.4719513E+002, 1.4564657E+002, 1.4410888E+002, 1.4579224E+002, 1.4899306E+002, 1.5196304E+002, 1.5336919E+002, 1.5425808E+002, 1.5366592E+002, 1.5391829E+002, 1.5701091E+002, 1.6192557E+002, 1.5935352E+002, 1.5690650E+002, 1.5751288E+002, 1.6069256E+002, 1.6259353E+002, 1.6812290E+002, 1.7099480E+002, 1.6958871E+002, 1.6592764E+002, 1.5791894E+002, 1.5194898E+002, 1.4251611E+002, 1.3900640E+002, 1.3299405E+002, 1.3054783E+002, 1.3074655E+002, 1.2882649E+002, 1.2671936E+002, 1.2891467E+002, 1.3306941E+002, 1.4178745E+002, 1.5533721E+002, 1.6081225E+002, 1.7038765E+002, 1.7706174E+002, 1.8530686E+002, 1.8724109E+002, 1.8608332E+002, 1.9108141E+002, 2.0232159E+002, 2.1166662E+002, 2.1946713E+002, 2.1867989E+002, 2.1345224E+002, 2.1356456E+002, 2.2657998E+002, 2.4071785E+002, 2.6136406E+002, 2.7124660E+002, 2.7474142E+002, 2.7233344E+002, 2.6757514E+002, 2.6556972E+002, 2.6833844E+002, 2.7152744E+002, 2.7154596E+002, 2.6712880E+002, 2.5358198E+002, 2.4410372E+002, 2.4542450E+002, 2.5050662E+002, 2.7057992E+002, 2.7845635E+002, 2.6150233E+002, 2.6879239E+002, 3.2080463E+002, 3.7178653E+002
 1.3701357E+002, 2.0328264E+001, 4.7521520E+001, 8.6458671E+001, 8.8864736E+001, 8.0241624E+001, 9.6498150E+001, 9.4771524E+001, 9.3690062E+001, 1.0174285E+002, 1.0677797E+002, 1.1161741E+002, 1.1511871E+002, 1.1973851E+002, 1.2152207E+002, 1.2156700E+002, 1.2074868E+002, 1.2228317E+002, 1.2666793E+002, 1.3586639E+002, 1.4075039E+002, 1.4513887E+002, 1.4665958E+002, 1.4805490E+002, 1.4897121E+002, 1.5066700E+002, 1.5220364E+002, 1.5474480E+002, 1.5620471E+002, 1.5765863E+002, 1.5804825E+002, 1.5767943E+002, 1.5709099E+002, 1.5614466E+002, 1.5530668E+002, 1.5258466E+002, 1.5019540E+002, 1.4859613E+002, 1.4849764E+002, 1.4894286E+002, 1.4825987E+002, 1.4680967E+002, 1.4738952E+002, 1.4712320E+002, 1.4516258E+002, 1.4171727E+002, 1.3934328E+002, 1.3598770E+002, 1.3442220E+002, 1.3299523E+002, 1.3225194E+002, 1.3099568E+002, 1.2996595E+002, 1.2803447E+002, 1.2671947E+002, 1.2890215E+002, 1.3912990E+002, 1.5300487E+002, 1.5627637E+002, 1.6010147E+002, 1.6414906E+002, 1.7325942E+002, 1.7794415E+002, 1.8084907E+002, 1.8261032E+002, 1.7435490E+002, 1.6939962E+002, 1.9269528E+002, 2.0290074E+002, 2.0034967E+002, 2.0314030E+002, 2.2879601E+002, 2.4490169E+002, 2.5259138E+002, 2.5142883E+002, 2.4938778E+002, 2.4894807E+002, 2.4798082E+002, 2.4715173E+002, 2.4537803E+002, 2.4223805E+002, 2.3722154E+002, 2.3340745E+002, 2.3091979E+002, 2.3311571E+002, 2.3760062E+002, 2.3867359E+002, 2.2888314E+002, 2.3673350E+002, 2.4404895E+002, 2.1136355E+002, 2.2785084E+002, 2.5537010E+002, 2.7791828E+002, 2.8073459E+002, 2.6614366E+002, 2.5245652E+002, 2.3631966E+002, 2.2903093E+002, 2.3973377E+002, 2.2514984E+002, 2.3346155E+002, 2.3299223E+002, 2.2164233E+002, 1.7997829E+002, 1.9089964E+002, 2.0447176E+002, 2.1221663E+002, 2.1952557E+002, 2.2584031E+002, 2.2531880E+002, 1.7407485E+002, 1.8820462E+002, 1.9864462E+002, 1.8476496E+002, 1.8042317E+002, 1.8167058E+002, 1.8107380E+002, 1.8072321E+002, 1.7889359E+002, 1.7656733E+002, 1.6278763E+002, 1.6358993E+002, 1.6566701E+002, 1.7056705E+002, 1.7901667E+002, 1.7327032E+002, 1.6081343E+002, 1.4113531E+002, 1.6179709E+002, 1.7220767E+002, 1.6935289E+002, 1.6213624E+002, 1.4791227E+002, 1.6947523E+002, 1.7879998E+002, 1.8149432E+002, 1.8199022E+002, 1.8097434E+002, 1.7979138E+002, 1.7730144E+002, 1.7263573E+002, 1.6889273E+002, 1.6160611E+002, 1.5886486E+002, 1.5749250E+002, 1.5955312E+002, 1.6536025E+002, 1.8639005E+002, 1.8766131E+002, 1.8643251E+002, 1.7114510E+002, 1.6289153E+002, 1.6743970E+002, 1.7916027E+002, 1.8683409E+002, 1.8593791E+002, 1.9086950E+002, 1.8946335E+002, 1.7953353E+002, 1.8200121E+002, 2.0243681E+001, 5.9805424E+001, 8.7776158E+001, 8.8461001E+001, 1.0078272E+002, 1.0066875E+002, 9.7990184E+001, 1.0014001E+002, 1.0752809E+002, 1.1053982E+002, 1.1445180E+002, 1.1773929E+002, 1.2219775E+002, 1.2385693E+002, 1.2388715E+002, 1.2360768E+002, 1.2622056E+002, 1.3042100E+002, 1.3833716E+002, 1.4234099E+002, 1.4523134E+002, 1.4523690E+002, 1.4451345E+002, 1.4430531E+002, 1.4309387E+002, 1.4238609E+002, 1.4363004E+002, 1.4568930E+002, 1.4711555E+002, 1.4725858E+002, 1.4528405E+002, 1.4310591E+002, 1.4309357E+002, 1.4704832E+002, 1.5478227E+002, 1.5536960E+002, 1.5384853E+002, 1.5461944E+002, 1.5778948E+002, 1.6020630E+002, 1.6093459E+002, 1.6249232E+002, 1.6362513E+002, 1.6241230E+002, 1.5806910E+002, 1.5243238E+002, 1.4228180E+002, 1.3648667E+002, 1.3191654E+002, 1.2915953E+002, 1.2715781E+002, 1.2812443E+002, 1.2670990E+002, 1.2566105E+002, 1.2891255E+002, 1.3598216E+002, 1.5044490E+002, 1.5728390E+002, 1.6649701E+002, 1.7290983E+002, 1.8190896E+002, 1.8452381E+002, 1.8258301E+002, 1.8616197E+002, 1.9932509E+002, 2.0689513E+002, 2.1452386E+002, 2.1447912E+002, 2.1095254E+002, 2.1751355E+002, 2.4011197E+002, 2.5298547E+002, 2.6171542E+002, 2.6211974E+002, 2.5838696E+002, 2.5589883E+002, 2.5815034E+002, 2.5984552E+002, 2.6345903E+002, 2.6277369E+002, 2.5655536E+002, 2.5177647E+002, 2.4309751E+002, 2.3863918E+002, 2.3394893E+002, 2.3388281E+002, 2.3678166E+002, 2.5699684E+002, 2.6288445E+002, 2.6162054E+002, 2.9402973E+002, 3.4091341E+002, 3.7950015E+002, 3.9169893E+002
 1.3800729E+002, 2.0031640E+001, 2.7990023E+001, 8.4558804E+001, 8.7259488E+001, 8.9064412E+001, 9.2427274E+001, 9.6079748E+001, 1.0349500E+002, 1.1123460E+002, 1.1540658E+002, 1.1914119E+002, 1.1952486E+002, 1.1932501E+002, 1.2082992E+002, 1.2714436E+002, 1.3303405E+002, 1.4008205E+002, 1.4244435E+002, 1.4355088E+002, 1.4407426E+002, 1.4533482E+002, 1.4654210E+002, 1.4866244E+002, 1.5003059E+002, 1.5149247E+002, 1.5176744E+002, 1.5128046E+002, 1.5057588E+002, 1.4949166E+002, 1.4902686E+002, 1.4886837E+002, 1.4873870E+002, 1.4729738E+002, 1.4626019E+002, 1.4621982E+002, 1.4706867E+002, 1.4747697E+002, 1.4621244E+002, 1.4286514E+002, 1.4190811E+002, 1.4212673E+002, 1.4162983E+002, 1.3946818E+002, 1.3728337E+002, 1.3367050E+002, 1.3178608E+002, 1.3023115E+002, 1.2940197E+002, 1.2824254E+002, 1.2752061E+002, 1.2593220E+002, 1.2442122E+002, 1.2721311E+002, 1.3622126E+002, 1.4982703E+002, 1.5376599E+002, 1.5907776E+002, 1.6433978E+002, 1.7207232E+002, 1.7521291E+002, 1.7794840E+002, 1.8011567E+002, 1.7266162E+002, 1.7207310E+002, 1.8608774E+002, 1.9734261E+002, 2.0161893E+002, 2.1172487E+002, 2.3096960E+002, 2.4176548E+002, 2.4149170E+002, 2.4044615E+002, 2.4019774E+002, 2.4066499E+002, 2.4242491E+002, 2.4313851E+002, 2.3721088E+002, 2.3038385E+002, 2.2560929E+002, 2.2629966E+002, 2.2772172E+002, 2.2830217E+002, 2.2811131E+002, 2.2979300E+002, 2.3821740E+002, 2.4523024E+002, 2.3672707E+002, 2.1950261E+002, 2.2210348E+002, 2.6428262E+002, 2.9101041E+002, 3.0950106E+002, 2.9610382E+002, 2.7732502E+002, 2.6573769E+002, 2.3982487E+002, 2.2671818E+002, 2.3747286E+002, 2.2406587E+002, 2.2846217E+002, 2.2004226E+002, 2.0503638E+002, 2.0263309E+002, 1.8367187E+002, 2.0588882E+002, 2.1055488E+002, 2.0739321E+002, 2.0490677E+002, 2.1177466E+002, 2.1254182E+002, 1.9643593E+002, 1.7451379E+002, 2.0608181E+002, 1.8954742E+002, 1.6876654E+002, 1.7290966E+002, 1.7976423E+002, 1.8210312E+002, 1.8116466E+002, 1.8038716E+002, 1.7229600E+002, 1.5669435E+002, 1.6191335E+002, 1.7135890E+002, 1.8338750E+002, 1.8417643E+002, 1.7536677E+002, 1.7036870E+002, 1.5317075E+002, 1.4389555E+002, 1.6137854E+002, 1.6022584E+002, 1.5820357E+002, 1.6842128E+002, 1.7553459E+002, 1.7571459E+002, 1.7698361E+002, 1.7695404E+002, 1.7518708E+002, 1.7493525E+002, 1.7873476E+002, 1.8278269E+002, 1.8478123E+002, 1.8092736E+002, 1.7128323E+002, 1.6175929E+002, 1.5211904E+002, 1.5801917E+002, 1.8088486E+002, 1.8149616E+002, 1.8421709E+002, 1.8241323E+002, 1.6195882E+002, 1.5516632E+002, 1.8276852E+002, 1.8196746E+002, 1.8353719E+002, 1.9089412E+002, 1.8905276E+002, 1.8729792E+002, 2.0014622E+001, 3.6816312E+001, 8.4852594E+001, 8.8702986E+001, 9.7715515E+001, 9.7777940E+001, 1.0561385E+002, 1.1053012E+002, 1.1608839E+002, 1.1958281E+002, 1.2241214E+002, 1.2242543E+002, 1.2260464E+002, 1.2477671E+002, 1.3199473E+002, 1.3740127E+002, 1.4271526E+002, 1.4363601E+002, 1.4171889E+002, 1.3927742E+002, 1.3690030E+002, 1.3777861E+002, 1.4074543E+002, 1.4254950E+002, 1.4483074E+002, 1.4468292E+002, 1.4240349E+002, 1.4027707E+002, 1.3690299E+002, 1.3478229E+002, 1.3540028E+002, 1.4052277E+002, 1.4895078E+002, 1.5157531E+002, 1.5228375E+002, 1.5346770E+002, 1.5592627E+002, 1.5669000E+002, 1.5573964E+002, 1.5581687E+002, 1.5861717E+002, 1.6037992E+002, 1.6063231E+002, 1.5682860E+002, 1.4617105E+002, 1.3826748E+002, 1.3087014E+002, 1.2824220E+002, 1.2456569E+002, 1.2455804E+002, 1.2678493E+002, 1.2561671E+002, 1.2715261E+002, 1.3458046E+002, 1.4813721E+002, 1.5544295E+002, 1.6519181E+002, 1.7194647E+002, 1.7915052E+002, 1.8114843E+002, 1.8208613E+002, 1.8635775E+002, 1.9631172E+002, 2.0299764E+002, 2.0805626E+002, 2.0884114E+002, 2.1821434E+002, 2.2914477E+002, 2.4750623E+002, 2.5325519E+002, 2.5087578E+002, 2.4729570E+002, 2.3968908E+002, 2.3696622E+002, 2.4237884E+002, 2.4973763E+002, 2.5120566E+002, 2.4734411E+002, 2.4253040E+002, 2.4202868E+002, 2.3829739E+002, 2.3230896E+002, 2.2142239E+002, 2.1659294E+002, 2.2621869E+002, 2.3477075E+002, 2.4791651E+002, 2.6178516E+002, 2.8465313E+002, 3.3243070E+002, 3.6595768E+002, 3.8675772E+002, 3.7652572E+002, 3.4644758E+002
 1.3900001E+002, 2.1471390E+001, 5.5883827E+001, 8.5168820E+001, 8.0849140E+001, 8.8855069E+001, 9.6956780E+001, 1.1048417E+002, 1.1480836E+002, 1.1704293E+002, 1.1764878E+002, 1.2145645E+002, 1.2639022E+002, 1.3398638E+002, 1.3751330E+002, 1.3965706E+002, 1.3984075E+002, 1.4041733E+002, 1.4121886E+002, 1.4297821E+002, 1.4423913E+002, 1.4579528E+002, 1.4630033E+002, 1.4600384E+002, 1.4519922E+002, 1.4364566E+002, 1.4281133E+002, 1.4225629E+002, 1.4250564E+002, 1.4332082E+002, 1.4365724E+002, 1.4411989E+002, 1.4451054E+002, 1.4545611E+002, 1.4570536E+002, 1.4385726E+002, 1.4151958E+002, 1.3822693E+002, 1.3798370E+002, 1.3945650E+002, 1.3954251E+002, 1.3742920E+002, 1.3513649E+002, 1.3119168E+002, 1.2899920E+002, 1.2705412E+002, 1.2628149E+002, 1.2523867E+002, 1.2470095E+002, 1.2362251E+002, 1.2233786E+002, 1.2648624E+002, 1.3519116E+002, 1.4871879E+002, 1.5354094E+002, 1.6136281E+002, 1.6634514E+002, 1.7178902E+002, 1.7414588E+002, 1.7759411E+002, 1.7622346E+002, 1.7347718E+002, 1.7507061E+002, 1.8816025E+002, 2.0033779E+002, 2.1170567E+002, 2.1966798E+002, 2.3128826E+002, 2.3169228E+002, 2.3133887E+002, 2.3134731E+002, 2.3249437E+002, 2.3402211E+002, 2.3431262E+002, 2.3119974E+002, 2.2449706E+002, 2.2127038E+002, 2.1978445E+002, 2.2109489E+002, 2.2132887E+002, 2.2129591E+002, 2.2558211E+002, 2.3039523E+002, 2.3659597E+002, 2.3743001E+002, 2.2965515E+002, 2.2486039E+002, 2.5287015E+002, 2.9067940E+002, 3.1260242E+002, 3.0820243E+002, 2.9471199E+002, 2.7660282E+002, 2.6089865E+002, 2.4309704E+002, 2.3036004E+002, 2.3209463E+002, 2.3211423E+002, 2.2554602E+002, 2.2626889E+002, 2.1608947E+002, 2.0465398E+002, 2.0923288E+002, 2.0061254E+002, 1.9622426E+002, 1.9790711E+002, 2.0094817E+002, 2.0901517E+002, 2.1415683E+002, 2.1649370E+002, 2.2075581E+002, 2.0943069E+002, 1.7059469E+002, 2.0910294E+002, 2.0150043E+002, 1.8207909E+002, 1.6824721E+002, 1.6591723E+002, 1.7077615E+002, 1.7979639E+002, 1.8121138E+002, 1.8155358E+002, 1.7936371E+002, 1.5378030E+002, 1.6026696E+002, 1.8055828E+002, 1.8790609E+002, 1.7969182E+002, 1.7120187E+002, 1.7537217E+002, 1.7272313E+002, 1.4874580E+002, 1.4572452E+002, 1.5865844E+002, 1.6406911E+002, 1.7482570E+002, 1.7089343E+002, 1.7102466E+002, 1.7140068E+002, 1.7082369E+002, 1.7063844E+002, 1.7079500E+002, 1.7280559E+002, 1.7729381E+002, 1.8122579E+002, 1.8857042E+002, 1.9078556E+002, 1.8590037E+002, 1.7691223E+002, 1.6063003E+002, 1.6054725E+002, 1.7616950E+002, 1.8177505E+002, 1.8037853E+002, 1.6926555E+002, 1.5290200E+002, 1.7911343E+002, 1.7573281E+002, 1.8206673E+002, 1.8300274E+002, 1.9001233E+002, 2.0832261E+001, 6.0122230E+001, 8.6634283E+001, 8.9900626E+001, 1.0027055E+002, 1.1010030E+002, 1.1758759E+002, 1.2011079E+002, 1.2086873E+002, 1.2170869E+002, 1.2672169E+002, 1.3201034E+002, 1.3892321E+002, 1.4132628E+002, 1.4099202E+002, 1.3936409E+002, 1.3625456E+002, 1.3424531E+002, 1.3212488E+002, 1.3244412E+002, 1.3531725E+002, 1.3758892E+002, 1.3996982E+002, 1.4004926E+002, 1.3788105E+002, 1.3595470E+002, 1.3344834E+002, 1.3282113E+002, 1.3594606E+002, 1.4031825E+002, 1.4764233E+002, 1.5014048E+002, 1.5143117E+002, 1.5226088E+002, 1.5251149E+002, 1.5174116E+002, 1.5089273E+002, 1.5229756E+002, 1.5747777E+002, 1.6022402E+002, 1.5811138E+002, 1.5360371E+002, 1.4263721E+002, 1.3514553E+002, 1.2646168E+002, 1.2451783E+002, 1.2166782E+002, 1.2061813E+002, 1.2266488E+002, 1.2445167E+002, 1.2736909E+002, 1.3529460E+002, 1.5002792E+002, 1.5738864E+002, 1.6766064E+002, 1.7295727E+002, 1.7749832E+002, 1.7911012E+002, 1.8441224E+002, 1.8776209E+002, 1.9516244E+002, 1.9819579E+002, 2.0737141E+002, 2.1642313E+002, 2.2994720E+002, 2.3948934E+002, 2.4377918E+002, 2.4107971E+002, 2.3514980E+002, 2.2992122E+002, 2.2295641E+002, 2.2138439E+002, 2.2675001E+002, 2.3232987E+002, 2.3621472E+002, 2.3609757E+002, 2.3570952E+002, 2.3470603E+002, 2.2783185E+002, 2.2059227E+002, 2.1251066E+002, 2.1044884E+002, 2.1595985E+002, 2.3119972E+002, 2.4829753E+002, 2.6566754E+002, 3.2164011E+002, 3.5531034E+002, 3.8207644E+002, 3.7595025E+002, 3.4507342E+002, 2.9727065E+002, 2.5970904E+002, 2.3387968E+002
 1.4000083E+002, 3.8767952E+001, 8.1104549E+001, 8.1980854E+001, 7.4993637E+001, 9.8155476E+001, 1.1046018E+002, 1.1482420E+002, 1.1742933E+002, 1.2509729E+002, 1.3059537E+002, 1.3564687E+002, 1.3640485E+002, 1.3650034E+002, 1.3674679E+002, 1.3757020E+002, 1.3822521E+002, 1.3914677E+002, 1.3962655E+002, 1.4006215E+002, 1.4004448E+002, 1.3938443E+002, 1.3863176E+002, 1.3762742E+002, 1.3743573E+002, 1.3816009E+002, 1.3914989E+002, 1.4067784E+002, 1.4158581E+002, 1.4278833E+002, 1.4330440E+002, 1.4339403E+002, 1.4203246E+002, 1.3892106E+002, 1.3683865E+002, 1.3560718E+002, 1.3623876E+002, 1.3767003E+002, 1.3728743E+002, 1.3373404E+002, 1.3082214E+002, 1.2699326E+002, 1.2491528E+002, 1.2303442E+002, 1.2262840E+002, 1.2209227E+002, 1.2165766E+002, 1.2096444E+002, 1.2019810E+002, 1.2369927E+002, 1.3151992E+002, 1.4643271E+002, 1.5177735E+002, 1.6091374E+002, 1.6625542E+002, 1.7032136E+002, 1.7302570E+002, 1.7667002E+002, 1.7481726E+002, 1.7109899E+002, 1.7404418E+002, 1.9744240E+002, 2.0622423E+002, 2.1984674E+002, 2.2323772E+002, 2.2303833E+002, 2.2271615E+002, 2.2300449E+002, 2.2326429E+002, 2.2325595E+002, 2.2276503E+002, 2.2082117E+002, 2.1810421E+002, 2.1408404E+002, 2.1313956E+002, 2.1550305E+002, 2.1534562E+002, 2.1574322E+002, 2.1819422E+002, 2.2318140E+002, 2.2583083E+002, 2.2791949E+002, 2.2650090E+002, 2.3856537E+002, 2.5655552E+002, 2.9037788E+002, 3.2533276E+002, 3.0641675E+002, 2.9220090E+002, 2.7289418E+002, 2.5968823E+002, 2.4851988E+002, 2.3928951E+002, 2.2432089E+002, 2.2381031E+002, 2.3390218E+002, 2.2162298E+002, 2.2084466E+002, 2.1907052E+002, 2.0878716E+002, 2.0909807E+002, 2.1239568E+002, 2.0289972E+002, 1.8402349E+002, 1.9380894E+002, 2.0095936E+002, 2.0975404E+002, 2.1254617E+002, 2.2224211E+002, 2.2876179E+002, 2.2320973E+002, 2.0882401E+002, 1.9558788E+002, 2.0201984E+002, 1.9786514E+002, 1.9094424E+002, 1.8228923E+002, 1.6949516E+002, 1.6788645E+002, 1.6715472E+002, 1.7371506E+002, 1.7600951E+002, 1.7585072E+002, 1.6974821E+002, 1.5585155E+002, 1.6363239E+002, 1.7937112E+002, 1.7651855E+002, 1.4671406E+002, 1.8616602E+002, 1.9568579E+002, 1.8684251E+002, 1.6594535E+002, 1.3541649E+002, 1.4535115E+002, 1.6300445E+002, 1.6242232E+002, 1.6828889E+002, 1.6934520E+002, 1.6921823E+002, 1.6973085E+002, 1.6755889E+002, 1.6779907E+002, 1.6994405E+002, 1.7199731E+002, 1.7582435E+002, 1.8032098E+002, 1.8468463E+002, 1.8481676E+002, 1.8522337E+002, 1.8396007E+002, 1.6778800E+002, 1.6325737E+002, 1.6879376E+002, 1.7507474E+002, 1.5726754E+002, 1.6042554E+002, 1.7782137E+002, 1.7385619E+002, 1.7705994E+002, 1.8061376E+002, 3.4385170E+001, 8.2500359E+001, 8.7168832E+001, 9.0438835E+001, 1.1593237E+002, 1.1909504E+002, 1.2027232E+002, 1.2339835E+002, 1.3193313E+002, 1.3704429E+002, 1.4005237E+002, 1.3912922E+002, 1.3691908E+002, 1.3531025E+002, 1.3231902E+002, 1.2987953E+002, 1.2664763E+002, 1.2523113E+002, 1.2598842E+002, 1.2785912E+002, 1.3225612E+002, 1.3387875E+002, 1.3386351E+002, 1.3343471E+002, 1.3410595E+002, 1.3584473E+002, 1.4066184E+002, 1.4443458E+002, 1.4827944E+002, 1.4892345E+002, 1.4923413E+002, 1.4891950E+002, 1.4807279E+002, 1.4794263E+002, 1.4904983E+002, 1.5165649E+002, 1.5615978E+002, 1.5627384E+002, 1.5036980E+002, 1.4333746E+002, 1.3310999E+002, 1.2655499E+002, 1.1752004E+002, 1.1525466E+002, 1.1723168E+002, 1.1680911E+002, 1.1721245E+002, 1.1984408E+002, 1.2532496E+002, 1.3267412E+002, 1.4980245E+002, 1.5815907E+002, 1.6836541E+002, 1.7308089E+002, 1.7557773E+002, 1.7862650E+002, 1.8465474E+002, 1.8859609E+002, 1.9130604E+002, 1.9743106E+002, 2.1484037E+002, 2.2488384E+002, 2.3688480E+002, 2.3690589E+002, 2.3187130E+002, 2.2796623E+002, 2.2216339E+002, 2.1810764E+002, 2.1259820E+002, 2.1082646E+002, 2.1556402E+002, 2.2171891E+002, 2.2877875E+002, 2.2946592E+002, 2.2928234E+002, 2.2553421E+002, 2.1722783E+002, 2.1300687E+002, 2.1021134E+002, 2.1059627E+002, 2.1711880E+002, 2.2525503E+002, 2.6592139E+002, 2.9836257E+002, 3.3803313E+002, 3.7231729E+002, 3.7692447E+002, 3.5746083E+002, 3.0979412E+002, 2.5002186E+002, 2.1224500E+002, 2.0555149E+002, 2.2036231E+002, 2.4336123E+002
 1.4100834E+002, 7.7208495E+001, 8.4848454E+001, 7.5787887E+001, 9.3216769E+001, 1.0919286E+002, 1.1578873E+002, 1.2767022E+002, 1.3232031E+002, 1.3350730E+002, 1.3343230E+002, 1.3350317E+002, 1.3355260E+002, 1.3323984E+002, 1.3300848E+002, 1.3289332E+002, 1.3295249E+002, 1.3309122E+002, 1.3316413E+002, 1.3319032E+002, 1.3329282E+002, 1.3388027E+002, 1.3471846E+002, 1.3670448E+002, 1.3824379E+002, 1.3976672E+002, 1.4014309E+002, 1.4027156E+002, 1.3993464E+002, 1.3814331E+002, 1.3684242E+002, 1.3547485E+002, 1.3481520E+002, 1.3454129E+002, 1.3464225E+002, 1.3399583E+002, 1.3249341E+002, 1.2867558E+002, 1.2593571E+002, 1.2213025E+002, 1.2019307E+002, 1.1859844E+002, 1.1851713E+002, 1.1869785E+002, 1.1838476E+002, 1.1779260E+002, 1.1782386E+002, 1.2312942E+002, 1.3142057E+002, 1.4524991E+002, 1.5147975E+002, 1.6037148E+002, 1.6482034E+002, 1.6893902E+002, 1.7231387E+002, 1.7561989E+002, 1.7138796E+002, 1.6924165E+002, 1.8028681E+002, 2.0356110E+002, 2.1313147E+002, 2.1737205E+002, 2.1596758E+002, 2.1488552E+002, 2.1461256E+002, 2.1356117E+002, 2.1242970E+002, 2.1095274E+002, 2.1046787E+002, 2.1023981E+002, 2.0941489E+002, 2.0830255E+002, 2.0877390E+002, 2.1009517E+002, 2.1122099E+002, 2.1367556E+002, 2.1500837E+002, 2.1671091E+002, 2.1761353E+002, 2.2639226E+002, 2.4375009E+002, 2.6852665E+002, 2.9183160E+002, 3.1605326E+002, 3.1585688E+002, 3.0278880E+002, 2.8736260E+002, 2.5248654E+002, 2.4067854E+002, 2.3400164E+002, 2.2942144E+002, 2.2397736E+002, 2.1580134E+002, 2.2897709E+002, 2.2559515E+002, 2.2129865E+002, 2.2644460E+002, 2.1486271E+002, 2.2550913E+002, 2.2289221E+002, 2.1262262E+002, 2.0904038E+002, 1.7919335E+002, 1.9086485E+002, 2.1238208E+002, 2.1877907E+002, 2.1500433E+002, 2.2275941E+002, 2.1605420E+002, 1.9225101E+002, 1.8470147E+002, 1.7596693E+002, 1.7990471E+002, 1.8756749E+002, 1.9835634E+002, 1.9354309E+002, 1.8466154E+002, 1.5866340E+002, 1.5347220E+002, 1.6637017E+002, 1.7935518E+002, 1.7255005E+002, 1.7192313E+002, 1.6740223E+002, 1.5444981E+002, 1.5442321E+002, 1.7008147E+002, 1.7775626E+002, 1.3473104E+002, 1.8851249E+002, 1.9776204E+002, 1.8202938E+002, 1.7670305E+002, 1.4915332E+002, 1.2871193E+002, 1.5305624E+002, 1.5387384E+002, 1.6425455E+002, 1.6864000E+002, 1.7184305E+002, 1.7223341E+002, 1.7082791E+002, 1.6797645E+002, 1.6558771E+002, 1.6550142E+002, 1.6860223E+002, 1.7004467E+002, 1.7448512E+002, 1.7850947E+002, 1.7784346E+002, 1.7559059E+002, 1.7610523E+002, 1.7732225E+002, 1.7265392E+002, 1.6452207E+002, 1.6092316E+002, 1.5357283E+002, 1.7389085E+002, 1.7896640E+002, 1.7140689E+002, 1.7678018E+002, 7.1784378E+001, 9.0312873E+001, 8.8211746E+001, 1.1121402E+002, 1.1950167E+002, 1.2569822E+002, 1.3553601E+002, 1.3804421E+002, 1.3689645E+002, 1.3560841E+002, 1.3380539E+002, 1.3223177E+002, 1.2859722E+002, 1.2555696E+002, 1.2163854E+002, 1.2017772E+002, 1.2050512E+002, 1.2184953E+002, 1.2448002E+002, 1.2660273E+002, 1.2978218E+002, 1.3196837E+002, 1.3559713E+002, 1.3888593E+002, 1.4386057E+002, 1.4585054E+002, 1.4615594E+002, 1.4557787E+002, 1.4469437E+002, 1.4453677E+002, 1.4550684E+002, 1.4662139E+002, 1.4864845E+002, 1.5029864E+002, 1.5117618E+002, 1.4879283E+002, 1.4043020E+002, 1.3422662E+002, 1.2448927E+002, 1.1915290E+002, 1.1126125E+002, 1.0805742E+002, 1.1172725E+002, 1.1282562E+002, 1.1261530E+002, 1.1511320E+002, 1.2406224E+002, 1.3298270E+002, 1.5067895E+002, 1.5961248E+002, 1.6844362E+002, 1.7173488E+002, 1.7427553E+002, 1.7796875E+002, 1.8425756E+002, 1.8477457E+002, 1.9089634E+002, 2.0311141E+002, 2.2351266E+002, 2.3046124E+002, 2.2910634E+002, 2.2545666E+002, 2.2026284E+002, 2.1712469E+002, 2.1209152E+002, 2.0873341E+002, 2.0521949E+002, 2.0608779E+002, 2.1287246E+002, 2.1887115E+002, 2.2398090E+002, 2.2296760E+002, 2.1880151E+002, 2.1552855E+002, 2.1229442E+002, 2.1130370E+002, 2.1223685E+002, 2.1364698E+002, 2.2402794E+002, 2.4779658E+002, 2.9145656E+002, 3.2631385E+002, 3.5990075E+002, 3.5523051E+002, 3.2356901E+002, 2.8963110E+002, 2.6703647E+002, 2.2435637E+002, 1.9693201E+002, 1.9866736E+002, 2.0468512E+002, 2.3084598E+002, 2.4855623E+002, 2.4873784E+002
 1.4200857E+002, 8.4958343E+001, 8.1925370E+001, 9.2721203E+001, 9.9208357E+001, 1.2327659E+002, 1.3050075E+002, 1.3070794E+002, 1.3061592E+002, 1.3022535E+002, 1.2941396E+002, 1.2804803E+002, 1.2745620E+002, 1.2713330E+002, 1.2724565E+002, 1.2773310E+002, 1.2822994E+002, 1.2924432E+002, 1.3021390E+002, 1.3221117E+002, 1.3379289E+002, 1.3628898E+002, 1.3782375E+002, 1.3872048E+002, 1.3790206E+002, 1.3603523E+002, 1.3496310E+002, 1.3384800E+002, 1.3375570E+002, 1.3367838E+002, 1.3342781E+002, 1.3214678E+002, 1.3111278E+002, 1.2932245E+002, 1.2739130E+002, 1.2364521E+002, 1.2113624E+002, 1.1765349E+002, 1.1584620E+002, 1.1468891E+002, 1.1495200E+002, 1.1549854E+002, 1.1528757E+002, 1.1460375E+002, 1.1587048E+002, 1.2341228E+002, 1.3265680E+002, 1.4511934E+002, 1.5112549E+002, 1.5971929E+002, 1.6343426E+002, 1.6782399E+002, 1.7217341E+002, 1.7465822E+002, 1.6867964E+002, 1.6976385E+002, 1.8458128E+002, 2.0783209E+002, 2.1109608E+002, 2.1014832E+002, 2.0831654E+002, 2.0632936E+002, 2.0525411E+002, 2.0329395E+002, 2.0275379E+002, 2.0365496E+002, 2.0496017E+002, 2.0569568E+002, 2.0482287E+002, 2.0393800E+002, 2.0481905E+002, 2.0725807E+002, 2.0808117E+002, 2.0878745E+002, 2.0943800E+002, 2.1296013E+002, 2.2629361E+002, 2.5086996E+002, 2.6771248E+002, 2.9268065E+002, 2.9350449E+002, 2.8917400E+002, 2.8034296E+002, 2.6078471E+002, 2.4492618E+002, 2.2204218E+002, 2.1088714E+002, 2.1960824E+002, 2.1832762E+002, 2.1644788E+002, 2.1276427E+002, 2.0305661E+002, 2.2833028E+002, 2.1720640E+002, 2.2230840E+002, 2.2027610E+002, 2.1190582E+002, 2.2607521E+002, 2.1951871E+002, 2.1568296E+002, 2.0764580E+002, 1.8329858E+002, 1.9649473E+002, 2.4081260E+002, 2.5720965E+002, 2.7003990E+002, 2.7787314E+002, 2.8565190E+002, 2.5996445E+002, 1.7677715E+002, 1.6493741E+002, 1.7309811E+002, 1.7249313E+002, 2.0340566E+002, 1.9652172E+002, 1.7050498E+002, 1.7298470E+002, 1.8420438E+002, 1.8013155E+002, 1.5711666E+002, 1.6129174E+002, 1.7067107E+002, 1.9025427E+002, 1.8870494E+002, 1.8225650E+002, 1.6122235E+002, 1.5225357E+002, 1.7306929E+002, 1.3451388E+002, 1.9654566E+002, 2.0150471E+002, 1.8162194E+002, 1.6812196E+002, 1.3521430E+002, 1.4378934E+002, 1.5084449E+002, 1.4960661E+002, 1.6231464E+002, 1.6709366E+002, 1.7108809E+002, 1.7347850E+002, 1.7489002E+002, 1.7456647E+002, 1.7138451E+002, 1.6854018E+002, 1.6433782E+002, 1.6305651E+002, 1.6507172E+002, 1.6673190E+002, 1.7324067E+002, 1.7530839E+002, 1.7201272E+002, 1.7128843E+002, 1.7004109E+002, 1.7097042E+002, 1.7289455E+002, 1.6746807E+002, 1.5644024E+002, 1.6853147E+002, 1.7410933E+002, 1.7559108E+002, 7.9266895E+001, 8.7214818E+001, 1.0990105E+002, 1.1974904E+002, 1.3507410E+002, 1.3588504E+002, 1.3411474E+002, 1.3311997E+002, 1.3095481E+002, 1.2894394E+002, 1.2532241E+002, 1.2263811E+002, 1.1926660E+002, 1.1811404E+002, 1.1798372E+002, 1.1946442E+002, 1.2256380E+002, 1.2472149E+002, 1.2793011E+002, 1.3040735E+002, 1.3461929E+002, 1.3784238E+002, 1.4257186E+002, 1.4382486E+002, 1.4249202E+002, 1.4160986E+002, 1.4186334E+002, 1.4291216E+002, 1.4469729E+002, 1.4545846E+002, 1.4592006E+002, 1.4641113E+002, 1.4625376E+002, 1.4280227E+002, 1.3207919E+002, 1.2587397E+002, 1.1866367E+002, 1.1383657E+002, 1.0726574E+002, 1.0575246E+002, 1.0767303E+002, 1.1106638E+002, 1.0952962E+002, 1.1241026E+002, 1.2294749E+002, 1.3401458E+002, 1.5187627E+002, 1.6043512E+002, 1.6773364E+002, 1.6976792E+002, 1.7247089E+002, 1.7643621E+002, 1.8166895E+002, 1.8099838E+002, 1.9187984E+002, 2.0722405E+002, 2.2475471E+002, 2.2530514E+002, 2.2018930E+002, 2.1645235E+002, 2.1142632E+002, 2.0842357E+002, 2.0450027E+002, 2.0296093E+002, 2.0326556E+002, 2.0533476E+002, 2.1190758E+002, 2.1582705E+002, 2.1682957E+002, 2.1503291E+002, 2.1308211E+002, 2.1157665E+002, 2.1039893E+002, 2.1049514E+002, 2.1259340E+002, 2.2257876E+002, 2.5355333E+002, 2.7888199E+002, 3.2564050E+002, 3.4243852E+002, 3.4092793E+002, 3.2770619E+002, 2.9174751E+002, 2.5186469E+002, 1.8370982E+002, 1.5238606E+002, 1.8634315E+002, 2.0224829E+002, 2.0143384E+002, 2.1472739E+002, 2.4032828E+002, 2.5011407E+002, 2.4637438E+002, 2.5131233E+002
 1.4301024E+002, 7.6195500E+001, 7.9712983E+001, 9.3880959E+001, 1.1205640E+002, 1.2752624E+002, 1.2744400E+002, 1.2687819E+002, 1.2546805E+002, 1.2366354E+002, 1.2306942E+002, 1.2303796E+002, 1.2343026E+002, 1.2451381E+002, 1.2554486E+002, 1.2755323E+002, 1.2911943E+002, 1.3155511E+002, 1.3318808E+002, 1.3557443E+002, 1.3681890E+002, 1.3627398E+002, 1.3479665E+002, 1.3257414E+002, 1.3216058E+002, 1.3183547E+002, 1.3141021E+002, 1.2999403E+002, 1.2906171E+002, 1.2778572E+002, 1.2699873E+002, 1.2475663E+002, 1.2233324E+002, 1.1822097E+002, 1.1607872E+002, 1.1355479E+002, 1.1223161E+002, 1.1119993E+002, 1.1152714E+002, 1.1256304E+002, 1.1254987E+002, 1.1210098E+002, 1.1446952E+002, 1.2466959E+002, 1.3418522E+002, 1.4596751E+002, 1.5159985E+002, 1.5919319E+002, 1.6245265E+002, 1.6749122E+002, 1.7141519E+002, 1.7284026E+002, 1.6666198E+002, 1.7083091E+002, 1.8844639E+002, 2.0819341E+002, 2.0708557E+002, 2.0426212E+002, 2.0206707E+002, 1.9809181E+002, 1.9676530E+002, 1.9732245E+002, 1.9888918E+002, 2.0122443E+002, 2.0196871E+002, 2.0113274E+002, 1.9987197E+002, 2.0012949E+002, 2.0214844E+002, 2.0309815E+002, 2.0328004E+002, 2.0435751E+002, 2.0998513E+002, 2.3067072E+002, 2.4543390E+002, 2.6897759E+002, 2.7415533E+002, 2.7085984E+002, 2.7330811E+002, 2.6823867E+002, 2.5768438E+002, 2.3915707E+002, 2.2827030E+002, 2.1010044E+002, 1.9463129E+002, 1.7522445E+002, 1.8633637E+002, 2.0692915E+002, 2.0503293E+002, 2.0366554E+002, 1.9746302E+002, 2.2527794E+002, 2.1623715E+002, 2.3379700E+002, 2.1176749E+002, 2.0658552E+002, 2.1850122E+002, 2.2018007E+002, 2.0759678E+002, 2.0416350E+002, 1.9197046E+002, 2.1239376E+002, 2.7739853E+002, 2.8650322E+002, 2.9439433E+002, 2.9237011E+002, 2.8516698E+002, 2.7083660E+002, 2.5597650E+002, 2.4603831E+002, 2.2261389E+002, 1.8720780E+002, 1.7577339E+002, 1.7489842E+002, 1.4954771E+002, 1.5983892E+002, 1.7196760E+002, 1.8634300E+002, 1.8873544E+002, 1.9033387E+002, 1.9037192E+002, 1.8093045E+002, 1.8107124E+002, 1.9296240E+002, 1.9809958E+002, 1.9706252E+002, 1.9452048E+002, 1.7733087E+002, 1.6513626E+002, 1.7687630E+002, 1.9674166E+002, 1.8952720E+002, 1.6803110E+002, 1.4849322E+002, 1.5074776E+002, 1.5122228E+002, 1.5705913E+002, 1.6293667E+002, 1.6522380E+002, 1.7151249E+002, 1.7253466E+002, 1.7425335E+002, 1.7481246E+002, 1.7569392E+002, 1.7537544E+002, 1.7495387E+002, 1.7375332E+002, 1.6753917E+002, 1.6329272E+002, 1.5923703E+002, 1.6226941E+002, 1.7128198E+002, 1.7117288E+002, 1.7046429E+002, 1.6912471E+002, 1.6631266E+002, 1.6632970E+002, 1.6975505E+002, 1.6460341E+002, 1.6251406E+002, 1.7007400E+002, 4.7227901E+001, 8.3449048E+001, 1.2161409E+002, 1.3189099E+002, 1.3171391E+002, 1.3077858E+002, 1.2809784E+002, 1.2581335E+002, 1.2254274E+002, 1.2032979E+002, 1.1770465E+002, 1.1730061E+002, 1.1838099E+002, 1.2001504E+002, 1.2255383E+002, 1.2464311E+002, 1.2789141E+002, 1.2991293E+002, 1.3325631E+002, 1.3645845E+002, 1.4022139E+002, 1.4051602E+002, 1.3928843E+002, 1.3957408E+002, 1.4068834E+002, 1.4134033E+002, 1.4096540E+002, 1.4065424E+002, 1.4148873E+002, 1.4227334E+002, 1.4039078E+002, 1.3565734E+002, 1.2349784E+002, 1.1652923E+002, 1.1177101E+002, 1.0959464E+002, 1.0425799E+002, 1.0185300E+002, 1.0505677E+002, 1.0803723E+002, 1.1003344E+002, 1.1161550E+002, 1.2395708E+002, 1.3577862E+002, 1.5316727E+002, 1.6065212E+002, 1.6616376E+002, 1.6801893E+002, 1.7097082E+002, 1.7433457E+002, 1.7766675E+002, 1.7903512E+002, 1.9304560E+002, 2.1087508E+002, 2.2068436E+002, 2.1913438E+002, 2.1434104E+002, 2.1023903E+002, 2.0404478E+002, 2.0158819E+002, 2.0088166E+002, 2.0181696E+002, 2.0349243E+002, 2.0498377E+002, 2.0818184E+002, 2.1006232E+002, 2.1064445E+002, 2.1086822E+002, 2.1008098E+002, 2.0866923E+002, 2.0858150E+002, 2.1007126E+002, 2.2626096E+002, 2.4544244E+002, 2.8228120E+002, 3.0769655E+002, 3.2264323E+002, 3.2372089E+002, 3.1626188E+002, 3.0333839E+002, 2.5731401E+002, 2.2386743E+002, 1.9196982E+002, 1.6750429E+002, 1.2222224E+002, 1.1326435E+002, 1.9255464E+002, 1.9718202E+002, 2.1200618E+002, 2.3897461E+002, 2.4726256E+002, 2.4184140E+002, 2.4829389E+002, 2.3386171E+002
 1.4400911E+002, 5.9532754E+001, 8.5419576E+001, 8.8502100E+001, 1.2251050E+002, 1.2413402E+002, 1.2337450E+002, 1.2051177E+002, 1.1981011E+002, 1.2018925E+002, 1.2100247E+002, 1.2281042E+002, 1.2428268E+002, 1.2662113E+002, 1.2816931E+002, 1.3047265E+002, 1.3199103E+002, 1.3416937E+002, 1.3498734E+002, 1.3326290E+002, 1.3113120E+002, 1.3009427E+002, 1.3047802E+002, 1.2973460E+002, 1.2863301E+002, 1.2581806E+002, 1.2473952E+002, 1.2339583E+002, 1.2211696E+002, 1.1872041E+002, 1.1597531E+002, 1.1231665E+002, 1.1060183E+002, 1.0931680E+002, 1.0883647E+002, 1.0805892E+002, 1.0801400E+002, 1.0921342E+002, 1.0997001E+002, 1.0988894E+002, 1.1207875E+002, 1.2347823E+002, 1.3372541E+002, 1.4562421E+002, 1.5099569E+002, 1.5788645E+002, 1.6133712E+002, 1.6701887E+002, 1.7001308E+002, 1.6989888E+002, 1.6564359E+002, 1.7053947E+002, 1.8887491E+002, 2.0583568E+002, 2.0400481E+002, 1.9949089E+002, 1.9668755E+002, 1.9124661E+002, 1.9019114E+002, 1.9402444E+002, 1.9672323E+002, 1.9792534E+002, 1.9780128E+002, 1.9690565E+002, 1.9641531E+002, 1.9687905E+002, 1.9799532E+002, 1.9816989E+002, 1.9888803E+002, 2.1025075E+002, 2.2348436E+002, 2.4777923E+002, 2.5989709E+002, 2.5962685E+002, 2.5512799E+002, 2.5928161E+002, 2.6235816E+002, 2.5655786E+002, 2.4593652E+002, 2.2692204E+002, 2.1332974E+002, 2.0044498E+002, 1.9721856E+002, 1.8198107E+002, 1.6842850E+002, 1.6831875E+002, 1.7675353E+002, 1.9675509E+002, 1.9387591E+002, 1.9682563E+002, 2.2179211E+002, 2.1443977E+002, 2.3509296E+002, 2.1683556E+002, 1.8452644E+002, 2.1914376E+002, 2.1088780E+002, 2.2084472E+002, 2.4952411E+002, 2.0727729E+002, 2.5358891E+002, 2.7102183E+002, 2.7345014E+002, 2.6905000E+002, 2.6179694E+002, 2.4940896E+002, 2.3094282E+002, 2.1165324E+002, 2.0320731E+002, 2.2083180E+002, 2.1888421E+002, 2.2996038E+002, 2.2435998E+002, 2.0844610E+002, 1.8788576E+002, 1.7613508E+002, 2.0496718E+002, 2.4150735E+002, 2.4210514E+002, 2.3952919E+002, 2.3769607E+002, 2.2727051E+002, 2.1748941E+002, 1.9749734E+002, 1.7985221E+002, 1.8065828E+002, 1.8970889E+002, 1.9252072E+002, 1.9274663E+002, 1.8567519E+002, 1.7440829E+002, 1.7980801E+002, 1.8467803E+002, 1.3462500E+002, 1.4910184E+002, 1.6126426E+002, 1.6445340E+002, 1.6737421E+002, 1.6960760E+002, 1.7004422E+002, 1.6929276E+002, 1.6971792E+002, 1.7102745E+002, 1.7399435E+002, 1.7514637E+002, 1.7595618E+002, 1.7602506E+002, 1.7624421E+002, 1.7618471E+002, 1.7349162E+002, 1.6780952E+002, 1.5843377E+002, 1.5798238E+002, 1.6639089E+002, 1.6841479E+002, 1.6921521E+002, 1.6811950E+002, 1.6394889E+002, 1.6303699E+002, 1.6485349E+002, 1.5990642E+002, 4.2226258E+001, 8.0585642E+001, 1.2340410E+002, 1.2997336E+002, 1.2690227E+002, 1.2439486E+002, 1.2074205E+002, 1.1916955E+002, 1.1679690E+002, 1.1592260E+002, 1.1751558E+002, 1.1991423E+002, 1.2294825E+002, 1.2443744E+002, 1.2668655E+002, 1.2818069E+002, 1.3158386E+002, 1.3472924E+002, 1.3779537E+002, 1.3758969E+002, 1.3763521E+002, 1.3828141E+002, 1.3842728E+002, 1.3772490E+002, 1.3625118E+002, 1.3615983E+002, 1.3680183E+002, 1.3597454E+002, 1.2987292E+002, 1.2322230E+002, 1.1274999E+002, 1.0678192E+002, 1.0189973E+002, 1.0218400E+002, 1.0203931E+002, 9.8736912E+001, 9.7103859E+001, 1.0200466E+002, 1.0763672E+002, 1.1119633E+002, 1.2258323E+002, 1.3559956E+002, 1.5266983E+002, 1.5957467E+002, 1.6457098E+002, 1.6641021E+002, 1.6968946E+002, 1.7182323E+002, 1.7415254E+002, 1.7909234E+002, 1.9330451E+002, 2.1065100E+002, 2.1631784E+002, 2.1567429E+002, 2.0937570E+002, 2.0428202E+002, 1.9815150E+002, 1.9743828E+002, 2.0012212E+002, 2.0184936E+002, 2.0304854E+002, 2.0314329E+002, 2.0390637E+002, 2.0574006E+002, 2.0745775E+002, 2.0762279E+002, 2.0642327E+002, 2.0556881E+002, 2.0943603E+002, 2.1778492E+002, 2.4080477E+002, 2.6337420E+002, 2.9497640E+002, 3.0280693E+002, 3.0528841E+002, 3.0209503E+002, 2.8982182E+002, 2.7679204E+002, 2.4758879E+002, 2.1167725E+002, 1.5449230E+002, 1.4864432E+002, 1.4263520E+002, 1.3128410E+002, 1.1123016E+002, 1.3003641E+002, 1.7824981E+002, 2.1554229E+002, 2.3656866E+002, 2.4434846E+002, 2.3762137E+002, 2.4639501E+002, 2.3849644E+002, 2.2644631E+002
 1.4500477E+002, 6.1807893E+001, 9.8070012E+001, 1.0595891E+002, 1.2182852E+002, 1.1974237E+002, 1.1748470E+002, 1.1845102E+002, 1.1979736E+002, 1.2208443E+002, 1.2362409E+002, 1.2581453E+002, 1.2719702E+002, 1.2925021E+002, 1.3061606E+002, 1.3221958E+002, 1.3221604E+002, 1.2997904E+002, 1.2837120E+002, 1.2859623E+002, 1.2819270E+002, 1.2563437E+002, 1.2370493E+002, 1.2177074E+002, 1.2083389E+002, 1.1847555E+002, 1.1600564E+002, 1.1176206E+002, 1.0921539E+002, 1.0639075E+002, 1.0527460E+002, 1.0468403E+002, 1.0478495E+002, 1.0462653E+002, 1.0429349E+002, 1.0486142E+002, 1.0606869E+002, 1.0795818E+002, 1.1098282E+002, 1.2276031E+002, 1.3306815E+002, 1.4516553E+002, 1.5059524E+002, 1.5743834E+002, 1.6107088E+002, 1.6590610E+002, 1.6760646E+002, 1.6444647E+002, 1.6589869E+002, 1.7693271E+002, 1.9574278E+002, 2.0280840E+002, 2.0186710E+002, 1.9657138E+002, 1.9185273E+002, 1.8522808E+002, 1.8423336E+002, 1.9008952E+002, 1.9293439E+002, 1.9373005E+002, 1.9396647E+002, 1.9429999E+002, 1.9437360E+002, 1.9436371E+002, 1.9419695E+002, 1.9785484E+002, 2.0656623E+002, 2.2572339E+002, 2.4153492E+002, 2.5294374E+002, 2.5067525E+002, 2.4352813E+002, 2.4540260E+002, 2.5132534E+002, 2.4974410E+002, 2.4123298E+002, 2.3228497E+002, 2.1577334E+002, 2.0263326E+002, 1.8389824E+002, 1.7836712E+002, 1.8016136E+002, 1.7629330E+002, 1.6305452E+002, 1.5991556E+002, 1.6555143E+002, 1.6919713E+002, 1.9289553E+002, 2.0672665E+002, 2.1322846E+002, 2.1506276E+002, 2.2937224E+002, 2.1381461E+002, 1.9520554E+002, 2.1079721E+002, 2.1642712E+002, 2.4631570E+002, 2.4225196E+002, 2.1298209E+002, 2.5701920E+002, 2.6062074E+002, 2.5741542E+002, 2.4242187E+002, 2.3198947E+002, 2.2510118E+002, 2.1575032E+002, 2.0937983E+002, 1.9940336E+002, 2.1004336E+002, 2.0892178E+002, 2.1512361E+002, 2.2994485E+002, 2.3815976E+002, 2.3356536E+002, 2.2558214E+002, 2.1984892E+002, 2.0545512E+002, 2.1284932E+002, 2.2143020E+002, 2.1688047E+002, 2.1954870E+002, 2.2048294E+002, 2.2311469E+002, 2.2659269E+002, 2.2606356E+002, 2.1412127E+002, 2.0118497E+002, 1.8636040E+002, 1.7704147E+002, 1.8796923E+002, 1.9265800E+002, 1.8673558E+002, 1.7386048E+002, 1.1741890E+002, 1.5038271E+002, 1.6242555E+002, 1.7080054E+002, 1.7445713E+002, 1.7358559E+002, 1.7035783E+002, 1.7008139E+002, 1.6669873E+002, 1.6507127E+002, 1.6964142E+002, 1.7250535E+002, 1.7417535E+002, 1.7484664E+002, 1.7480402E+002, 1.7467426E+002, 1.7438938E+002, 1.7419439E+002, 1.7412828E+002, 1.7279446E+002, 1.6269031E+002, 1.5878795E+002, 1.5856035E+002, 1.6283848E+002, 1.6667256E+002, 1.6659089E+002, 1.6225681E+002, 1.6022204E+002, 5.5650885E+001, 1.0858127E+002, 1.2652740E+002, 1.2506107E+002, 1.2054089E+002, 1.1832993E+002, 1.1760492E+002, 1.1714414E+002, 1.1763419E+002, 1.1934841E+002, 1.2216302E+002, 1.2352134E+002, 1.2467979E+002, 1.2593615E+002, 1.2917787E+002, 1.3207663E+002, 1.3530987E+002, 1.3574040E+002, 1.3614023E+002, 1.3574060E+002, 1.3372377E+002, 1.3240296E+002, 1.3237163E+002, 1.3276994E+002, 1.3176111E+002, 1.2862753E+002, 1.1927951E+002, 1.1231528E+002, 1.0409291E+002, 9.9893043E+001, 9.6642434E+001, 9.7114255E+001, 9.7651800E+001, 9.5489210E+001, 9.1848238E+001, 9.3108561E+001, 1.0201811E+002, 1.0850422E+002, 1.2306688E+002, 1.3612363E+002, 1.5268167E+002, 1.5858388E+002, 1.6338294E+002, 1.6571881E+002, 1.6795967E+002, 1.6842518E+002, 1.7397858E+002, 1.8293747E+002, 2.0079297E+002, 2.1022118E+002, 2.1186435E+002, 2.1213049E+002, 2.0753508E+002, 1.9972917E+002, 1.9430443E+002, 1.9523557E+002, 1.9958957E+002, 2.0068934E+002, 2.0114261E+002, 2.0149231E+002, 2.0239070E+002, 2.0361662E+002, 2.0515236E+002, 2.0491666E+002, 2.0464914E+002, 2.0758225E+002, 2.1942468E+002, 2.3176926E+002, 2.5610692E+002, 2.7326041E+002, 2.8591914E+002, 2.8882626E+002, 2.8621521E+002, 2.7869513E+002, 2.6048335E+002, 2.4451468E+002, 2.1895878E+002, 2.0169495E+002, 1.5681206E+002, 1.3130281E+002, 1.2378985E+002, 1.2800454E+002, 1.2638424E+002, 1.2609098E+002, 1.4006382E+002, 1.4910115E+002, 2.1590044E+002, 2.3534878E+002, 2.3852241E+002, 2.3794142E+002, 2.4020441E+002, 2.2899903E+002, 2.1876370E+002, 2.2437886E+002
 1.4600630E+002, 7.6215014E+001, 1.0553659E+002, 1.1885918E+002, 1.1961085E+002, 1.1507098E+002, 1.1866560E+002, 1.2139636E+002, 1.2277597E+002, 1.2466982E+002, 1.2587420E+002, 1.2755468E+002, 1.2848911E+002, 1.2949463E+002, 1.2932020E+002, 1.2721325E+002, 1.2629112E+002, 1.2670406E+002, 1.2506310E+002, 1.2070617E+002, 1.1869403E+002, 1.1724546E+002, 1.1579245E+002, 1.1283224E+002, 1.1008505E+002, 1.0600846E+002, 1.0386001E+002, 1.0189692E+002, 1.0130129E+002, 1.0129861E+002, 1.0138033E+002, 1.0103634E+002, 1.0063315E+002, 1.0085941E+002, 1.0212129E+002, 1.0654138E+002, 1.1154672E+002, 1.2437082E+002, 1.3386062E+002, 1.4512394E+002, 1.5019243E+002, 1.5683479E+002, 1.6023052E+002, 1.6376034E+002, 1.6374408E+002, 1.6084188E+002, 1.6441736E+002, 1.8305861E+002, 1.9676956E+002, 1.9874177E+002, 1.9857421E+002, 1.9344790E+002, 1.8765744E+002, 1.7972358E+002, 1.7811063E+002, 1.8522808E+002, 1.8886352E+002, 1.9109380E+002, 1.9182341E+002, 1.9229054E+002, 1.9192120E+002, 1.9137504E+002, 1.9528281E+002, 2.0925948E+002, 2.2211853E+002, 2.4122764E+002, 2.4452302E+002, 2.4235671E+002, 2.3952955E+002, 2.4001333E+002, 2.4239039E+002, 2.4055801E+002, 2.3806481E+002, 2.2648099E+002, 2.1605715E+002, 2.0190674E+002, 1.9338246E+002, 1.7943203E+002, 1.7002192E+002, 1.6483407E+002, 1.6638718E+002, 1.6652699E+002, 1.6069404E+002, 1.5600754E+002, 1.6059420E+002, 1.6690195E+002, 1.7347615E+002, 2.0584327E+002, 2.1115573E+002, 2.2781709E+002, 2.2058312E+002, 2.1059716E+002, 2.0475267E+002, 2.0349202E+002, 2.2407593E+002, 2.4923568E+002, 2.2761762E+002, 2.3216442E+002, 2.5175298E+002, 2.6051734E+002, 2.5976683E+002, 2.3346250E+002, 2.2086637E+002, 2.2121770E+002, 2.2941719E+002, 2.5086743E+002, 2.3023395E+002, 2.2310839E+002, 2.3182324E+002, 2.1386117E+002, 2.0720038E+002, 2.1979059E+002, 2.2690767E+002, 2.3609350E+002, 2.3498653E+002, 2.2157912E+002, 2.2658296E+002, 2.2276302E+002, 1.9731750E+002, 2.1519623E+002, 2.2695058E+002, 2.2884987E+002, 2.2804305E+002, 2.3000441E+002, 2.2883953E+002, 2.2551533E+002, 2.2329299E+002, 2.2049091E+002, 2.1762979E+002, 1.9344654E+002, 1.8231656E+002, 1.8340715E+002, 1.9092195E+002, 1.6000720E+002, 1.4135189E+002, 1.6126890E+002, 1.6782044E+002, 1.7552842E+002, 1.7848879E+002, 1.8068168E+002, 1.7949500E+002, 1.7429150E+002, 1.6562723E+002, 1.6082522E+002, 1.6405012E+002, 1.7095297E+002, 1.7229982E+002, 1.7324394E+002, 1.7312282E+002, 1.7451240E+002, 1.7413751E+002, 1.7357402E+002, 1.7308390E+002, 1.7218215E+002, 1.7144912E+002, 1.6731960E+002, 1.6093619E+002, 1.5489053E+002, 1.5554499E+002, 1.6116648E+002, 1.6560282E+002, 5.5884460E+001, 1.2232997E+002, 1.2383394E+002, 1.2003544E+002, 1.1764660E+002, 1.1887234E+002, 1.1923513E+002, 1.1915072E+002, 1.1956841E+002, 1.2084352E+002, 1.2185349E+002, 1.2238610E+002, 1.2471162E+002, 1.2894388E+002, 1.3366611E+002, 1.3425790E+002, 1.3344975E+002, 1.3154920E+002, 1.2823563E+002, 1.2742133E+002, 1.2795537E+002, 1.2835714E+002, 1.2724094E+002, 1.2396130E+002, 1.1503168E+002, 1.0688805E+002, 9.9450393E+001, 9.7047578E+001, 9.5186894E+001, 9.5450090E+001, 9.5224446E+001, 9.2907582E+001, 8.9483408E+001, 8.9771586E+001, 9.5754275E+001, 1.0399500E+002, 1.2345227E+002, 1.3775063E+002, 1.5285713E+002, 1.5775697E+002, 1.6248381E+002, 1.6491130E+002, 1.6506713E+002, 1.6438257E+002, 1.7278399E+002, 1.8616380E+002, 2.0439918E+002, 2.0741647E+002, 2.0737495E+002, 2.0676453E+002, 2.0275585E+002, 1.9722812E+002, 1.9149885E+002, 1.9269042E+002, 1.9668276E+002, 1.9801650E+002, 1.9960534E+002, 2.0028092E+002, 2.0152175E+002, 2.0214576E+002, 2.0223638E+002, 2.0285997E+002, 2.1024405E+002, 2.1802360E+002, 2.3501792E+002, 2.4454670E+002, 2.5816328E+002, 2.6468852E+002, 2.7414034E+002, 2.7520335E+002, 2.6862462E+002, 2.6204888E+002, 2.4394193E+002, 2.2353859E+002, 1.9311257E+002, 1.7988779E+002, 1.6011637E+002, 1.4409576E+002, 1.1885234E+002, 1.1245267E+002, 1.1609080E+002, 1.2374003E+002, 1.3642164E+002, 1.4786450E+002, 1.5108423E+002, 1.6998441E+002, 2.3173525E+002, 2.3598945E+002, 2.3925145E+002, 2.3005921E+002, 2.2034648E+002, 2.2516865E+002, 2.3665018E+002, 2.6821714E+002
 1.4700937E+002, 8.1578189E+001, 1.1188634E+002, 1.1677611E+002, 1.1767679E+002, 1.1746868E+002, 1.2123625E+002, 1.2290839E+002, 1.2377951E+002, 1.2482353E+002, 1.2547378E+002, 1.2644368E+002, 1.2679836E+002, 1.2598310E+002, 1.2497209E+002, 1.2415512E+002, 1.2162865E+002, 1.1601670E+002, 1.1390493E+002, 1.1229392E+002, 1.1115598E+002, 1.0872806E+002, 1.0631685E+002, 1.0259736E+002, 1.0056411E+002, 9.9002891E+001, 9.8819022E+001, 9.8807994E+001, 9.8632083E+001, 9.7929307E+001, 9.7536004E+001, 9.8874738E+001, 1.0152344E+002, 1.0906264E+002, 1.1646482E+002, 1.2911744E+002, 1.3700267E+002, 1.4615262E+002, 1.5041579E+002, 1.5588216E+002, 1.5838277E+002, 1.6006089E+002, 1.5960439E+002, 1.5958496E+002, 1.6486945E+002, 1.8352937E+002, 1.9289210E+002, 1.9442533E+002, 1.9384240E+002, 1.8916037E+002, 1.8377008E+002, 1.7469484E+002, 1.7360867E+002, 1.8082092E+002, 1.8565198E+002, 1.8896674E+002, 1.8932949E+002, 1.8912142E+002, 1.9050875E+002, 1.9773112E+002, 2.0592706E+002, 2.2294098E+002, 2.3258707E+002, 2.3618991E+002, 2.3551742E+002, 2.3377491E+002, 2.3434060E+002, 2.3561967E+002, 2.3435293E+002, 2.3135071E+002, 2.2703907E+002, 2.1614509E+002, 2.0736401E+002, 1.9499565E+002, 1.8974200E+002, 1.8128546E+002, 1.7453207E+002, 1.6270076E+002, 1.5785475E+002, 1.5887202E+002, 1.5944857E+002, 1.5541608E+002, 1.5265388E+002, 1.5890774E+002, 1.6216231E+002, 1.7015309E+002, 1.8367964E+002, 2.1990168E+002, 2.1893111E+002, 2.1016514E+002, 2.0534490E+002, 2.0465337E+002, 2.0323688E+002, 2.3760254E+002, 2.4332931E+002, 2.3262304E+002, 2.5627349E+002, 2.5947267E+002, 2.6217757E+002, 2.4991460E+002, 2.2926400E+002, 2.3157899E+002, 2.4139333E+002, 2.5463821E+002, 2.3539890E+002, 2.3008853E+002, 2.2428720E+002, 2.2879649E+002, 2.2996118E+002, 2.2192647E+002, 1.9915990E+002, 2.0778003E+002, 2.1229462E+002, 2.2120548E+002, 2.2864689E+002, 2.2006474E+002, 2.1139536E+002, 2.1257404E+002, 2.2579301E+002, 2.0887212E+002, 2.2109015E+002, 2.2294416E+002, 2.2331928E+002, 2.2490472E+002, 2.2668114E+002, 2.2753675E+002, 2.2733490E+002, 2.2554881E+002, 2.2340721E+002, 2.2069980E+002, 2.1771527E+002, 2.0417360E+002, 1.8980915E+002, 1.8068507E+002, 1.5198149E+002, 1.5243888E+002, 1.6333556E+002, 1.7817964E+002, 1.8186850E+002, 1.8503570E+002, 1.8562639E+002, 1.8532732E+002, 1.8204038E+002, 1.7354293E+002, 1.6554122E+002, 1.5702765E+002, 1.6355102E+002, 1.6879970E+002, 1.7061232E+002, 1.7342432E+002, 1.7354157E+002, 1.7321571E+002, 1.7427201E+002, 1.7424624E+002, 1.7358084E+002, 1.7183235E+002, 1.6999656E+002, 1.6686370E+002, 1.6247682E+002, 1.5284018E+002, 1.4996047E+002, 6.7251073E+001, 1.1876680E+002, 1.2071497E+002, 1.1759012E+002, 1.2022305E+002, 1.2069352E+002, 1.1956465E+002, 1.1844656E+002, 1.1700368E+002, 1.1698921E+002, 1.2081661E+002, 1.2536745E+002, 1.3214770E+002, 1.3263175E+002, 1.3048593E+002, 1.2713112E+002, 1.2280234E+002, 1.2201399E+002, 1.2358755E+002, 1.2462447E+002, 1.2412057E+002, 1.2094094E+002, 1.1416645E+002, 1.0765215E+002, 9.8568674E+001, 9.6301856E+001, 9.5449244E+001, 9.5265035E+001, 9.4354983E+001, 9.2500635E+001, 9.0598825E+001, 9.1486900E+001, 9.7720195E+001, 1.0585676E+002, 1.2337096E+002, 1.3637193E+002, 1.5123724E+002, 1.5573123E+002, 1.6121587E+002, 1.6308830E+002, 1.6222748E+002, 1.6187875E+002, 1.7210139E+002, 1.8681005E+002, 2.0211206E+002, 2.0339216E+002, 2.0134976E+002, 1.9918345E+002, 1.9549905E+002, 1.9179803E+002, 1.8726895E+002, 1.8884803E+002, 1.9238332E+002, 1.9509624E+002, 1.9838800E+002, 1.9915947E+002, 1.9977386E+002, 2.0008656E+002, 2.0295662E+002, 2.0742238E+002, 2.1939015E+002, 2.2976318E+002, 2.4116483E+002, 2.4576823E+002, 2.5268635E+002, 2.5775296E+002, 2.6141654E+002, 2.6011897E+002, 2.5532145E+002, 2.4830428E+002, 2.2995529E+002, 2.1362075E+002, 1.8677488E+002, 1.7189760E+002, 1.6092527E+002, 1.5409783E+002, 1.4092420E+002, 1.2978786E+002, 1.1471904E+002, 1.1223588E+002, 1.2331919E+002, 1.3645037E+002, 1.5259804E+002, 1.5435585E+002, 1.8171833E+002, 2.2407395E+002, 2.3591855E+002, 2.2936321E+002, 2.2159931E+002, 2.2742029E+002, 2.3706007E+002, 2.4176245E+002, 2.5980583E+002, 2.4787891E+002
 1.4800084E+002, 7.0644429E+001, 1.1187538E+002, 1.1575845E+002, 1.1474921E+002, 1.2002304E+002, 1.2100826E+002, 1.2153467E+002, 1.2228109E+002, 1.2407586E+002, 1.2514692E+002, 1.2473164E+002, 1.2368635E+002, 1.2194218E+002, 1.1819095E+002, 1.1169109E+002, 1.0822996E+002, 1.0748470E+002, 1.0779730E+002, 1.0584048E+002, 1.0366131E+002, 1.0003055E+002, 9.8092743E+001, 9.6924585E+001, 9.6826992E+001, 9.6578111E+001, 9.6115217E+001, 9.5325886E+001, 9.5534292E+001, 9.9383824E+001, 1.0532891E+002, 1.1746813E+002, 1.2614773E+002, 1.3743370E+002, 1.4304852E+002, 1.4916313E+002, 1.5255098E+002, 1.5625191E+002, 1.5706694E+002, 1.5615814E+002, 1.5589836E+002, 1.6064873E+002, 1.6854460E+002, 1.8555086E+002, 1.8896400E+002, 1.8913320E+002, 1.8724114E+002, 1.8414272E+002, 1.8081055E+002, 1.7110914E+002, 1.6654091E+002, 1.7777645E+002, 1.8296597E+002, 1.8544886E+002, 1.8692785E+002, 1.9260743E+002, 1.9993807E+002, 2.1468832E+002, 2.2340464E+002, 2.2892890E+002, 2.2887376E+002, 2.2849968E+002, 2.2965692E+002, 2.3085117E+002, 2.2952700E+002, 2.2683825E+002, 2.2570532E+002, 2.2023542E+002, 2.1387573E+002, 2.0136174E+002, 1.9341016E+002, 1.8547172E+002, 1.8222778E+002, 1.7659557E+002, 1.7265161E+002, 1.6619612E+002, 1.6122498E+002, 1.5336057E+002, 1.5250629E+002, 1.5369302E+002, 1.5178143E+002, 1.5001281E+002, 1.5652814E+002, 1.6488673E+002, 1.7890355E+002, 1.8943242E+002, 2.1900491E+002, 2.0744842E+002, 2.0194286E+002, 2.0710820E+002, 2.0626130E+002, 2.2422515E+002, 2.4584104E+002, 2.3751528E+002, 2.4297702E+002, 2.4095037E+002, 2.4073059E+002, 2.5370222E+002, 2.5708895E+002, 2.5629332E+002, 2.5947934E+002, 2.6235466E+002, 2.6659958E+002, 2.4868134E+002, 2.1424286E+002, 2.3619999E+002, 2.4110656E+002, 2.4228575E+002, 2.3586341E+002, 2.2346876E+002, 1.8824888E+002, 2.0525006E+002, 2.0748578E+002, 2.1738450E+002, 2.1387824E+002, 2.1955866E+002, 2.0111116E+002, 2.0296766E+002, 2.0014731E+002, 2.0083382E+002, 2.0352512E+002, 2.1684251E+002, 2.2535264E+002, 2.3006782E+002, 2.3186814E+002, 2.3258623E+002, 2.3228480E+002, 2.3263589E+002, 2.3220086E+002, 2.2941465E+002, 2.2672443E+002, 2.2344362E+002, 2.2044970E+002, 2.1093003E+002, 1.9631369E+002, 1.4572024E+002, 1.5210608E+002, 1.7337037E+002, 1.7642642E+002, 1.8085519E+002, 1.8266548E+002, 1.8373860E+002, 1.8340791E+002, 1.8201373E+002, 1.8103947E+002, 1.7405439E+002, 1.6238433E+002, 1.5606550E+002, 1.6204426E+002, 1.6962370E+002, 1.7207846E+002, 1.7297729E+002, 1.7498693E+002, 1.7941858E+002, 1.8153042E+002, 1.8114641E+002, 1.7861049E+002, 1.7379540E+002, 1.6971730E+002, 1.6308467E+002, 1.5982754E+002, 7.2663090E+001, 1.0952845E+002, 1.1919156E+002, 1.1649967E+002, 1.2095522E+002, 1.1961151E+002, 1.1615719E+002, 1.1444572E+002, 1.1716805E+002, 1.2366930E+002, 1.3087746E+002, 1.3078571E+002, 1.2803176E+002, 1.2400822E+002, 1.1739019E+002, 1.1563796E+002, 1.1933352E+002, 1.2194688E+002, 1.2093491E+002, 1.1771078E+002, 1.1049995E+002, 1.0506581E+002, 9.7558217E+001, 9.5604537E+001, 9.4738085E+001, 9.4291269E+001, 9.3435670E+001, 9.2424433E+001, 9.3784352E+001, 9.7638775E+001, 1.0913436E+002, 1.1912512E+002, 1.3338465E+002, 1.4012371E+002, 1.4792621E+002, 1.5273757E+002, 1.5854078E+002, 1.6064645E+002, 1.5837706E+002, 1.5902796E+002, 1.7457421E+002, 1.9025404E+002, 1.9981736E+002, 1.9918634E+002, 1.9450737E+002, 1.9128936E+002, 1.8877398E+002, 1.8699814E+002, 1.8319888E+002, 1.8162867E+002, 1.8907120E+002, 1.9310901E+002, 1.9582605E+002, 1.9662987E+002, 1.9903695E+002, 2.0174968E+002, 2.0952145E+002, 2.1765955E+002, 2.2977087E+002, 2.3515484E+002, 2.3815661E+002, 2.4131612E+002, 2.4722417E+002, 2.4892829E+002, 2.4849986E+002, 2.4693561E+002, 2.4094552E+002, 2.3218305E+002, 2.0651807E+002, 1.8591475E+002, 1.6319325E+002, 1.5330118E+002, 1.4542364E+002, 1.4187519E+002, 1.3792599E+002, 1.3640398E+002, 1.3347689E+002, 1.2725276E+002, 1.2421338E+002, 1.2671048E+002, 1.4521835E+002, 1.5439520E+002, 1.5558192E+002, 1.9090258E+002, 2.2626477E+002, 2.2901634E+002, 2.1887651E+002, 2.2677953E+002, 2.5578691E+002, 2.4673853E+002, 2.4426795E+002, 2.4834645E+002, 2.5040861E+002, 2.7572654E+002
 1.4900702E+002, 6.4343232E+001, 1.1259175E+002, 1.1446826E+002, 1.0900814E+002, 1.1916460E+002, 1.2096191E+002, 1.2320220E+002, 1.2363893E+002, 1.2296104E+002, 1.2179501E+002, 1.1793263E+002, 1.1369519E+002, 1.0611067E+002, 1.0330839E+002, 1.0431252E+002, 1.0474659E+002, 1.0277403E+002, 1.0045803E+002, 9.7364955E+001, 9.5989017E+001, 9.5115047E+001, 9.4776300E+001, 9.4069976E+001, 9.3582214E+001, 9.3816370E+001, 9.6981765E+001, 1.0724876E+002, 1.1638872E+002, 1.2945745E+002, 1.3622502E+002, 1.4344193E+002, 1.4703064E+002, 1.5109218E+002, 1.5269382E+002, 1.5301787E+002, 1.5237574E+002, 1.5483155E+002, 1.6104448E+002, 1.7362638E+002, 1.7984787E+002, 1.8456871E+002, 1.8446521E+002, 1.8224388E+002, 1.8074686E+002, 1.7807409E+002, 1.7534261E+002, 1.6734776E+002, 1.6403728E+002, 1.7343694E+002, 1.7997661E+002, 1.9119370E+002, 1.9953528E+002, 2.1141184E+002, 2.1700123E+002, 2.2104676E+002, 2.2203400E+002, 2.2371098E+002, 2.2489159E+002, 2.2567916E+002, 2.2504740E+002, 2.2298636E+002, 2.2139828E+002, 2.1784608E+002, 2.1381373E+002, 2.0446691E+002, 1.9669607E+002, 1.8537990E+002, 1.7974644E+002, 1.7375864E+002, 1.7156496E+002, 1.6806986E+002, 1.6519113E+002, 1.6022488E+002, 1.5696856E+002, 1.5211496E+002, 1.4902206E+002, 1.4729226E+002, 1.4858320E+002, 1.4591411E+002, 1.4908300E+002, 1.6478240E+002, 1.7854114E+002, 1.9412088E+002, 2.0460528E+002, 2.0743303E+002, 2.0160491E+002, 2.1646165E+002, 2.0885504E+002, 2.2631483E+002, 2.3793926E+002, 2.2732657E+002, 2.4798983E+002, 2.3784076E+002, 2.5251645E+002, 2.7307163E+002, 2.7969308E+002, 2.7828274E+002, 2.7587299E+002, 2.6897180E+002, 2.5914901E+002, 2.5219209E+002, 2.5139528E+002, 1.8879853E+002, 2.4287874E+002, 2.6817670E+002, 2.8363093E+002, 2.9765823E+002, 2.9077297E+002, 2.5330399E+002, 2.2404575E+002, 1.8440567E+002, 2.0013167E+002, 2.0132413E+002, 1.9290633E+002, 1.9109219E+002, 1.8031087E+002, 1.6753159E+002, 1.7672155E+002, 1.9151601E+002, 1.9115086E+002, 2.0020615E+002, 2.2795649E+002, 2.4248678E+002, 2.4680461E+002, 2.4530488E+002, 2.4328101E+002, 2.4096189E+002, 2.4021301E+002, 2.3911000E+002, 2.3790484E+002, 2.3404861E+002, 2.3288448E+002, 2.2886827E+002, 2.2280101E+002, 2.1138087E+002, 1.8053371E+002, 1.5505340E+002, 1.6244282E+002, 1.6869897E+002, 1.7426517E+002, 1.7646436E+002, 1.7771989E+002, 1.7839715E+002, 1.7837998E+002, 1.7803387E+002, 1.7812388E+002, 1.7120697E+002, 1.6105104E+002, 1.5448512E+002, 1.6198883E+002, 1.6941320E+002, 1.7443452E+002, 1.7861028E+002, 1.8084709E+002, 1.8650476E+002, 1.8970501E+002, 1.9010215E+002, 1.8684176E+002, 1.7616612E+002, 1.6776526E+002, 8.0632773E+001, 1.1491277E+002, 1.1751956E+002, 1.1566524E+002, 1.1880626E+002, 1.1897065E+002, 1.2259808E+002, 1.2595837E+002, 1.2816320E+002, 1.2724591E+002, 1.2387917E+002, 1.1965544E+002, 1.1235387E+002, 1.1172577E+002, 1.1593974E+002, 1.1775016E+002, 1.1602065E+002, 1.1201987E+002, 1.0522295E+002, 1.0090810E+002, 9.6169888E+001, 9.4793040E+001, 9.3584164E+001, 9.2739610E+001, 9.2362784E+001, 9.4507768E+001, 1.0285411E+002, 1.1134785E+002, 1.2576448E+002, 1.3317287E+002, 1.3967430E+002, 1.4205453E+002, 1.4616578E+002, 1.4902867E+002, 1.5202082E+002, 1.5355662E+002, 1.5874407E+002, 1.6827374E+002, 1.8675286E+002, 1.9361950E+002, 1.9432544E+002, 1.9159178E+002, 1.8637814E+002, 1.8358995E+002, 1.8135794E+002, 1.8053676E+002, 1.7931851E+002, 1.7894076E+002, 1.8564839E+002, 1.8993559E+002, 1.9667854E+002, 2.0155696E+002, 2.0942250E+002, 2.1407664E+002, 2.1999243E+002, 2.2343989E+002, 2.2821950E+002, 2.3086612E+002, 2.3367250E+002, 2.3481284E+002, 2.3638782E+002, 2.3731708E+002, 2.3525372E+002, 2.3039091E+002, 2.1787388E+002, 2.0616753E+002, 1.8354514E+002, 1.6684704E+002, 1.4623421E+002, 1.3987276E+002, 1.3625326E+002, 1.3430260E+002, 1.2923773E+002, 1.2609970E+002, 1.2277126E+002, 1.2284409E+002, 1.2521123E+002, 1.2634603E+002, 1.3799358E+002, 1.4664609E+002, 1.5652329E+002, 1.7938179E+002, 2.1922681E+002, 2.2144831E+002, 2.1896598E+002, 2.3031378E+002, 2.4702570E+002, 2.3990314E+002, 2.4167135E+002, 2.4655826E+002, 2.6236598E+002, 2.7262189E+002, 2.7383982E+002, 3.0488351E+002
 1.5001435E+002, 2.4337520E+001, 1.0456723E+002, 1.1184956E+002, 1.0782156E+002, 1.1985906E+002, 1.2047914E+002, 1.1950655E+002, 1.1778392E+002, 1.1356950E+002, 1.0956159E+002, 1.0283972E+002, 1.0063234E+002, 1.0126176E+002, 1.0195685E+002, 1.0020239E+002, 9.8207304E+001, 9.5674681E+001, 9.4490537E+001, 9.3454464E+001, 9.2938302E+001, 9.2137981E+001, 9.2003424E+001, 9.6263160E+001, 1.0253942E+002, 1.1603886E+002, 1.2492195E+002, 1.3518288E+002, 1.4000299E+002, 1.4490271E+002, 1.4690732E+002, 1.4800191E+002, 1.4794299E+002, 1.5003511E+002, 1.5404298E+002, 1.6429209E+002, 1.7160480E+002, 1.7864020E+002, 1.8036107E+002, 1.7962308E+002, 1.7832683E+002, 1.7606183E+002, 1.7440201E+002, 1.7204115E+002, 1.7049975E+002, 1.6714187E+002, 1.6274611E+002, 1.7164419E+002, 1.8697885E+002, 2.0292194E+002, 2.0967884E+002, 2.1397800E+002, 2.1530882E+002, 2.1720001E+002, 2.1832051E+002, 2.1931710E+002, 2.1930589E+002, 2.1840067E+002, 2.1731522E+002, 2.1482517E+002, 2.1221145E+002, 2.0608965E+002, 2.0058039E+002, 1.9097541E+002, 1.8424515E+002, 1.7558991E+002, 1.7085243E+002, 1.6464098E+002, 1.6190312E+002, 1.6050946E+002, 1.5952097E+002, 1.5660386E+002, 1.5409151E+002, 1.5004333E+002, 1.4738233E+002, 1.4369849E+002, 1.4288507E+002, 1.4353305E+002, 1.4353338E+002, 1.5655498E+002, 1.7232568E+002, 1.9346743E+002, 2.0055793E+002, 2.0407356E+002, 1.9920231E+002, 2.0984983E+002, 2.2126908E+002, 2.2412432E+002, 2.3029816E+002, 2.2711731E+002, 2.2952144E+002, 2.3411734E+002, 2.4727836E+002, 2.8065622E+002, 2.9868878E+002, 3.0079341E+002, 2.8366384E+002, 2.6573552E+002, 2.5046268E+002, 2.5229853E+002, 2.5143507E+002, 2.4180217E+002, 2.3910764E+002, 2.2753492E+002, 2.7473582E+002, 2.7742746E+002, 2.7973916E+002, 2.8431778E+002, 2.8058077E+002, 2.7390655E+002, 2.6974112E+002, 2.3751125E+002, 2.0052794E+002, 1.8207826E+002, 1.8128763E+002, 1.8901675E+002, 1.9297797E+002, 1.8967961E+002, 1.8384385E+002, 1.7610808E+002, 1.7514174E+002, 1.8387153E+002, 2.2387359E+002, 2.2853264E+002, 2.2774518E+002, 2.2632647E+002, 2.2651605E+002, 2.2724359E+002, 2.2711510E+002, 2.2676888E+002, 2.2727225E+002, 2.2841732E+002, 2.2727523E+002, 2.2641820E+002, 2.2704040E+002, 2.2616732E+002, 2.2305297E+002, 2.0369801E+002, 1.6966965E+002, 1.4929314E+002, 1.6017993E+002, 1.7398368E+002, 1.8036411E+002, 1.8473873E+002, 1.8567428E+002, 1.8237041E+002, 1.8722573E+002, 1.7960017E+002, 1.7877647E+002, 1.7557375E+002, 1.6580714E+002, 1.5413958E+002, 1.6039725E+002, 1.7475837E+002, 1.7716576E+002, 1.8036682E+002, 1.8273592E+002, 1.8643281E+002, 1.8843699E+002, 1.8816682E+002, 1.8307350E+002, 2.9836154E+001, 1.0917388E+002, 1.1728575E+002, 1.1366295E+002, 1.2467355E+002, 1.2564364E+002, 1.2409876E+002, 1.2217160E+002, 1.1879854E+002, 1.1584620E+002, 1.1023147E+002, 1.0902407E+002, 1.1202405E+002, 1.1404542E+002, 1.1195790E+002, 1.0817391E+002, 1.0266680E+002, 9.9237899E+001, 9.5376349E+001, 9.3902722E+001, 9.2584697E+001, 9.2001876E+001, 9.4482021E+001, 9.9926091E+001, 1.1294822E+002, 1.2237869E+002, 1.3335002E+002, 1.3825738E+002, 1.4210116E+002, 1.4329162E+002, 1.4330801E+002, 1.4279071E+002, 1.4571217E+002, 1.5229076E+002, 1.6733970E+002, 1.7795545E+002, 1.8822131E+002, 1.9006739E+002, 1.8720165E+002, 1.8419808E+002, 1.7972783E+002, 1.7700905E+002, 1.7347652E+002, 1.7201611E+002, 1.7595701E+002, 1.7646538E+002, 1.8404303E+002, 1.9455513E+002, 2.0617809E+002, 2.1097814E+002, 2.1428053E+002, 2.1557265E+002, 2.1788998E+002, 2.1953113E+002, 2.2275231E+002, 2.2402470E+002, 2.2425690E+002, 2.2421423E+002, 2.2432779E+002, 2.2376921E+002, 2.1971390E+002, 2.1382238E+002, 2.0039972E+002, 1.8974651E+002, 1.7190619E+002, 1.5956852E+002, 1.4372832E+002, 1.3581661E+002, 1.2859772E+002, 1.2770188E+002, 1.2692217E+002, 1.2616473E+002, 1.2321502E+002, 1.2158234E+002, 1.2056381E+002, 1.2125020E+002, 1.2546961E+002, 1.3324937E+002, 1.5106671E+002, 1.6792077E+002, 1.9724203E+002, 2.1449668E+002, 2.1831560E+002, 2.1879389E+002, 2.3098699E+002, 2.3873661E+002, 2.4418321E+002, 2.5792222E+002, 2.6227582E+002, 2.6881274E+002, 2.7030991E+002, 2.9778355E+002, 3.3576322E+002, 3.5556203E+002
 1.5100838E+002, 2.1073105E+001, 7.4667266E+001, 1.1294504E+002, 1.0742012E+002, 1.1173374E+002, 1.1273125E+002, 1.0855360E+002, 1.0493886E+002, 9.9765111E+001, 9.8125637E+001, 9.9206483E+001, 9.9838511E+001, 9.8211917E+001, 9.6342333E+001, 9.4345912E+001, 9.3353156E+001, 9.2073317E+001, 9.1457878E+001, 9.0863333E+001, 9.2645164E+001, 1.0053916E+002, 1.0930393E+002, 1.2290006E+002, 1.3033529E+002, 1.3791681E+002, 1.4085915E+002, 1.4334849E+002, 1.4377123E+002, 1.4488665E+002, 1.4755742E+002, 1.5549544E+002, 1.6277379E+002, 1.7273184E+002, 1.7693478E+002, 1.7777040E+002, 1.7630243E+002, 1.7400419E+002, 1.7259072E+002, 1.6993259E+002, 1.6846042E+002, 1.6649884E+002, 1.6592708E+002, 1.6544359E+002, 1.6477491E+002, 1.7394705E+002, 1.8679728E+002, 2.0577131E+002, 2.0863498E+002, 2.1031611E+002, 2.1125277E+002, 2.1244634E+002, 2.1272468E+002, 2.1223594E+002, 2.1154297E+002, 2.1012244E+002, 2.0863990E+002, 2.0464525E+002, 2.0078985E+002, 1.9370041E+002, 1.8845328E+002, 1.8033396E+002, 1.7510856E+002, 1.6825202E+002, 1.6451123E+002, 1.5911152E+002, 1.5568747E+002, 1.5261377E+002, 1.5214105E+002, 1.5217650E+002, 1.5118071E+002, 1.4821063E+002, 1.4598530E+002, 1.4278493E+002, 1.4054265E+002, 1.3886122E+002, 1.3942805E+002, 1.4971936E+002, 1.6531325E+002, 1.8874102E+002, 1.9805215E+002, 2.0309317E+002, 2.0398408E+002, 1.9667365E+002, 1.9806739E+002, 2.1846642E+002, 2.3324517E+002, 2.2673927E+002, 2.1995877E+002, 2.2584824E+002, 2.5254002E+002, 2.9115925E+002, 3.0792244E+002, 3.0554487E+002, 2.8789969E+002, 2.6302041E+002, 2.5007862E+002, 2.5857241E+002, 2.6804111E+002, 2.5437522E+002, 2.4404264E+002, 2.3342956E+002, 2.2241786E+002, 2.4923512E+002, 2.4741961E+002, 2.4551701E+002, 2.4612477E+002, 2.4886750E+002, 2.5379223E+002, 2.5384047E+002, 2.3549027E+002, 2.4301127E+002, 2.5184292E+002, 2.1144637E+002, 1.6880377E+002, 1.8810489E+002, 1.8690772E+002, 1.7758996E+002, 1.7364720E+002, 1.7940634E+002, 1.8655995E+002, 1.9317374E+002, 1.8783438E+002, 1.9483892E+002, 2.0604626E+002, 2.1960639E+002, 2.1927420E+002, 2.1483062E+002, 2.1073312E+002, 2.0735439E+002, 2.0646311E+002, 2.1002958E+002, 2.1361910E+002, 2.1726117E+002, 2.1839065E+002, 2.1892679E+002, 2.1870567E+002, 2.1670369E+002, 2.1472895E+002, 1.9049118E+002, 1.6149908E+002, 1.7783435E+002, 1.8889001E+002, 1.9080404E+002, 1.9047486E+002, 1.9038528E+002, 1.9147659E+002, 1.8771607E+002, 1.8459824E+002, 1.8050202E+002, 1.7809869E+002, 1.7794188E+002, 1.6820544E+002, 1.5633861E+002, 1.6709499E+002, 1.7705177E+002, 1.7831107E+002, 1.7869255E+002, 1.7961584E+002, 1.8207976E+002, 1.8302123E+002, 2.0393989E+001, 6.3358555E+001, 1.1667064E+002, 1.1372848E+002, 1.2242324E+002, 1.1816867E+002, 1.1395059E+002, 1.1118006E+002, 1.0761634E+002, 1.0702466E+002, 1.1101385E+002, 1.1324337E+002, 1.1191934E+002, 1.0756260E+002, 1.0152749E+002, 9.8649214E+001, 9.5140302E+001, 9.3355672E+001, 9.1956826E+001, 9.2848147E+001, 9.8929530E+001, 1.0654154E+002, 1.2087751E+002, 1.2908430E+002, 1.3738440E+002, 1.3996605E+002, 1.4181001E+002, 1.4194017E+002, 1.4245493E+002, 1.4442443E+002, 1.5119424E+002, 1.5871422E+002, 1.7165249E+002, 1.7973841E+002, 1.8507934E+002, 1.8399712E+002, 1.8026783E+002, 1.7762057E+002, 1.7372853E+002, 1.7138558E+002, 1.6819646E+002, 1.6711832E+002, 1.6964913E+002, 1.7440257E+002, 1.8726726E+002, 1.9732443E+002, 2.1089750E+002, 2.1249766E+002, 2.1237546E+002, 2.1186057E+002, 2.1154549E+002, 2.1184610E+002, 2.1213497E+002, 2.1201191E+002, 2.1231780E+002, 2.1344706E+002, 2.1349763E+002, 2.1070931E+002, 2.0288463E+002, 1.9550299E+002, 1.8349938E+002, 1.7568881E+002, 1.6350483E+002, 1.5466264E+002, 1.4187319E+002, 1.3490439E+002, 1.2655478E+002, 1.2249565E+002, 1.2147366E+002, 1.2268302E+002, 1.2221436E+002, 1.2138027E+002, 1.2162485E+002, 1.2330602E+002, 1.2703106E+002, 1.3011297E+002, 1.4300612E+002, 1.5973937E+002, 1.8531059E+002, 1.9906203E+002, 2.1342080E+002, 2.1962261E+002, 2.2152359E+002, 2.2764656E+002, 2.4872638E+002, 2.6081946E+002, 2.6374849E+002, 2.5935044E+002, 2.7255604E+002, 3.0564447E+002, 3.4323225E+002, 3.6413593E+002, 3.6674449E+002, 3.5841120E+002
 1.5200676E+002, 3.2245529E+001, 9.9542443E+001, 1.1152550E+002, 1.0202001E+002, 1.0626252E+002, 1.0073812E+002, 9.4471966E+001, 9.4164952E+001, 9.7856747E+001, 9.8434768E+001, 9.6360735E+001, 9.4666806E+001, 9.2792030E+001, 9.1837057E+001, 9.0594535E+001, 8.9995181E+001, 9.0513630E+001, 9.4765621E+001, 1.0904755E+002, 1.1927826E+002, 1.3051013E+002, 1.3520442E+002, 1.3911956E+002, 1.4018612E+002, 1.4027116E+002, 1.4152897E+002, 1.4816016E+002, 1.5594838E+002, 1.6740925E+002, 1.7244072E+002, 1.7495640E+002, 1.7425998E+002, 1.7178505E+002, 1.7007654E+002, 1.6782888E+002, 1.6609632E+002, 1.6378199E+002, 1.6257464E+002, 1.6194042E+002, 1.6246931E+002, 1.6459111E+002, 1.6871683E+002, 1.8242860E+002, 1.9692226E+002, 2.0340487E+002, 2.0507587E+002, 2.0575789E+002, 2.0545076E+002, 2.0463941E+002, 2.0415043E+002, 2.0341323E+002, 2.0259383E+002, 2.0020097E+002, 1.9763528E+002, 1.9215743E+002, 1.8755664E+002, 1.7987744E+002, 1.7467396E+002, 1.6757303E+002, 1.6373338E+002, 1.5926006E+002, 1.5663206E+002, 1.5241978E+002, 1.4947008E+002, 1.4643210E+002, 1.4567267E+002, 1.4562958E+002, 1.4574881E+002, 1.4477981E+002, 1.4317966E+002, 1.4030559E+002, 1.3843009E+002, 1.3565527E+002, 1.3508315E+002, 1.4520521E+002, 1.6684109E+002, 1.9143751E+002, 1.9770939E+002, 2.0126139E+002, 2.0469004E+002, 2.0768048E+002, 1.9363380E+002, 2.0757775E+002, 2.2122779E+002, 2.3411688E+002, 2.3217128E+002, 2.2562955E+002, 2.6550329E+002, 2.9969623E+002, 3.0931025E+002, 3.0511288E+002, 2.8940634E+002, 2.6913524E+002, 2.5052979E+002, 2.6804783E+002, 2.8940002E+002, 2.6777429E+002, 2.4744348E+002, 2.4346992E+002, 2.3591063E+002, 2.2257274E+002, 2.5005313E+002, 2.6714941E+002, 2.8748630E+002, 3.0668820E+002, 3.1264249E+002, 3.0744892E+002, 2.8857647E+002, 2.6356590E+002, 2.5330347E+002, 2.3187494E+002, 2.2488170E+002, 2.3420848E+002, 2.0173412E+002, 1.6706998E+002, 1.6323553E+002, 1.6240453E+002, 1.6679263E+002, 1.6892727E+002, 1.7001653E+002, 1.7978321E+002, 1.9687266E+002, 2.2240264E+002, 2.1682196E+002, 1.9064730E+002, 1.8641029E+002, 1.9624940E+002, 1.9589311E+002, 1.9235129E+002, 1.9043651E+002, 1.8808573E+002, 1.8768913E+002, 1.8954227E+002, 1.9179493E+002, 1.9651181E+002, 1.9989289E+002, 2.0620667E+002, 2.0945833E+002, 2.0773318E+002, 2.0441806E+002, 1.7644449E+002, 1.7860995E+002, 1.8491682E+002, 1.8536641E+002, 1.8422899E+002, 1.8312858E+002, 1.8069852E+002, 1.7879409E+002, 1.8039169E+002, 1.8015373E+002, 1.7793314E+002, 1.7463809E+002, 1.7265838E+002, 1.6432326E+002, 1.6433349E+002, 1.7118382E+002, 1.7346024E+002, 1.7381333E+002, 1.7466143E+002, 1.7543554E+002, 2.6456093E+001, 8.7171184E+001, 1.1566918E+002, 1.1354498E+002, 1.1151704E+002, 1.0507613E+002, 1.0196366E+002, 1.0446123E+002, 1.1147585E+002, 1.1373951E+002, 1.1152698E+002, 1.0756485E+002, 1.0163088E+002, 9.8306343E+001, 9.4248633E+001, 9.2675519E+001, 9.1760731E+001, 9.4951283E+001, 1.0770189E+002, 1.1789298E+002, 1.3042326E+002, 1.3578126E+002, 1.3937395E+002, 1.4008149E+002, 1.3982102E+002, 1.4077290E+002, 1.4647259E+002, 1.5344858E+002, 1.6474302E+002, 1.7063735E+002, 1.7620936E+002, 1.7767868E+002, 1.7755780E+002, 1.7548576E+002, 1.7244860E+002, 1.7033021E+002, 1.6712560E+002, 1.6536127E+002, 1.6371103E+002, 1.6329919E+002, 1.6831943E+002, 1.7852284E+002, 1.9526283E+002, 2.0651441E+002, 2.0945512E+002, 2.0901853E+002, 2.0732384E+002, 2.0552417E+002, 2.0236795E+002, 2.0026266E+002, 1.9881233E+002, 1.9953301E+002, 1.9978153E+002, 1.9967581E+002, 1.9707433E+002, 1.9288312E+002, 1.8407793E+002, 1.7595204E+002, 1.6254412E+002, 1.5365440E+002, 1.4256965E+002, 1.3628226E+002, 1.2967625E+002, 1.2702594E+002, 1.2410804E+002, 1.2184195E+002, 1.1794337E+002, 1.1705634E+002, 1.1924740E+002, 1.2059703E+002, 1.2062469E+002, 1.2108926E+002, 1.2621099E+002, 1.3012173E+002, 1.4130620E+002, 1.6127135E+002, 1.9066514E+002, 1.9823165E+002, 2.1111123E+002, 2.1881401E+002, 2.2104762E+002, 2.2044993E+002, 2.4379273E+002, 2.5522377E+002, 2.5433769E+002, 2.6004142E+002, 2.8083303E+002, 3.2195994E+002, 3.5450566E+002, 3.6351792E+002, 3.6424432E+002, 3.5062927E+002, 3.0040005E+002, 2.7938561E+002
 1.5300102E+002, 9.4664147E+001, 1.0700632E+002, 1.0892889E+002, 9.1269905E+001, 9.5825800E+001, 8.6447671E+001, 9.3177813E+001, 9.5245883E+001, 9.4937225E+001, 9.3789363E+001, 9.1677113E+001, 9.0379014E+001, 8.9124878E+001, 8.8900377E+001, 9.3472794E+001, 1.0192789E+002, 1.1846900E+002, 1.2693626E+002, 1.3402153E+002, 1.3622165E+002, 1.3696388E+002, 1.3719372E+002, 1.4132204E+002, 1.4775872E+002, 1.5977293E+002, 1.6598934E+002, 1.7031369E+002, 1.7044684E+002, 1.6867931E+002, 1.6686772E+002, 1.6447593E+002, 1.6317375E+002, 1.6114130E+002, 1.5992440E+002, 1.5885552E+002, 1.5867699E+002, 1.5947683E+002, 1.6208222E+002, 1.7146672E+002, 1.7994063E+002, 1.9171971E+002, 1.9639706E+002, 1.9871910E+002, 1.9857265E+002, 1.9738221E+002, 1.9657618E+002, 1.9533873E+002, 1.9440168E+002, 1.9262631E+002, 1.9100744E+002, 1.8757579E+002, 1.8451213E+002, 1.7870224E+002, 1.7413960E+002, 1.6699982E+002, 1.6254466E+002, 1.5712836E+002, 1.5427763E+002, 1.5048016E+002, 1.4793501E+002, 1.4418118E+002, 1.4189597E+002, 1.3970817E+002, 1.3918860E+002, 1.3921360E+002, 1.3985116E+002, 1.4054410E+002, 1.3997888E+002, 1.3786493E+002, 1.3608229E+002, 1.3335676E+002, 1.3190172E+002, 1.4188373E+002, 1.6672945E+002, 1.9084404E+002, 1.9642666E+002, 2.0047608E+002, 2.0457516E+002, 2.0988356E+002, 1.9488661E+002, 2.0346174E+002, 2.1454544E+002, 2.1648963E+002, 2.3298689E+002, 2.7266123E+002, 3.0152679E+002, 3.1983175E+002, 3.1905727E+002, 3.0851770E+002, 2.8596663E+002, 2.5792168E+002, 2.4140468E+002, 2.6477204E+002, 2.8164311E+002, 2.6964466E+002, 2.5021015E+002, 2.4737974E+002, 2.5160491E+002, 2.3947763E+002, 2.7337949E+002, 3.0325768E+002, 3.1383208E+002, 3.0579123E+002, 2.9518020E+002, 2.8714899E+002, 2.8310627E+002, 2.7426667E+002, 2.6276096E+002, 2.5285532E+002, 2.5653577E+002, 2.6361908E+002, 2.6134009E+002, 2.4565611E+002, 2.3044586E+002, 1.4592429E+002, 1.6330250E+002, 1.7443058E+002, 1.7832750E+002, 1.8330919E+002, 1.8486969E+002, 1.8049856E+002, 1.7553441E+002, 1.8626050E+002, 2.1208764E+002, 2.2836328E+002, 2.1299616E+002, 1.7111053E+002, 1.8444748E+002, 1.9652046E+002, 1.9773716E+002, 1.9683595E+002, 1.9661663E+002, 1.9561759E+002, 1.9429952E+002, 1.9186907E+002, 1.9052923E+002, 1.8745885E+002, 1.8577579E+002, 1.8725782E+002, 1.9321911E+002, 2.0362441E+002, 1.9216753E+002, 1.7646255E+002, 1.7603029E+002, 1.7469715E+002, 1.7458332E+002, 1.7564782E+002, 1.7555010E+002, 1.7343346E+002, 1.7357775E+002, 1.7414989E+002, 1.7511950E+002, 1.7527506E+002, 1.7220113E+002, 1.6608020E+002, 1.6001715E+002, 1.6280677E+002, 1.6664824E+002, 1.7165184E+002, 1.7304735E+002, 8.7166665E+001, 1.0023183E+002, 1.1488000E+002, 1.0960025E+002, 9.7749344E+001, 9.6374076E+001, 1.0533513E+002, 1.0794720E+002, 1.0815894E+002, 1.0703204E+002, 1.0238314E+002, 9.8382028E+001, 9.3576494E+001, 9.1962184E+001, 9.4016320E+001, 1.0125500E+002, 1.1835722E+002, 1.2751572E+002, 1.3499427E+002, 1.3754794E+002, 1.3810350E+002, 1.3795959E+002, 1.4132911E+002, 1.4715011E+002, 1.5869933E+002, 1.6509502E+002, 1.7085865E+002, 1.7259855E+002, 1.7277673E+002, 1.7149556E+002, 1.6828254E+002, 1.6616993E+002, 1.6344271E+002, 1.6197484E+002, 1.6134562E+002, 1.6118255E+002, 1.6146618E+002, 1.6485622E+002, 1.7892339E+002, 1.9131529E+002, 2.0298252E+002, 2.0506499E+002, 2.0395102E+002, 2.0199722E+002, 1.9840587E+002, 1.9585887E+002, 1.9171485E+002, 1.8866074E+002, 1.8482205E+002, 1.8412862E+002, 1.8372629E+002, 1.8299038E+002, 1.7937038E+002, 1.7597717E+002, 1.6643293E+002, 1.5844142E+002, 1.4611779E+002, 1.3832705E+002, 1.2949926E+002, 1.2410713E+002, 1.1533415E+002, 1.1049857E+002, 1.0789947E+002, 1.0979469E+002, 1.1300882E+002, 1.1382918E+002, 1.1498344E+002, 1.1686897E+002, 1.2058277E+002, 1.2188411E+002, 1.2390817E+002, 1.2728993E+002, 1.3986987E+002, 1.6431876E+002, 1.9291501E+002, 2.0068597E+002, 2.1143513E+002, 2.1668739E+002, 2.2146988E+002, 2.2167982E+002, 2.4153819E+002, 2.4517312E+002, 2.5399279E+002, 2.7769328E+002, 3.1831511E+002, 3.4020514E+002, 3.5819554E+002, 3.5824751E+002, 3.4641373E+002, 3.2445550E+002, 3.0346453E+002, 2.6245011E+002, 2.9140580E+002, 2.8952480E+002
 1.5401437E+002, 1.1052600E+002, 1.1262641E+002, 8.7453459E+001, 9.1051290E+001, 8.3074693E+001, 9.0877556E+001, 9.2941717E+001, 9.2000903E+001, 8.9852349E+001, 8.8704789E+001, 8.9203502E+001, 9.2924555E+001, 1.0458285E+002, 1.1466379E+002, 1.2671546E+002, 1.3124808E+002, 1.3393117E+002, 1.3412033E+002, 1.3621857E+002, 1.4079413E+002, 1.5196253E+002, 1.5900067E+002, 1.6521151E+002, 1.6643552E+002, 1.6566176E+002, 1.6414149E+002, 1.6100830E+002, 1.5910964E+002, 1.5686453E+002, 1.5577903E+002, 1.5497787E+002, 1.5500867E+002, 1.5583618E+002, 1.5827038E+002, 1.6655537E+002, 1.7457497E+002, 1.8552858E+002, 1.8870478E+002, 1.8978224E+002, 1.9055273E+002, 1.9052037E+002, 1.8948574E+002, 1.8746487E+002, 1.8595620E+002, 1.8356812E+002, 1.8194526E+002, 1.7932309E+002, 1.7724590E+002, 1.7323033E+002, 1.6999835E+002, 1.6464513E+002, 1.6093964E+002, 1.5549823E+002, 1.5221582E+002, 1.4789575E+002, 1.4526988E+002, 1.4142811E+002, 1.3888419E+002, 1.3551147E+002, 1.3364577E+002, 1.3156609E+002, 1.3104096E+002, 1.3141943E+002, 1.3249694E+002, 1.3456314E+002, 1.3533542E+002, 1.3480808E+002, 1.3348098E+002, 1.3094181E+002, 1.2914692E+002, 1.4113364E+002, 1.6656935E+002, 1.9002288E+002, 1.9600836E+002, 2.0071643E+002, 2.0605096E+002, 2.0804030E+002, 1.9576724E+002, 2.0057082E+002, 2.1112006E+002, 2.5102199E+002, 2.8721115E+002, 3.1923463E+002, 3.1964160E+002, 3.1123719E+002, 3.0232088E+002, 2.7706968E+002, 2.6145972E+002, 2.4711447E+002, 2.4194097E+002, 2.5925867E+002, 2.7177416E+002, 2.6714077E+002, 2.5629520E+002, 2.4077280E+002, 2.4621817E+002, 2.4379811E+002, 2.7714586E+002, 3.1138360E+002, 3.1013332E+002, 2.8879103E+002, 2.7415884E+002, 2.7484684E+002, 2.7113696E+002, 2.6866571E+002, 2.5565568E+002, 2.3916660E+002, 2.3473239E+002, 2.2626244E+002, 2.2635120E+002, 2.3463681E+002, 2.4242262E+002, 2.5414294E+002, 2.6128452E+002, 2.4241210E+002, 1.7844393E+002, 1.7753426E+002, 1.8156584E+002, 1.8447870E+002, 1.8582346E+002, 1.8725581E+002, 1.8786136E+002, 1.8455783E+002, 1.7922977E+002, 2.0025202E+002, 2.1787730E+002, 1.6943564E+002, 1.6690103E+002, 1.8929708E+002, 1.9827446E+002, 2.0265073E+002, 2.0175490E+002, 1.9905448E+002, 2.0038650E+002, 2.0015755E+002, 1.9975595E+002, 1.9924785E+002, 1.9864044E+002, 1.9552502E+002, 1.8927129E+002, 1.8157929E+002, 1.8348002E+002, 1.8190838E+002, 1.7561164E+002, 1.6401530E+002, 1.6664593E+002, 1.7513501E+002, 1.7796125E+002, 1.8014171E+002, 1.8219704E+002, 1.8030314E+002, 1.7652129E+002, 1.7300670E+002, 1.7253694E+002, 1.7382131E+002, 1.7322480E+002, 1.6686809E+002, 1.6090961E+002, 1.5890176E+002, 1.6508307E+002, 1.0918627E+002, 1.1392247E+002, 1.0636480E+002, 1.0332691E+002, 9.5133492E+001, 1.0152901E+002, 1.0402240E+002, 1.0277689E+002, 9.8831257E+001, 9.6027109E+001, 9.3075888E+001, 9.4208399E+001, 1.0366643E+002, 1.1392960E+002, 1.2814153E+002, 1.3308367E+002, 1.3542625E+002, 1.3595681E+002, 1.3778235E+002, 1.4178687E+002, 1.5238974E+002, 1.5940553E+002, 1.6607106E+002, 1.6806538E+002, 1.6885677E+002, 1.6820870E+002, 1.6543823E+002, 1.6288420E+002, 1.5906564E+002, 1.5671520E+002, 1.5402623E+002, 1.5359654E+002, 1.5594698E+002, 1.5947541E+002, 1.6881904E+002, 1.7863932E+002, 1.9372427E+002, 1.9837660E+002, 1.9817003E+002, 1.9711481E+002, 1.9461803E+002, 1.9229894E+002, 1.8820216E+002, 1.8509246E+002, 1.7987524E+002, 1.7622991E+002, 1.7127681E+002, 1.6953335E+002, 1.6835053E+002, 1.6654722E+002, 1.6111596E+002, 1.5764324E+002, 1.5018730E+002, 1.4450195E+002, 1.3482466E+002, 1.2933582E+002, 1.2050559E+002, 1.1482091E+002, 1.0828424E+002, 1.0497122E+002, 9.9936750E+001, 9.7184009E+001, 9.5226967E+001, 9.7622329E+001, 1.0628610E+002, 1.1074571E+002, 1.1671998E+002, 1.2076217E+002, 1.2410820E+002, 1.2556492E+002, 1.4130563E+002, 1.6978329E+002, 1.9716382E+002, 2.0356764E+002, 2.1173352E+002, 2.1805430E+002, 2.2628934E+002, 2.2840338E+002, 2.3447823E+002, 2.4581499E+002, 2.8463058E+002, 3.1685312E+002, 3.3520720E+002, 3.2483278E+002, 2.9968587E+002, 2.9703774E+002, 2.7743224E+002, 2.7456070E+002, 2.4740918E+002, 2.4720999E+002, 2.7220230E+002, 2.9013878E+002, 2.7850366E+002, 2.7803708E+002
 1.5501123E+002, 1.0295217E+002, 1.1102650E+002, 7.6282153E+001, 8.0197820E+001, 8.8953368E+001, 8.9853736E+001, 8.8034012E+001, 8.7620748E+001, 9.2835699E+001, 1.0093088E+002, 1.1582166E+002, 1.2344908E+002, 1.2982529E+002, 1.3136670E+002, 1.3154337E+002, 1.3238517E+002, 1.3903567E+002, 1.4717290E+002, 1.5784692E+002, 1.6169831E+002, 1.6297014E+002, 1.6256403E+002, 1.6077881E+002, 1.5864623E+002, 1.5469029E+002, 1.5281556E+002, 1.5123442E+002, 1.5088151E+002, 1.5128326E+002, 1.5269865E+002, 1.5899339E+002, 1.6623397E+002, 1.7897471E+002, 1.8544405E+002, 1.8907881E+002, 1.8704509E+002, 1.8326192E+002, 1.8297871E+002, 1.8189790E+002, 1.8031000E+002, 1.7748513E+002, 1.7550833E+002, 1.7248553E+002, 1.7043847E+002, 1.6747590E+002, 1.6539539E+002, 1.6186198E+002, 1.5909263E+002, 1.5455373E+002, 1.5159103E+002, 1.4738676E+002, 1.4486160E+002, 1.4100970E+002, 1.3854066E+002, 1.3510029E+002, 1.3290897E+002, 1.2987535E+002, 1.2800732E+002, 1.2586517E+002, 1.2492763E+002, 1.2463395E+002, 1.2512815E+002, 1.2651290E+002, 1.2784689E+002, 1.3059747E+002, 1.3127685E+002, 1.2974465E+002, 1.2817497E+002, 1.2624968E+002, 1.4631587E+002, 1.8209986E+002, 1.9118363E+002, 1.9735641E+002, 2.0227206E+002, 2.1027560E+002, 2.0209175E+002, 1.8823314E+002, 2.0103804E+002, 2.4845951E+002, 2.8368491E+002, 2.7970195E+002, 2.6716606E+002, 2.5514760E+002, 2.5367613E+002, 2.4807633E+002, 2.4007271E+002, 2.3635735E+002, 2.2720221E+002, 2.4666704E+002, 2.6278884E+002, 2.5876972E+002, 2.6016910E+002, 2.5696961E+002, 2.3549084E+002, 2.5395389E+002, 2.2913856E+002, 3.1711218E+002, 3.0615252E+002, 2.8726950E+002, 2.6956184E+002, 2.8213965E+002, 2.8344501E+002, 2.7976059E+002, 2.8190120E+002, 2.4869810E+002, 2.2976029E+002, 2.2329707E+002, 2.1753644E+002, 2.0899490E+002, 2.0300649E+002, 2.0090759E+002, 2.1159747E+002, 2.3017811E+002, 2.3992313E+002, 2.5119318E+002, 2.4358858E+002, 1.7772963E+002, 1.7264807E+002, 1.8345073E+002, 1.8418085E+002, 1.8439038E+002, 1.8441775E+002, 1.8478474E+002, 1.8625402E+002, 1.8510187E+002, 1.8309279E+002, 1.9256046E+002, 1.5871342E+002, 1.7636655E+002, 1.9295705E+002, 1.9421784E+002, 1.9804069E+002, 2.0370733E+002, 2.0467239E+002, 2.0258606E+002, 2.0216549E+002, 2.0130193E+002, 2.0083519E+002, 2.0031409E+002, 1.9950033E+002, 1.9658407E+002, 1.9464478E+002, 1.8634713E+002, 1.7796035E+002, 1.6650195E+002, 1.5464221E+002, 1.7513496E+002, 1.8958225E+002, 1.9248504E+002, 1.9281759E+002, 1.9257612E+002, 1.9309518E+002, 1.9629056E+002, 1.9351961E+002, 1.8311022E+002, 1.7586868E+002, 1.6969618E+002, 1.7105333E+002, 1.7044315E+002, 1.6362286E+002, 6.8063890E+001, 1.0586111E+002, 9.6528868E+001, 9.0115888E+001, 9.8140368E+001, 9.8551466E+001, 9.5426639E+001, 9.3413163E+001, 9.4298595E+001, 9.9812748E+001, 1.1460423E+002, 1.2276355E+002, 1.3007043E+002, 1.3286339E+002, 1.3312366E+002, 1.3443376E+002, 1.4094238E+002, 1.4849261E+002, 1.5920943E+002, 1.6341932E+002, 1.6514194E+002, 1.6521444E+002, 1.6469804E+002, 1.6315738E+002, 1.5904995E+002, 1.5611724E+002, 1.5255172E+002, 1.5109185E+002, 1.5045816E+002, 1.5187548E+002, 1.5858494E+002, 1.6592705E+002, 1.7911860E+002, 1.8702949E+002, 1.9500519E+002, 1.9494849E+002, 1.9075774E+002, 1.8909424E+002, 1.8654659E+002, 1.8416139E+002, 1.7984050E+002, 1.7650928E+002, 1.7124459E+002, 1.6752418E+002, 1.6163728E+002, 1.5838488E+002, 1.5510170E+002, 1.5304062E+002, 1.4977271E+002, 1.4550540E+002, 1.3933276E+002, 1.3408755E+002, 1.2812330E+002, 1.2280427E+002, 1.1748820E+002, 1.1349736E+002, 1.0832515E+002, 1.0431802E+002, 9.8943754E+001, 9.5856574E+001, 9.2173294E+001, 9.0488057E+001, 8.8907848E+001, 8.8929653E+001, 9.7485129E+001, 1.0768955E+002, 1.2010441E+002, 1.2391142E+002, 1.2712698E+002, 1.5406754E+002, 1.9573099E+002, 2.0178396E+002, 2.0940081E+002, 2.1700721E+002, 2.2723540E+002, 2.2960309E+002, 2.3195544E+002, 2.5522119E+002, 3.0439554E+002, 3.2608711E+002, 3.2412532E+002, 3.0175644E+002, 2.4442034E+002, 2.2593666E+002, 2.0883127E+002, 1.7248477E+002, 2.0430114E+002, 2.2374474E+002, 2.5758171E+002, 2.5845718E+002, 2.6606672E+002, 2.7142008E+002, 2.8044399E+002, 2.8908001E+002
 1.5600978E+002, 7.2887622E+001, 9.7340446E+001, 8.7478152E+001, 7.4541977E+001, 8.4864552E+001, 8.7118793E+001, 9.7720695E+001, 1.0818796E+002, 1.2129147E+002, 1.2617964E+002, 1.2893978E+002, 1.2906661E+002, 1.3052171E+002, 1.3417359E+002, 1.4407120E+002, 1.5126137E+002, 1.5800684E+002, 1.5937335E+002, 1.5928447E+002, 1.5869424E+002, 1.5714470E+002, 1.5517574E+002, 1.5046812E+002, 1.4813226E+002, 1.4741445E+002, 1.4763773E+002, 1.5069845E+002, 1.5621318E+002, 1.6843727E+002, 1.7621812E+002, 1.8325716E+002, 1.8494907E+002, 1.8449349E+002, 1.8239667E+002, 1.7674290E+002, 1.7487231E+002, 1.7332926E+002, 1.7166021E+002, 1.6880051E+002, 1.6671586E+002, 1.6355071E+002, 1.6141889E+002, 1.5834450E+002, 1.5637051E+002, 1.5329357E+002, 1.5087335E+002, 1.4727535E+002, 1.4489592E+002, 1.4150823E+002, 1.3915831E+002, 1.3571157E+002, 1.3332737E+002, 1.3003874E+002, 1.2828577E+002, 1.2562365E+002, 1.2410461E+002, 1.2225281E+002, 1.2130987E+002, 1.2018894E+002, 1.1998551E+002, 1.2080472E+002, 1.2195507E+002, 1.2387397E+002, 1.2504647E+002, 1.2668386E+002, 1.2692845E+002, 1.2517016E+002, 1.2383358E+002, 1.5853301E+002, 1.7947876E+002, 1.9340839E+002, 1.9493634E+002, 2.0630198E+002, 2.0537848E+002, 1.8101421E+002, 1.9179893E+002, 2.4540936E+002, 2.7164654E+002, 2.7585798E+002, 2.6365559E+002, 2.4183667E+002, 2.3465214E+002, 2.2715393E+002, 2.1709174E+002, 2.0708328E+002, 2.0691427E+002, 2.2132368E+002, 2.4422864E+002, 2.5119535E+002, 2.4471992E+002, 2.5346775E+002, 2.4793044E+002, 2.3353771E+002, 2.5922263E+002, 2.4231357E+002, 3.1565694E+002, 2.8651804E+002, 2.6462507E+002, 2.8319657E+002, 2.9456854E+002, 2.9208113E+002, 2.8855176E+002, 2.8371672E+002, 2.4310809E+002, 2.5272792E+002, 2.5900051E+002, 2.1152666E+002, 2.1512776E+002, 2.0551010E+002, 2.0045424E+002, 1.9072325E+002, 1.9519520E+002, 2.0180896E+002, 2.0947262E+002, 2.3366283E+002, 2.2664985E+002, 2.1224128E+002, 1.7948579E+002, 1.7813980E+002, 1.8207381E+002, 1.8038110E+002, 1.7988188E+002, 1.8247985E+002, 1.8802846E+002, 1.9392320E+002, 1.9466690E+002, 1.8852794E+002, 1.8339720E+002, 1.5900684E+002, 1.7014019E+002, 1.8248839E+002, 1.9705842E+002, 2.0254920E+002, 2.0284730E+002, 2.0039691E+002, 1.9892121E+002, 1.9821832E+002, 1.9831445E+002, 1.9907166E+002, 1.9946072E+002, 1.9886513E+002, 1.9734926E+002, 1.9501525E+002, 1.9347528E+002, 1.8628797E+002, 1.7427815E+002, 1.5096279E+002, 1.8299097E+002, 1.8638231E+002, 1.8746061E+002, 1.8988640E+002, 1.9229602E+002, 1.9571808E+002, 1.9850860E+002, 1.9816932E+002, 1.9677877E+002, 1.9351048E+002, 1.8553758E+002, 1.7255095E+002, 1.6635049E+002, 3.6858639E+001, 6.3563635E+001, 8.7670693E+001, 8.4239573E+001, 9.0298014E+001, 9.1248884E+001, 9.7557957E+001, 1.0671399E+002, 1.2093611E+002, 1.2631777E+002, 1.2944085E+002, 1.3011220E+002, 1.3129049E+002, 1.3444918E+002, 1.4566097E+002, 1.5287404E+002, 1.5913277E+002, 1.6050460E+002, 1.6107941E+002, 1.6076436E+002, 1.6050007E+002, 1.5954604E+002, 1.5506841E+002, 1.5190497E+002, 1.4930633E+002, 1.4873252E+002, 1.5090943E+002, 1.5603237E+002, 1.6822533E+002, 1.7597085E+002, 1.8256158E+002, 1.8377660E+002, 1.8610127E+002, 1.8804147E+002, 1.8416235E+002, 1.8168232E+002, 1.7925538E+002, 1.7739379E+002, 1.7423849E+002, 1.7120081E+002, 1.6565176E+002, 1.6221516E+002, 1.5676415E+002, 1.5264624E+002, 1.4881826E+002, 1.4533151E+002, 1.4044225E+002, 1.3723495E+002, 1.3374730E+002, 1.2980556E+002, 1.2251564E+002, 1.1916776E+002, 1.1409212E+002, 1.1168707E+002, 1.0771293E+002, 1.0489117E+002, 1.0151524E+002, 9.9164960E+001, 9.4612817E+001, 9.1609263E+001, 8.8327912E+001, 8.7687977E+001, 8.8071535E+001, 8.7874659E+001, 9.3975652E+001, 1.0591556E+002, 1.2241402E+002, 1.2840528E+002, 1.7965776E+002, 1.9642979E+002, 2.0445089E+002, 2.1220672E+002, 2.2414545E+002, 2.2652747E+002, 2.2019734E+002, 2.3213125E+002, 2.8803545E+002, 3.1188117E+002, 3.2355175E+002, 3.1615372E+002, 2.8010209E+002, 2.3878886E+002, 2.1106327E+002, 1.9228062E+002, 1.5378098E+002, 1.3839735E+002, 1.4825782E+002, 2.4955726E+002, 2.5750158E+002, 2.5664450E+002, 2.6536463E+002, 2.7689656E+002, 2.8579660E+002, 2.7737205E+002
 1.5700122E+002, 4.1815316E+001, 9.2055787E+001, 8.6257545E+001, 7.5598966E+001, 9.9170056E+001, 1.1248798E+002, 1.2319981E+002, 1.2583444E+002, 1.2670435E+002, 1.2829298E+002, 1.3467376E+002, 1.4120103E+002, 1.4986924E+002, 1.5344447E+002, 1.5544568E+002, 1.5544473E+002, 1.5506022E+002, 1.5462200E+002, 1.5346595E+002, 1.5178647E+002, 1.4737190E+002, 1.4502258E+002, 1.4424750E+002, 1.4636248E+002, 1.5555105E+002, 1.6409914E+002, 1.7457474E+002, 1.7828800E+002, 1.7955965E+002, 1.7902726E+002, 1.7708400E+002, 1.7476519E+002, 1.6986131E+002, 1.6720432E+002, 1.6503904E+002, 1.6357479E+002, 1.6076696E+002, 1.5884202E+002, 1.5584586E+002, 1.5389174E+002, 1.5087402E+002, 1.4884366E+002, 1.4603568E+002, 1.4417962E+002, 1.4097542E+002, 1.3880262E+002, 1.3577413E+002, 1.3376883E+002, 1.3049376E+002, 1.2828735E+002, 1.2510485E+002, 1.2327434E+002, 1.2105890E+002, 1.1976877E+002, 1.1835562E+002, 1.1767956E+002, 1.1671056E+002, 1.1642337E+002, 1.1633426E+002, 1.1696632E+002, 1.1869332E+002, 1.2005015E+002, 1.2177627E+002, 1.2248566E+002, 1.2260902E+002, 1.2235532E+002, 1.3588099E+002, 1.6130548E+002, 1.8678076E+002, 1.9258774E+002, 1.9780761E+002, 1.9460033E+002, 1.9307719E+002, 2.0970876E+002, 2.5006009E+002, 2.6897713E+002, 2.7038201E+002, 2.6218177E+002, 2.4526810E+002, 2.3243653E+002, 2.1500022E+002, 2.0557479E+002, 1.9322998E+002, 1.9151890E+002, 2.0124246E+002, 2.1757109E+002, 2.4112067E+002, 2.4057436E+002, 2.3784511E+002, 2.4589375E+002, 2.3228734E+002, 2.3894944E+002, 2.6207598E+002, 2.8502794E+002, 3.1599492E+002, 2.8773122E+002, 2.6433242E+002, 2.7138933E+002, 2.7336286E+002, 2.7008105E+002, 2.7050606E+002, 2.7560510E+002, 2.2636940E+002, 2.6694059E+002, 2.5890185E+002, 2.4486013E+002, 2.1115642E+002, 2.1721953E+002, 2.0405659E+002, 2.0250901E+002, 2.0186078E+002, 2.0211661E+002, 1.9516792E+002, 1.9165733E+002, 2.0666304E+002, 2.0558908E+002, 2.1055494E+002, 2.1059343E+002, 1.6797202E+002, 1.7762638E+002, 1.7393037E+002, 1.7002585E+002, 1.8647114E+002, 1.9101530E+002, 1.9248280E+002, 1.9272472E+002, 1.9250874E+002, 1.9234510E+002, 1.8878625E+002, 1.7991105E+002, 1.6155192E+002, 1.7658263E+002, 1.9208625E+002, 1.9108445E+002, 1.8831739E+002, 1.8741745E+002, 1.8785115E+002, 1.8835402E+002, 1.9028355E+002, 1.9235456E+002, 1.9530024E+002, 1.9654555E+002, 1.9713551E+002, 1.9658265E+002, 1.9390997E+002, 1.9016329E+002, 1.7590815E+002, 1.6389700E+002, 1.8684079E+002, 1.9091597E+002, 1.9584264E+002, 1.9867318E+002, 2.0173775E+002, 2.0582206E+002, 2.0899087E+002, 2.1024974E+002, 2.0551278E+002, 1.9970524E+002, 1.9081739E+002, 1.8840431E+002, 3.2086717E+001, 7.1111086E+001, 8.1598730E+001, 8.1448216E+001, 1.0000916E+002, 1.1226123E+002, 1.2370876E+002, 1.2685864E+002, 1.2811196E+002, 1.2965593E+002, 1.3537364E+002, 1.4158381E+002, 1.5039087E+002, 1.5376902E+002, 1.5404555E+002, 1.5319720E+002, 1.5352265E+002, 1.5458253E+002, 1.5548986E+002, 1.5514759E+002, 1.5174082E+002, 1.4923566E+002, 1.4741820E+002, 1.4861486E+002, 1.5662581E+002, 1.6479058E+002, 1.7510489E+002, 1.7870141E+002, 1.7955141E+002, 1.7906980E+002, 1.7873516E+002, 1.7859886E+002, 1.7668363E+002, 1.7433396E+002, 1.7258029E+002, 1.7185345E+002, 1.6922827E+002, 1.6679864E+002, 1.6203276E+002, 1.5887131E+002, 1.5404644E+002, 1.4917770E+002, 1.4324743E+002, 1.4039196E+002, 1.3582312E+002, 1.3240473E+002, 1.2662002E+002, 1.2457732E+002, 1.2006964E+002, 1.1625349E+002, 1.1036751E+002, 1.0676958E+002, 1.0420636E+002, 1.0315026E+002, 1.0114860E+002, 1.0005058E+002, 9.7220147E+001, 9.5536084E+001, 9.2714586E+001, 9.0300306E+001, 8.7772007E+001, 8.7962086E+001, 9.1244877E+001, 9.5549669E+001, 1.0749496E+002, 1.2214502E+002, 1.5995890E+002, 1.8505324E+002, 1.9997778E+002, 2.0779042E+002, 2.1821043E+002, 2.1691237E+002, 2.2547544E+002, 2.4602281E+002, 2.8518742E+002, 3.0740810E+002, 3.1239617E+002, 2.9723711E+002, 2.6878639E+002, 2.5053905E+002, 2.2089835E+002, 2.0613890E+002, 1.7883243E+002, 1.6106805E+002, 1.4199419E+002, 1.4353642E+002, 1.9665140E+002, 2.5389340E+002, 2.5793256E+002, 2.7009389E+002, 2.8012781E+002, 2.8055342E+002, 2.7216643E+002, 2.9233194E+002
 1.5800806E+002, 5.5952051E+001, 8.3857008E+001, 8.4669629E+001, 1.0737202E+002, 1.2254820E+002, 1.2389082E+002, 1.2724717E+002, 1.3241823E+002, 1.4238872E+002, 1.4752137E+002, 1.5123672E+002, 1.5140657E+002, 1.5075592E+002, 1.5041834E+002, 1.5020405E+002, 1.5002538E+002, 1.4887566E+002, 1.4693958E+002, 1.4335706E+002, 1.4192980E+002, 1.4432388E+002, 1.5062054E+002, 1.6304296E+002, 1.6988414E+002, 1.7458690E+002, 1.7467816E+002, 1.7349960E+002, 1.7203950E+002, 1.6872801E+002, 1.6579888E+002, 1.6109419E+002, 1.5895776E+002, 1.5726718E+002, 1.5601978E+002, 1.5362979E+002, 1.5198135E+002, 1.4921012E+002, 1.4720728E+002, 1.4407483E+002, 1.4210972E+002, 1.3954435E+002, 1.3788499E+002, 1.3512919E+002, 1.3314356E+002, 1.3005905E+002, 1.2819810E+002, 1.2534751E+002, 1.2331223E+002, 1.2016014E+002, 1.1824580E+002, 1.1600579E+002, 1.1480722E+002, 1.1338315E+002, 1.1288710E+002, 1.1252916E+002, 1.1252321E+002, 1.1270146E+002, 1.1292805E+002, 1.1420670E+002, 1.1538932E+002, 1.1721273E+002, 1.1810311E+002, 1.1876103E+002, 1.1957876E+002, 1.3911449E+002, 1.6216704E+002, 1.8723620E+002, 1.9259999E+002, 1.9431376E+002, 1.8683743E+002, 2.0004587E+002, 2.2099382E+002, 2.5516134E+002, 2.6184033E+002, 2.5576305E+002, 2.4336592E+002, 2.2738901E+002, 2.1944811E+002, 2.0738471E+002, 1.9935861E+002, 1.8661936E+002, 1.8235521E+002, 1.8984085E+002, 2.0321843E+002, 2.2485817E+002, 2.3076328E+002, 2.3338685E+002, 2.3633780E+002, 2.3399429E+002, 2.3365938E+002, 2.5677461E+002, 2.9034559E+002, 3.1107005E+002, 3.0649665E+002, 2.4634626E+002, 2.5004238E+002, 2.6310320E+002, 2.7001630E+002, 2.7085650E+002, 2.7072105E+002, 2.6454870E+002, 2.4960443E+002, 2.6495792E+002, 2.7360854E+002, 2.2953955E+002, 2.1860622E+002, 2.3851836E+002, 2.3673289E+002, 2.2737992E+002, 2.1543408E+002, 2.0074708E+002, 1.9579582E+002, 1.9556441E+002, 1.9421563E+002, 1.9248668E+002, 1.8770157E+002, 2.0590016E+002, 2.0506900E+002, 1.9146700E+002, 1.7278684E+002, 1.7001289E+002, 1.5382302E+002, 1.8567490E+002, 1.8842088E+002, 1.8908280E+002, 1.8853803E+002, 1.9048857E+002, 1.9085526E+002, 1.9128406E+002, 1.8853643E+002, 1.8609602E+002, 1.6953473E+002, 1.7367430E+002, 1.7637512E+002, 1.8676338E+002, 1.9028755E+002, 1.8686718E+002, 1.8534416E+002, 1.8461668E+002, 1.8307915E+002, 1.8243823E+002, 1.8341744E+002, 1.8537283E+002, 1.8676742E+002, 1.8881397E+002, 1.8980513E+002, 1.8832675E+002, 1.8492430E+002, 1.7403056E+002, 1.8377929E+002, 1.9594161E+002, 1.9670046E+002, 1.9719874E+002, 1.9802376E+002, 1.9819040E+002, 1.9897079E+002, 2.0137554E+002, 2.0266450E+002, 2.0467616E+002, 1.9690187E+002, 5.5030984E+001, 7.7628858E+001, 9.2292079E+001, 1.1099084E+002, 1.2496727E+002, 1.2612663E+002, 1.2921666E+002, 1.3408813E+002, 1.4355136E+002, 1.4847439E+002, 1.5181081E+002, 1.5115665E+002, 1.4825217E+002, 1.4627705E+002, 1.4535093E+002, 1.4665906E+002, 1.4957247E+002, 1.4956537E+002, 1.4774174E+002, 1.4627522E+002, 1.4812890E+002, 1.5375797E+002, 1.6531916E+002, 1.7183240E+002, 1.7630037E+002, 1.7611704E+002, 1.7512725E+002, 1.7442563E+002, 1.7291030E+002, 1.7130910E+002, 1.6838687E+002, 1.6719173E+002, 1.6713186E+002, 1.6709749E+002, 1.6554352E+002, 1.6446300E+002, 1.6022356E+002, 1.5672107E+002, 1.5089660E+002, 1.4589783E+002, 1.3897639E+002, 1.3597999E+002, 1.3072139E+002, 1.2815140E+002, 1.2225539E+002, 1.1878782E+002, 1.1644213E+002, 1.1450736E+002, 1.1026198E+002, 1.0624912E+002, 1.0071039E+002, 9.8541659E+001, 9.6681953E+001, 9.6187029E+001, 9.6206194E+001, 9.5778992E+001, 9.5087831E+001, 9.4357569E+001, 9.3319115E+001, 9.2593396E+001, 9.2989216E+001, 9.5783691E+001, 1.0549323E+002, 1.2280729E+002, 1.6181909E+002, 1.8342237E+002, 1.9955771E+002, 2.0746268E+002, 2.1174133E+002, 2.1403561E+002, 2.3720075E+002, 2.5783510E+002, 2.9301118E+002, 3.0300388E+002, 2.9920196E+002, 2.7662433E+002, 2.3337252E+002, 2.1971727E+002, 2.2150726E+002, 2.1695736E+002, 1.9432463E+002, 1.7642693E+002, 1.5625703E+002, 1.5213749E+002, 1.6417877E+002, 1.5918362E+002, 2.4550326E+002, 2.6633071E+002, 2.7408784E+002, 2.7771847E+002, 2.7534263E+002, 2.9412357E+002, 3.1670696E+002, 3.0839788E+002
 1.5901083E+002, 2.6831383E+001, 7.7194066E+001, 1.1444100E+002, 1.2045629E+002, 1.2668825E+002, 1.3460715E+002, 1.4477205E+002, 1.4772257E+002, 1.4773678E+002, 1.4704859E+002, 1.4610460E+002, 1.4575562E+002, 1.4566177E+002, 1.4551520E+002, 1.4433759E+002, 1.4248123E+002, 1.3957199E+002, 1.4028838E+002, 1.4802826E+002, 1.5557002E+002, 1.6643127E+002, 1.7013212E+002, 1.7057919E+002, 1.6995048E+002, 1.6824703E+002, 1.6639722E+002, 1.6199618E+002, 1.5834323E+002, 1.5355066E+002, 1.5162688E+002, 1.5086654E+002, 1.5058911E+002, 1.4927836E+002, 1.4774899E+002, 1.4468119E+002, 1.4227217E+002, 1.3897380E+002, 1.3703230E+002, 1.3459352E+002, 1.3311597E+002, 1.3067947E+002, 1.2902222E+002, 1.2625943E+002, 1.2420398E+002, 1.2166028E+002, 1.2000825E+002, 1.1740441E+002, 1.1556656E+002, 1.1295632E+002, 1.1153068E+002, 1.0983674E+002, 1.0903806E+002, 1.0844928E+002, 1.0825219E+002, 1.0850620E+002, 1.0915680E+002, 1.1033546E+002, 1.1130865E+002, 1.1304327E+002, 1.1414111E+002, 1.1510814E+002, 1.1591326E+002, 1.3450912E+002, 1.5870439E+002, 1.8710232E+002, 1.9192860E+002, 1.9513091E+002, 1.8585082E+002, 1.8727098E+002, 2.1213997E+002, 2.4352174E+002, 2.4837554E+002, 2.3999570E+002, 2.2851136E+002, 2.1257740E+002, 2.0621975E+002, 2.0073257E+002, 1.9906588E+002, 1.9266065E+002, 1.8264306E+002, 1.7690960E+002, 1.8418518E+002, 2.0654798E+002, 2.1555899E+002, 2.1699237E+002, 2.2319291E+002, 2.2379511E+002, 2.2344970E+002, 2.3964014E+002, 2.7688343E+002, 3.0389444E+002, 3.0405877E+002, 3.0074652E+002, 2.4984896E+002, 2.5251327E+002, 2.7352632E+002, 2.8050708E+002, 2.7397325E+002, 2.6408499E+002, 2.4836579E+002, 2.5095875E+002, 2.6719289E+002, 2.6026583E+002, 2.4376355E+002, 2.2301299E+002, 2.1919519E+002, 2.2543725E+002, 2.4166637E+002, 2.4287632E+002, 2.3457072E+002, 2.1964206E+002, 2.1427648E+002, 2.0576689E+002, 1.9643246E+002, 1.8150592E+002, 1.7046810E+002, 1.8904754E+002, 2.0330576E+002, 1.8618016E+002, 1.7247770E+002, 1.8118248E+002, 1.4721726E+002, 1.8188978E+002, 1.8473394E+002, 1.8305260E+002, 1.8414470E+002, 1.8692891E+002, 1.8882885E+002, 1.9137650E+002, 1.9244106E+002, 1.8872864E+002, 1.8464482E+002, 1.6662894E+002, 1.6072935E+002, 1.8442729E+002, 1.9203100E+002, 1.9458236E+002, 1.9328596E+002, 1.9144841E+002, 1.9217025E+002, 1.8892699E+002, 1.8618794E+002, 1.8315383E+002, 1.8164995E+002, 1.8023733E+002, 1.7962965E+002, 1.7909377E+002, 1.7910817E+002, 1.7917689E+002, 1.7395141E+002, 1.8309688E+002, 1.9110867E+002, 1.9059986E+002, 1.8979004E+002, 1.8906235E+002, 1.8907293E+002, 1.9022039E+002, 1.8945343E+002, 1.9031129E+002, 1.9236492E+002, 3.7850655E+001, 8.4830054E+001, 1.2226046E+002, 1.2503703E+002, 1.3069223E+002, 1.3785627E+002, 1.4705615E+002, 1.4947718E+002, 1.4849606E+002, 1.4685931E+002, 1.4407247E+002, 1.4237919E+002, 1.4088953E+002, 1.4158931E+002, 1.4385585E+002, 1.4508430E+002, 1.4462795E+002, 1.4524592E+002, 1.5237774E+002, 1.5920667E+002, 1.6902133E+002, 1.7213047E+002, 1.7256607E+002, 1.7222443E+002, 1.7080449E+002, 1.6982237E+002, 1.6734223E+002, 1.6491495E+002, 1.6202141E+002, 1.6119023E+002, 1.6220268E+002, 1.6337324E+002, 1.6371087E+002, 1.6274495E+002, 1.5869024E+002, 1.5408472E+002, 1.4759654E+002, 1.4276138E+002, 1.3552918E+002, 1.3218359E+002, 1.2705515E+002, 1.2449037E+002, 1.2144265E+002, 1.1699233E+002, 1.1165425E+002, 1.1064115E+002, 1.0898019E+002, 1.0761760E+002, 1.0415265E+002, 1.0125246E+002, 9.6716365E+001, 9.3941084E+001, 9.2110723E+001, 9.1598842E+001, 9.1780065E+001, 9.2667486E+001, 9.4466233E+001, 9.5790284E+001, 9.7586723E+001, 9.9473148E+001, 1.0374172E+002, 1.1706874E+002, 1.5656583E+002, 1.7985569E+002, 1.9733664E+002, 2.0465654E+002, 2.1169655E+002, 2.1714745E+002, 2.3643445E+002, 2.6205825E+002, 2.8279784E+002, 2.9441420E+002, 2.8227880E+002, 2.5960274E+002, 2.2641708E+002, 2.0840772E+002, 1.9504014E+002, 2.0269125E+002, 2.0746532E+002, 1.9745799E+002, 1.7698703E+002, 1.6501185E+002, 1.5940305E+002, 1.6878609E+002, 1.7317619E+002, 2.0701202E+002, 2.6779182E+002, 2.7216835E+002, 2.7538147E+002, 2.8962334E+002, 3.1004188E+002, 3.1386278E+002, 2.9126551E+002, 2.5962665E+002
 1.6001512E+002, 2.1015195E+001, 7.0418850E+001, 1.1484366E+002, 1.2846134E+002, 1.4362544E+002, 1.4475881E+002, 1.4376421E+002, 1.4286474E+002, 1.4190609E+002, 1.4160211E+002, 1.4138060E+002, 1.4117139E+002, 1.4007581E+002, 1.3842495E+002, 1.3778388E+002, 1.4245172E+002, 1.5470129E+002, 1.6188158E+002, 1.6657025E+002, 1.6670561E+002, 1.6603480E+002, 1.6524264E+002, 1.6341706E+002, 1.6157701E+002, 1.5706293E+002, 1.5290154E+002, 1.4750454E+002, 1.4574826E+002, 1.4552024E+002, 1.4614725E+002, 1.4568619E+002, 1.4366943E+002, 1.3983573E+002, 1.3735123E+002, 1.3422802E+002, 1.3253912E+002, 1.3007818E+002, 1.2859403E+002, 1.2624393E+002, 1.2489646E+002, 1.2293308E+002, 1.2113231E+002, 1.1817789E+002, 1.1672921E+002, 1.1468094E+002, 1.1334282E+002, 1.1120787E+002, 1.0973875E+002, 1.0776654E+002, 1.0656869E+002, 1.0545763E+002, 1.0511606E+002, 1.0484297E+002, 1.0505099E+002, 1.0621624E+002, 1.0737977E+002, 1.0934454E+002, 1.1052920E+002, 1.1196002E+002, 1.1261248E+002, 1.2435609E+002, 1.5590756E+002, 1.8750968E+002, 1.8971533E+002, 1.9468339E+002, 1.9405975E+002, 1.7018969E+002, 1.8819079E+002, 2.2652522E+002, 2.3258683E+002, 2.2642616E+002, 2.1594376E+002, 2.0372316E+002, 1.9823220E+002, 1.9249020E+002, 1.9225872E+002, 1.9180787E+002, 1.8720675E+002, 1.7632742E+002, 1.7326299E+002, 1.8492675E+002, 2.0069009E+002, 2.0537607E+002, 2.0433184E+002, 2.1941856E+002, 2.2427256E+002, 2.2762795E+002, 2.6349615E+002, 2.9250093E+002, 2.9399055E+002, 2.8946150E+002, 2.8633692E+002, 2.6858859E+002, 2.4557540E+002, 2.7364135E+002, 2.8181307E+002, 2.7532836E+002, 2.5291568E+002, 2.4363871E+002, 2.6272265E+002, 2.5997313E+002, 2.5437445E+002, 2.1465670E+002, 2.1099152E+002, 2.1624201E+002, 2.3082499E+002, 2.4982424E+002, 2.5762048E+002, 2.7152754E+002, 2.7591876E+002, 2.6043890E+002, 2.5055299E+002, 2.3619062E+002, 2.2248329E+002, 2.1369899E+002, 2.0404725E+002, 1.7531997E+002, 1.6771940E+002, 1.9090559E+002, 1.7749484E+002, 1.6956876E+002, 1.5297626E+002, 1.8069167E+002, 1.8176227E+002, 1.7873818E+002, 1.7990237E+002, 1.8349619E+002, 1.8757698E+002, 1.9654629E+002, 2.0322505E+002, 2.0112003E+002, 2.0223842E+002, 1.9116252E+002, 1.7649959E+002, 1.5946022E+002, 1.8482018E+002, 1.8978000E+002, 1.9033188E+002, 1.9143788E+002, 1.9170938E+002, 1.9142802E+002, 1.9132165E+002, 1.9033681E+002, 1.8916468E+002, 1.8742167E+002, 1.8623073E+002, 1.8386911E+002, 1.8128530E+002, 1.7627323E+002, 1.7274007E+002, 1.6419871E+002, 1.7822889E+002, 1.8304322E+002, 1.8220878E+002, 1.8199179E+002, 1.8204218E+002, 1.8160674E+002, 1.8132519E+002, 1.8246308E+002, 1.8282837E+002, 2.1119340E+001, 1.0052081E+002, 1.2720321E+002, 1.3809933E+002, 1.4761172E+002, 1.4760286E+002, 1.4535043E+002, 1.4366507E+002, 1.4117103E+002, 1.3946667E+002, 1.3708669E+002, 1.3669918E+002, 1.3995275E+002, 1.4187733E+002, 1.4367934E+002, 1.4804684E+002, 1.5884826E+002, 1.6548000E+002, 1.6856893E+002, 1.6833537E+002, 1.6787700E+002, 1.6693075E+002, 1.6505906E+002, 1.6420716E+002, 1.6238341E+002, 1.5986407E+002, 1.5672918E+002, 1.5609889E+002, 1.5738584E+002, 1.5959405E+002, 1.6127275E+002, 1.5889779E+002, 1.5280220E+002, 1.4837930E+002, 1.4180348E+002, 1.3801409E+002, 1.3211904E+002, 1.2829286E+002, 1.2184202E+002, 1.1798541E+002, 1.1743348E+002, 1.1725010E+002, 1.1000681E+002, 1.0631901E+002, 1.0411652E+002, 1.0301661E+002, 1.0345634E+002, 1.0264862E+002, 1.0093448E+002, 9.8645992E+001, 9.4389696E+001, 9.2295116E+001, 9.0042503E+001, 8.9103360E+001, 8.9889839E+001, 9.1546582E+001, 9.5976402E+001, 9.9507647E+001, 1.0393424E+002, 1.1167989E+002, 1.5206773E+002, 1.7824219E+002, 1.9465034E+002, 2.0178419E+002, 2.0812847E+002, 2.1106872E+002, 2.2103124E+002, 2.4138405E+002, 2.7132110E+002, 2.8387112E+002, 2.8396767E+002, 2.6170509E+002, 2.1634559E+002, 2.0226932E+002, 1.9033802E+002, 1.8395599E+002, 1.8584091E+002, 1.8861129E+002, 1.8383380E+002, 1.8268667E+002, 1.7012441E+002, 1.7221858E+002, 1.7435333E+002, 1.7214158E+002, 2.2137692E+002, 2.5257436E+002, 2.7030881E+002, 2.8426563E+002, 3.0295119E+002, 3.0333473E+002, 2.8647927E+002, 2.6586066E+002, 2.5681734E+002, 3.1024473E+002
 1.6100726E+002, 4.5692746E+001, 9.7809619E+001, 1.3558752E+002, 1.4043947E+002, 1.3977651E+002, 1.3904573E+002, 1.3815719E+002, 1.3771293E+002, 1.3726517E+002, 1.3681398E+002, 1.3541550E+002, 1.3718786E+002, 1.4743593E+002, 1.5390681E+002, 1.6105023E+002, 1.6258698E+002, 1.6234667E+002, 1.6167934E+002, 1.6028708E+002, 1.5920292E+002, 1.5726721E+002, 1.5518047E+002, 1.4972078E+002, 1.4584880E+002, 1.4282799E+002, 1.4252475E+002, 1.4270665E+002, 1.4203254E+002, 1.3955704E+002, 1.3717748E+002, 1.3353933E+002, 1.3124844E+002, 1.2836990E+002, 1.2676111E+002, 1.2436222E+002, 1.2260292E+002, 1.1995900E+002, 1.1898197E+002, 1.1827531E+002, 1.1692204E+002, 1.1412062E+002, 1.1239293E+002, 1.1034105E+002, 1.0917063E+002, 1.0797287E+002, 1.0719809E+002, 1.0563929E+002, 1.0454237E+002, 1.0303041E+002, 1.0243030E+002, 1.0195103E+002, 1.0200719E+002, 1.0305517E+002, 1.0422133E+002, 1.0636896E+002, 1.0777203E+002, 1.0938774E+002, 1.1108261E+002, 1.4179621E+002, 1.6675161E+002, 1.8748088E+002, 1.8884403E+002, 1.9195293E+002, 1.8392830E+002, 1.8157465E+002, 1.9876243E+002, 2.2782183E+002, 2.3071188E+002, 2.1865198E+002, 2.0545359E+002, 1.9261952E+002, 1.8841891E+002, 1.8616646E+002, 1.8556399E+002, 1.8252387E+002, 1.7885937E+002, 1.7263675E+002, 1.7039985E+002, 1.7858470E+002, 1.8917087E+002, 1.9581682E+002, 1.9873536E+002, 2.0825185E+002, 2.0802608E+002, 2.4790251E+002, 2.6900034E+002, 2.8346217E+002, 2.8442402E+002, 2.7494051E+002, 2.6707030E+002, 2.5975418E+002, 2.4795733E+002, 2.6461181E+002, 2.8514967E+002, 2.7882447E+002, 2.7042608E+002, 2.6502444E+002, 2.6497288E+002, 2.6954231E+002, 2.5322137E+002, 2.6271906E+002, 2.6688237E+002, 1.8866486E+002, 2.2992339E+002, 2.4995181E+002, 2.5784421E+002, 2.6289821E+002, 2.6648482E+002, 2.6976450E+002, 2.6867787E+002, 2.5599807E+002, 2.5440465E+002, 2.6032923E+002, 2.5675436E+002, 2.3933092E+002, 2.3128126E+002, 2.2077600E+002, 2.0780092E+002, 1.6998463E+002, 1.5626369E+002, 1.5938185E+002, 1.7486499E+002, 1.8153504E+002, 1.8515011E+002, 1.8458154E+002, 1.7981750E+002, 1.7973973E+002, 1.8060088E+002, 1.9715356E+002, 1.9967317E+002, 2.0243766E+002, 2.0480585E+002, 2.0469471E+002, 2.0585586E+002, 1.9433084E+002, 1.6947388E+002, 1.7582953E+002, 1.8480209E+002, 1.8677618E+002, 1.8676567E+002, 1.8675224E+002, 1.8680796E+002, 1.8751577E+002, 1.8815738E+002, 1.8857431E+002, 1.8876429E+002, 1.8914732E+002, 1.8920399E+002, 1.8763711E+002, 1.8534941E+002, 1.7871326E+002, 1.6976232E+002, 1.6722979E+002, 1.7227678E+002, 1.7483192E+002, 1.7791558E+002, 1.8081691E+002, 1.8249476E+002, 1.8494152E+002, 1.8471669E+002, 6.2822817E+001, 1.3318568E+002, 1.4504347E+002, 1.4454144E+002, 1.4203814E+002, 1.4051904E+002, 1.3829025E+002, 1.3709327E+002, 1.3633505E+002, 1.3713159E+002, 1.3891436E+002, 1.4296514E+002, 1.5310150E+002, 1.5868772E+002, 1.6446211E+002, 1.6526374E+002, 1.6423065E+002, 1.6302801E+002, 1.6068597E+002, 1.5913186E+002, 1.5818674E+002, 1.5820974E+002, 1.5574337E+002, 1.5379285E+002, 1.5265724E+002, 1.5346880E+002, 1.5513503E+002, 1.5503938E+002, 1.5224492E+002, 1.4915028E+002, 1.4345647E+002, 1.3891948E+002, 1.3307536E+002, 1.2965647E+002, 1.2466500E+002, 1.2106503E+002, 1.1299564E+002, 1.0905809E+002, 1.1070686E+002, 1.1270905E+002, 1.0911771E+002, 1.0503520E+002, 1.0073530E+002, 9.8680912E+001, 9.7373515E+001, 9.8400793E+001, 9.9460480E+001, 9.9602709E+001, 9.7379718E+001, 9.5476473E+001, 9.3031326E+001, 9.1763995E+001, 9.0726208E+001, 9.0977176E+001, 9.4196297E+001, 9.8114541E+001, 1.0532535E+002, 1.2354862E+002, 1.6422802E+002, 1.8357232E+002, 1.9627192E+002, 2.0170673E+002, 2.0691290E+002, 2.0711440E+002, 2.1987107E+002, 2.4241147E+002, 2.7459356E+002, 2.8087251E+002, 2.6142248E+002, 2.3838348E+002, 2.0502980E+002, 1.9319693E+002, 1.8565032E+002, 1.8110090E+002, 1.7416359E+002, 1.6933109E+002, 1.6721962E+002, 1.6692297E+002, 1.7529519E+002, 1.7782570E+002, 1.7799082E+002, 1.7563514E+002, 1.9957981E+002, 2.3080180E+002, 2.6437126E+002, 2.8007587E+002, 2.9208661E+002, 2.8297729E+002, 2.7191198E+002, 2.6809402E+002, 2.6116039E+002, 2.8224494E+002, 3.2515299E+002, 3.4467398E+002
 1.6200468E+002, 8.3368475E+001, 1.0229145E+002, 1.3542617E+002, 1.3552067E+002, 1.3484647E+002, 1.3454746E+002, 1.3402148E+002, 1.3360249E+002, 1.3791645E+002, 1.4336484E+002, 1.5223369E+002, 1.5765106E+002, 1.5866905E+002, 1.5807440E+002, 1.5669137E+002, 1.5558270E+002, 1.5394078E+002, 1.5280442E+002, 1.5040591E+002, 1.4790072E+002, 1.4389889E+002, 1.4185312E+002, 1.4051055E+002, 1.4025328E+002, 1.3883856E+002, 1.3704559E+002, 1.3364543E+002, 1.3138008E+002, 1.2824219E+002, 1.2615272E+002, 1.2309330E+002, 1.2130598E+002, 1.1828774E+002, 1.1608158E+002, 1.1360056E+002, 1.1295215E+002, 1.1300919E+002, 1.1270849E+002, 1.1060128E+002, 1.0891229E+002, 1.0675932E+002, 1.0562416E+002, 1.0437141E+002, 1.0385827E+002, 1.0319842E+002, 1.0260270E+002, 1.0143670E+002, 1.0064351E+002, 9.9854155E+001, 9.9695905E+001, 1.0042835E+002, 1.0155653E+002, 1.0373931E+002, 1.0509103E+002, 1.0896222E+002, 1.2274230E+002, 1.5072738E+002, 1.6980970E+002, 1.8668378E+002, 1.8682844E+002, 1.8065417E+002, 1.8088791E+002, 1.8940126E+002, 2.0023114E+002, 2.1865733E+002, 2.1492780E+002, 2.0136150E+002, 1.9264400E+002, 1.8414195E+002, 1.8203112E+002, 1.7978866E+002, 1.7821305E+002, 1.7493129E+002, 1.7166303E+002, 1.6713141E+002, 1.6678467E+002, 1.7376711E+002, 1.8017446E+002, 1.8987052E+002, 1.9299342E+002, 2.0014050E+002, 2.1664270E+002, 2.4372900E+002, 2.6603381E+002, 2.7562542E+002, 2.7312378E+002, 2.6247510E+002, 2.5874745E+002, 2.4905623E+002, 2.4470354E+002, 2.5364066E+002, 2.7926473E+002, 2.9253870E+002, 2.9062439E+002, 2.8204700E+002, 2.7675009E+002, 2.7129955E+002, 2.7126204E+002, 2.5715804E+002, 2.7111785E+002, 2.6845939E+002, 2.6076092E+002, 1.3632187E+002, 2.4819178E+002, 2.4556802E+002, 2.3572547E+002, 2.1366169E+002, 1.9776083E+002, 1.9211920E+002, 2.0619910E+002, 2.2946282E+002, 2.3709174E+002, 2.4081645E+002, 2.4533384E+002, 2.4313633E+002, 2.2774543E+002, 2.3121185E+002, 2.3265459E+002, 2.2045447E+002, 2.1033520E+002, 1.5791264E+002, 1.6839086E+002, 1.9830183E+002, 2.0671717E+002, 2.0232732E+002, 1.9890503E+002, 1.9161120E+002, 1.8677321E+002, 1.8435731E+002, 1.8939456E+002, 1.9162451E+002, 1.9497799E+002, 2.0097211E+002, 2.0167421E+002, 2.0256181E+002, 2.0223062E+002, 1.7372836E+002, 1.7777610E+002, 1.8021524E+002, 1.8143397E+002, 1.8263515E+002, 1.8295423E+002, 1.8324614E+002, 1.8324263E+002, 1.8441966E+002, 1.8554753E+002, 1.8704165E+002, 1.8770517E+002, 1.8788826E+002, 1.8749239E+002, 1.8586296E+002, 1.8422572E+002, 1.7716414E+002, 1.6659881E+002, 1.6237278E+002, 1.7085877E+002, 1.8337242E+002, 1.8444820E+002, 1.8487662E+002, 1.8711066E+002, 1.0661960E+002, 1.3933173E+002, 1.3973366E+002, 1.3816904E+002, 1.3617782E+002, 1.3543364E+002, 1.3526807E+002, 1.3648880E+002, 1.4429483E+002, 1.5011400E+002, 1.5833100E+002, 1.6220718E+002, 1.6208968E+002, 1.6088997E+002, 1.5856701E+002, 1.5662599E+002, 1.5367264E+002, 1.5224674E+002, 1.5170821E+002, 1.5153490E+002, 1.5115689E+002, 1.5048022E+002, 1.5089982E+002, 1.5113634E+002, 1.4991990E+002, 1.4780855E+002, 1.4360515E+002, 1.4075037E+002, 1.3650954E+002, 1.3269872E+002, 1.2619074E+002, 1.2291194E+002, 1.1770257E+002, 1.1315286E+002, 1.0613529E+002, 1.0283433E+002, 1.0305856E+002, 1.0565323E+002, 1.0684725E+002, 1.0450117E+002, 1.0005613E+002, 9.7747667E+001, 9.5284268E+001, 9.4400517E+001, 9.4506740E+001, 9.5391090E+001, 9.6931508E+001, 9.6957126E+001, 9.5121024E+001, 9.3989042E+001, 9.3310693E+001, 9.4032959E+001, 9.6504299E+001, 9.8839098E+001, 1.1605938E+002, 1.3673304E+002, 1.6956589E+002, 1.8668353E+002, 1.9650708E+002, 1.9919262E+002, 2.0154722E+002, 2.1006450E+002, 2.2752295E+002, 2.4430695E+002, 2.6374247E+002, 2.5765906E+002, 2.3185283E+002, 2.1216128E+002, 1.9264279E+002, 1.8624559E+002, 1.7863448E+002, 1.7379130E+002, 1.6885062E+002, 1.6532464E+002, 1.5864543E+002, 1.5667534E+002, 1.6218218E+002, 1.7146467E+002, 1.8044828E+002, 1.7919405E+002, 1.9423697E+002, 2.1851227E+002, 2.6106853E+002, 2.7309394E+002, 2.7659935E+002, 2.7323420E+002, 2.7066595E+002, 2.6719944E+002, 2.6714436E+002, 2.7729183E+002, 3.0752082E+002, 3.3764351E+002, 3.4709531E+002, 3.4835873E+002
 1.6301237E+002, 1.1461885E+002, 1.2905535E+002, 1.3155493E+002, 1.3139967E+002, 1.3143134E+002, 1.3409365E+002, 1.4193204E+002, 1.4893239E+002, 1.5515304E+002, 1.5496260E+002, 1.5358390E+002, 1.5230279E+002, 1.5021030E+002, 1.4889898E+002, 1.4691948E+002, 1.4530423E+002, 1.4253688E+002, 1.4107098E+002, 1.3959853E+002, 1.3932104E+002, 1.3856638E+002, 1.3693513E+002, 1.3323857E+002, 1.3069465E+002, 1.2725279E+002, 1.2526911E+002, 1.2230142E+002, 1.2024110E+002, 1.1717290E+002, 1.1504645E+002, 1.1151641E+002, 1.0943094E+002, 1.0775485E+002, 1.0785780E+002, 1.0847121E+002, 1.0818412E+002, 1.0639847E+002, 1.0493721E+002, 1.0296229E+002, 1.0195256E+002, 1.0089042E+002, 1.0046806E+002, 1.0008765E+002, 9.9807773E+001, 9.9190503E+001, 9.8666452E+001, 9.7919887E+001, 9.7676116E+001, 9.8344011E+001, 9.9597335E+001, 1.0184534E+002, 1.0335720E+002, 1.1924324E+002, 1.3891861E+002, 1.7393294E+002, 1.8441161E+002, 1.8335720E+002, 1.7985261E+002, 1.7665122E+002, 1.7740566E+002, 1.9087826E+002, 2.0146577E+002, 1.9922470E+002, 1.9279061E+002, 1.8378176E+002, 1.8032473E+002, 1.7707163E+002, 1.7502614E+002, 1.7156830E+002, 1.6890279E+002, 1.6528107E+002, 1.6315354E+002, 1.6132173E+002, 1.6345111E+002, 1.7234201E+002, 1.8018032E+002, 1.8575278E+002, 1.8845139E+002, 2.0445018E+002, 2.2263047E+002, 2.5560029E+002, 2.6680454E+002, 2.6188677E+002, 2.5730879E+002, 2.5525999E+002, 2.5504731E+002, 2.4466613E+002, 2.4841607E+002, 2.7311480E+002, 3.0084918E+002, 3.0912729E+002, 2.9890528E+002, 2.8223813E+002, 2.7511709E+002, 2.8107213E+002, 2.7697110E+002, 2.6625992E+002, 2.6688800E+002, 2.8489384E+002, 2.7178286E+002, 2.5903167E+002, 2.5781344E+002, 2.4352605E+002, 2.2036249E+002, 2.1488359E+002, 2.1196184E+002, 1.7989117E+002, 1.8019026E+002, 1.8573243E+002, 1.9248894E+002, 2.0154855E+002, 2.0756122E+002, 2.1275732E+002, 2.0813967E+002, 2.0677378E+002, 2.2291040E+002, 2.2581433E+002, 2.2321348E+002, 2.2332836E+002, 2.2331215E+002, 2.1648164E+002, 1.5848270E+002, 2.0316872E+002, 1.9306533E+002, 2.0155399E+002, 2.0083502E+002, 1.9840512E+002, 1.9970711E+002, 2.0054523E+002, 1.9721196E+002, 1.8686656E+002, 1.7870270E+002, 1.8825551E+002, 1.9492670E+002, 2.0023102E+002, 2.0419670E+002, 2.0323155E+002, 1.6895190E+002, 1.7118201E+002, 1.7310163E+002, 1.7421267E+002, 1.7901853E+002, 1.8408205E+002, 1.8524838E+002, 1.8542560E+002, 1.8423759E+002, 1.8149720E+002, 1.8145442E+002, 1.8274425E+002, 1.8374476E+002, 1.8477268E+002, 1.8501103E+002, 1.8357233E+002, 1.8131334E+002, 1.6837254E+002, 1.5917533E+002, 1.7637489E+002, 1.8069534E+002, 1.8355275E+002, 1.8399053E+002, 1.3539825E+002, 1.3589245E+002, 1.3418415E+002, 1.3367524E+002, 1.3509990E+002, 1.3998905E+002, 1.4971667E+002, 1.5696309E+002, 1.6008076E+002, 1.5915801E+002, 1.5685414E+002, 1.5488983E+002, 1.5174855E+002, 1.4991067E+002, 1.4803017E+002, 1.4739790E+002, 1.4726278E+002, 1.4785062E+002, 1.4851948E+002, 1.4941086E+002, 1.4992650E+002, 1.4829698E+002, 1.4299529E+002, 1.3944168E+002, 1.3536918E+002, 1.3331470E+002, 1.2899761E+002, 1.2501845E+002, 1.1875231E+002, 1.1533393E+002, 1.1032002E+002, 1.0635041E+002, 1.0048019E+002, 9.8776703E+001, 1.0032294E+002, 1.0199639E+002, 1.0298838E+002, 1.0172475E+002, 9.8349535E+001, 9.6324500E+001, 9.4055585E+001, 9.3017285E+001, 9.2421992E+001, 9.2631421E+001, 9.3852603E+001, 9.4824963E+001, 9.5305334E+001, 9.4839543E+001, 9.4433469E+001, 9.5249733E+001, 9.8128715E+001, 1.0579948E+002, 1.3363051E+002, 1.5850614E+002, 1.8707428E+002, 1.9226982E+002, 1.9556788E+002, 1.9829933E+002, 2.0519979E+002, 2.1317330E+002, 2.3525419E+002, 2.4466498E+002, 2.4238293E+002, 2.2670699E+002, 1.9770500E+002, 1.8720841E+002, 1.8120906E+002, 1.7670361E+002, 1.6741416E+002, 1.5932718E+002, 1.5052938E+002, 1.5130396E+002, 1.5459477E+002, 1.5435609E+002, 1.5958014E+002, 1.6850399E+002, 1.7964990E+002, 1.8129756E+002, 2.0355914E+002, 2.3145202E+002, 2.6777090E+002, 2.7200650E+002, 2.6661287E+002, 2.6204087E+002, 2.5888594E+002, 2.6120808E+002, 2.6257597E+002, 2.8188436E+002, 3.1613599E+002, 3.4041954E+002, 3.4656756E+002, 3.3969054E+002, 3.3366949E+002, 3.1958595E+002
 1.6401190E+002, 1.2531795E+002, 1.2675093E+002, 1.2833790E+002, 1.3425080E+002, 1.4722617E+002, 1.5122984E+002, 1.5123608E+002, 1.5026421E+002, 1.4820993E+002, 1.4673047E+002, 1.4463418E+002, 1.4316434E+002, 1.4050044E+002, 1.3860540E+002, 1.3720431E+002, 1.3734858E+002, 1.3757852E+002, 1.3667682E+002, 1.3358317E+002, 1.3087463E+002, 1.2698502E+002, 1.2484314E+002, 1.2193389E+002, 1.1989192E+002, 1.1654504E+002, 1.1423997E+002, 1.1092961E+002, 1.0874640E+002, 1.0578262E+002, 1.0457727E+002, 1.0438878E+002, 1.0469830E+002, 1.0468089E+002, 1.0413240E+002, 1.0266278E+002, 1.0142306E+002, 9.9723487E+001, 9.8827766E+001, 9.7878046E+001, 9.7591547E+001, 9.7326248E+001, 9.7210718E+001, 9.6979456E+001, 9.6708936E+001, 9.6191844E+001, 9.5921983E+001, 9.6529344E+001, 9.7939061E+001, 1.0028984E+002, 1.0335890E+002, 1.3388854E+002, 1.6287140E+002, 1.8426171E+002, 1.8227824E+002, 1.7502290E+002, 1.7191938E+002, 1.7131321E+002, 1.7618460E+002, 1.8660270E+002, 1.8874515E+002, 1.8408732E+002, 1.7862555E+002, 1.7459499E+002, 1.7304324E+002, 1.6987103E+002, 1.6730209E+002, 1.6260833E+002, 1.5936248E+002, 1.5586268E+002, 1.5508793E+002, 1.5669207E+002, 1.6170350E+002, 1.7319598E+002, 1.7855565E+002, 1.8172285E+002, 1.8631289E+002, 2.1108918E+002, 2.3619146E+002, 2.5696357E+002, 2.5591236E+002, 2.4853999E+002, 2.4351490E+002, 2.4417605E+002, 2.4507943E+002, 2.3964941E+002, 2.5203085E+002, 2.9334222E+002, 3.0663689E+002, 3.0099131E+002, 2.8514856E+002, 2.7784049E+002, 2.7814394E+002, 2.8125187E+002, 2.7968786E+002, 2.5674835E+002, 2.8975671E+002, 3.2661734E+002, 2.9370029E+002, 2.8706343E+002, 3.1736571E+002, 3.2109046E+002, 2.4919592E+002, 2.4528031E+002, 2.0528755E+002, 2.4142710E+002, 2.5055332E+002, 1.8256244E+002, 1.9124014E+002, 2.0956689E+002, 2.1164552E+002, 2.0529215E+002, 2.0387907E+002, 2.0089363E+002, 2.0135914E+002, 1.7699057E+002, 1.8026503E+002, 2.1985135E+002, 2.2524180E+002, 2.1626964E+002, 2.1139675E+002, 2.2126439E+002, 2.1334205E+002, 1.8515798E+002, 1.8390843E+002, 1.8688579E+002, 1.9306619E+002, 2.0059947E+002, 2.0317378E+002, 2.0579805E+002, 2.0523963E+002, 2.0458483E+002, 2.0271846E+002, 1.8755891E+002, 1.7799358E+002, 1.9958301E+002, 2.1643919E+002, 1.9895839E+002, 1.8329755E+002, 1.8682771E+002, 1.6706333E+002, 1.6142424E+002, 1.7288854E+002, 1.8402529E+002, 1.9348608E+002, 1.9761641E+002, 1.9737824E+002, 1.9534131E+002, 1.9332986E+002, 1.9000486E+002, 1.8762308E+002, 1.8401186E+002, 1.8169957E+002, 1.7927610E+002, 1.7861110E+002, 1.7857337E+002, 1.7741899E+002, 1.6770136E+002, 1.6649022E+002, 1.7762023E+002, 1.8303661E+002, 1.3261174E+002, 1.3224079E+002, 1.3429133E+002, 1.4307060E+002, 1.5614912E+002, 1.5794185E+002, 1.5611368E+002, 1.5422493E+002, 1.5116436E+002, 1.4919038E+002, 1.4666863E+002, 1.4544376E+002, 1.4454858E+002, 1.4468640E+002, 1.4569043E+002, 1.4657299E+002, 1.4792452E+002, 1.4822985E+002, 1.4665906E+002, 1.4381927E+002, 1.3726272E+002, 1.3335313E+002, 1.3033044E+002, 1.2810673E+002, 1.2193580E+002, 1.1744913E+002, 1.1297341E+002, 1.1007921E+002, 1.0479634E+002, 1.0169878E+002, 9.8498844E+001, 9.8152851E+001, 9.8792723E+001, 9.9396625E+001, 9.9983354E+001, 9.9213842E+001, 9.6421106E+001, 9.4917295E+001, 9.2885027E+001, 9.2009303E+001, 9.1100104E+001, 9.0839441E+001, 9.1420137E+001, 9.2610525E+001, 9.4375676E+001, 9.4634966E+001, 9.4997341E+001, 9.6007481E+001, 9.9962293E+001, 1.1479088E+002, 1.5743340E+002, 1.8060797E+002, 1.9006769E+002, 1.9068634E+002, 1.9277978E+002, 1.9673467E+002, 2.0615658E+002, 2.1334461E+002, 2.2772914E+002, 2.3598678E+002, 2.2405776E+002, 2.0074201E+002, 1.7808001E+002, 1.7488176E+002, 1.7117461E+002, 1.6674028E+002, 1.5895995E+002, 1.5111660E+002, 1.3822451E+002, 1.3808956E+002, 1.4373828E+002, 1.5091496E+002, 1.5967781E+002, 1.7012129E+002, 1.7755360E+002, 1.7887147E+002, 2.1737994E+002, 2.5397856E+002, 2.6551525E+002, 2.6150306E+002, 2.5717114E+002, 2.5395710E+002, 2.4160053E+002, 2.3335437E+002, 2.6398805E+002, 2.9276861E+002, 3.3488786E+002, 3.4324661E+002, 3.4256451E+002, 3.2044612E+002, 2.9612093E+002, 3.0567601E+002, 3.0381265E+002, 3.1188479E+002
 1.6500186E+002, 1.2307415E+002, 1.1961621E+002, 1.4042235E+002, 1.4709756E+002, 1.4691588E+002, 1.4594540E+002, 1.4426157E+002, 1.4293399E+002, 1.4080435E+002, 1.3912430E+002, 1.3634045E+002, 1.3491799E+002, 1.3444652E+002, 1.3475947E+002, 1.3352749E+002, 1.3155365E+002, 1.2777635E+002, 1.2531431E+002, 1.2235855E+002, 1.2065308E+002, 1.1785416E+002, 1.1562899E+002, 1.1191951E+002, 1.0963868E+002, 1.0674921E+002, 1.0492416E+002, 1.0273961E+002, 1.0206585E+002, 1.0200969E+002, 1.0213000E+002, 1.0180369E+002, 1.0124101E+002, 1.0007293E+002, 9.9040696E+001, 9.7463364E+001, 9.6628451E+001, 9.5646497E+001, 9.5280553E+001, 9.5067726E+001, 9.5009124E+001, 9.4962886E+001, 9.4923692E+001, 9.4746564E+001, 9.4557675E+001, 9.4568715E+001, 9.5602675E+001, 9.7952487E+001, 1.0308839E+002, 1.3987126E+002, 1.7147996E+002, 1.8340535E+002, 1.7941612E+002, 1.6759556E+002, 1.6339324E+002, 1.6475521E+002, 1.6770800E+002, 1.7685319E+002, 1.8163675E+002, 1.7828038E+002, 1.7264901E+002, 1.6853129E+002, 1.6712202E+002, 1.6381437E+002, 1.6100795E+002, 1.5676101E+002, 1.5379324E+002, 1.5007006E+002, 1.4902657E+002, 1.5242648E+002, 1.5844859E+002, 1.6952322E+002, 1.7420758E+002, 1.7792908E+002, 1.8542037E+002, 2.1285177E+002, 2.3324148E+002, 2.4692555E+002, 2.4667703E+002, 2.4221819E+002, 2.3673497E+002, 2.3148566E+002, 2.3040335E+002, 2.4344584E+002, 2.6253332E+002, 3.0622857E+002, 3.1329818E+002, 2.9327750E+002, 2.7789231E+002, 2.6884878E+002, 2.7481380E+002, 2.7618770E+002, 2.7443891E+002, 2.6641945E+002, 2.6855870E+002, 3.2073633E+002, 2.9513473E+002, 2.7762014E+002, 3.1101889E+002, 3.0272081E+002, 2.8838041E+002, 2.8791050E+002, 2.8386267E+002, 2.1181877E+002, 2.5654357E+002, 2.6044424E+002, 2.4957702E+002, 2.4768046E+002, 2.2691695E+002, 2.0765194E+002, 2.1171523E+002, 2.1863578E+002, 2.1968655E+002, 2.1637964E+002, 2.1038570E+002, 2.0087846E+002, 1.9006043E+002, 1.8783865E+002, 2.0868792E+002, 2.0862080E+002, 2.0684525E+002, 2.1391599E+002, 2.1664216E+002, 1.9853456E+002, 1.4723331E+002, 1.8416623E+002, 1.9722052E+002, 2.0702361E+002, 2.0770436E+002, 2.0553294E+002, 2.0374066E+002, 2.0286494E+002, 2.0277154E+002, 2.0270066E+002, 2.0210428E+002, 1.8949468E+002, 1.9011380E+002, 1.5223432E+002, 1.9857364E+002, 1.8175718E+002, 1.7177623E+002, 1.6006527E+002, 1.6781388E+002, 1.8422816E+002, 1.8932741E+002, 1.9138061E+002, 1.9213797E+002, 1.9127076E+002, 1.9100124E+002, 1.9099946E+002, 1.9111474E+002, 1.9140977E+002, 1.9149730E+002, 1.9064784E+002, 1.8894798E+002, 1.8384184E+002, 1.7965109E+002, 1.7328867E+002, 1.7048417E+002, 1.6081292E+002, 1.6381744E+002, 1.1910342E+002, 1.3038336E+002, 1.5213833E+002, 1.5555174E+002, 1.5303202E+002, 1.5072774E+002, 1.4772746E+002, 1.4599403E+002, 1.4384339E+002, 1.4285385E+002, 1.4260590E+002, 1.4307251E+002, 1.4412999E+002, 1.4457162E+002, 1.4397592E+002, 1.4247123E+002, 1.3821645E+002, 1.3510771E+002, 1.3165855E+002, 1.3027950E+002, 1.2922728E+002, 1.2772853E+002, 1.2006657E+002, 1.1460640E+002, 1.1281810E+002, 1.1125094E+002, 1.0395681E+002, 1.0034988E+002, 9.8076928E+001, 9.7538255E+001, 9.7811710E+001, 9.7541582E+001, 9.8313532E+001, 9.7386260E+001, 9.5512658E+001, 9.3878224E+001, 9.2124769E+001, 9.1100050E+001, 9.0168590E+001, 8.9753020E+001, 8.9405076E+001, 8.9526212E+001, 9.1261587E+001, 9.3079177E+001, 9.4390081E+001, 9.5225072E+001, 1.0062992E+002, 1.1897646E+002, 1.6560212E+002, 1.8404722E+002, 1.8780723E+002, 1.8720050E+002, 1.8745890E+002, 1.9102368E+002, 1.9642574E+002, 2.0181693E+002, 2.1817821E+002, 2.2918410E+002, 2.1907810E+002, 1.9822767E+002, 1.7295781E+002, 1.6678080E+002, 1.6552235E+002, 1.5921993E+002, 1.5302495E+002, 1.4896188E+002, 1.4090192E+002, 1.3644892E+002, 1.3842587E+002, 1.4381541E+002, 1.5606346E+002, 1.6483298E+002, 1.7443165E+002, 1.7802846E+002, 2.0893636E+002, 2.4718852E+002, 2.5799165E+002, 2.5422945E+002, 2.5123021E+002, 2.4648673E+002, 2.3779030E+002, 2.4371541E+002, 2.8012032E+002, 3.1200828E+002, 3.3446241E+002, 3.3640602E+002, 3.3601437E+002, 3.1613481E+002, 2.7190029E+002, 2.4612971E+002, 2.5595839E+002, 2.9758554E+002, 3.0373610E+002, 3.1004604E+002
 1.6600442E+002, 9.0021941E+001, 1.1770584E+002, 1.4309872E+002, 1.4119021E+002, 1.4025285E+002, 1.3961729E+002, 1.3779477E+002, 1.3621193E+002, 1.3350288E+002, 1.3179185E+002, 1.3122251E+002, 1.3121483E+002, 1.2928862E+002, 1.2693052E+002, 1.2285606E+002, 1.2073449E+002, 1.1820924E+002, 1.1633852E+002, 1.1344013E+002, 1.1115709E+002, 1.0735889E+002, 1.0582354E+002, 1.0439402E+002, 1.0269553E+002, 1.0046477E+002, 9.9986003E+001, 9.9725915E+001, 9.9594820E+001, 9.9354503E+001, 9.8873518E+001, 9.7966763E+001, 9.7056097E+001, 9.5605513E+001, 9.4707655E+001, 9.3767169E+001, 9.3251756E+001, 9.2931728E+001, 9.2873392E+001, 9.2917097E+001, 9.2965007E+001, 9.3027384E+001, 9.3033927E+001, 9.2996923E+001, 9.3373570E+001, 9.5537556E+001, 9.7694754E+001, 1.4311952E+002, 1.7623153E+002, 1.8145881E+002, 1.7716625E+002, 1.6005368E+002, 1.5408535E+002, 1.5741283E+002, 1.6212415E+002, 1.7178119E+002, 1.7798127E+002, 1.7340476E+002, 1.6714800E+002, 1.6318971E+002, 1.6161692E+002, 1.5855946E+002, 1.5557712E+002, 1.5149353E+002, 1.4894849E+002, 1.4542489E+002, 1.4438004E+002, 1.4776828E+002, 1.5470263E+002, 1.6599704E+002, 1.6995150E+002, 1.7471455E+002, 1.8794620E+002, 2.2079079E+002, 2.3458625E+002, 2.3813983E+002, 2.3918155E+002, 2.3728750E+002, 2.3157696E+002, 2.1857986E+002, 2.2214711E+002, 2.6255633E+002, 2.9344470E+002, 3.0722793E+002, 3.0258685E+002, 2.8838860E+002, 2.7807884E+002, 2.6154800E+002, 2.6138523E+002, 2.6257587E+002, 2.6523106E+002, 2.7249650E+002, 2.6116912E+002, 3.0117464E+002, 2.8628714E+002, 2.6513883E+002, 2.9819380E+002, 2.7492291E+002, 2.6935718E+002, 2.5652874E+002, 2.5091888E+002, 2.6455571E+002, 2.4599559E+002, 2.9022976E+002, 3.2195607E+002, 3.2319561E+002, 3.1272392E+002, 3.1059477E+002, 3.0396070E+002, 2.9582281E+002, 2.7520138E+002, 2.4867543E+002, 2.3357915E+002, 2.1282999E+002, 2.0751752E+002, 2.1115094E+002, 2.1207880E+002, 2.0139066E+002, 1.9054791E+002, 1.9545465E+002, 1.9708398E+002, 2.1070327E+002, 2.1258683E+002, 2.0982781E+002, 1.7550565E+002, 1.8857775E+002, 2.0004197E+002, 2.0291980E+002, 2.0185527E+002, 1.9980376E+002, 1.9882770E+002, 1.9795626E+002, 1.9801465E+002, 1.9894644E+002, 1.9987376E+002, 1.9991551E+002, 1.9854288E+002, 1.8852934E+002, 1.6873105E+002, 1.5275772E+002, 1.5972827E+002, 1.6332390E+002, 1.6812210E+002, 1.8277675E+002, 1.8034485E+002, 1.8616863E+002, 1.8718862E+002, 1.9108446E+002, 1.9263188E+002, 1.9284770E+002, 1.9260744E+002, 1.9146756E+002, 1.9053548E+002, 1.8885556E+002, 1.8758620E+002, 1.8610004E+002, 1.8550664E+002, 1.8480680E+002, 1.8190235E+002, 1.7287857E+002, 1.6654475E+002, 5.7133500E+001, 1.1683861E+002, 1.5068673E+002, 1.4828035E+002, 1.4519636E+002, 1.4357697E+002, 1.4148986E+002, 1.4076494E+002, 1.4090365E+002, 1.4081443E+002, 1.4066419E+002, 1.4064255E+002, 1.3915637E+002, 1.3643915E+002, 1.3121527E+002, 1.2885670E+002, 1.2668556E+002, 1.2569603E+002, 1.2543503E+002, 1.2356336E+002, 1.1637257E+002, 1.1347839E+002, 1.1589959E+002, 1.1491175E+002, 1.0443408E+002, 9.9393980E+001, 9.7188933E+001, 9.6301822E+001, 9.6281956E+001, 9.6120170E+001, 9.6723505E+001, 9.6896822E+001, 9.4921617E+001, 9.3603802E+001, 9.1927958E+001, 9.0627057E+001, 8.9293442E+001, 8.8714130E+001, 8.8291102E+001, 8.8242042E+001, 8.8294321E+001, 8.9210421E+001, 9.1891408E+001, 9.3819420E+001, 9.7335246E+001, 1.1647140E+002, 1.7185134E+002, 1.8419074E+002, 1.8486111E+002, 1.8362822E+002, 1.8060063E+002, 1.8029818E+002, 1.8656734E+002, 1.9382201E+002, 2.1286264E+002, 2.2565776E+002, 2.1563714E+002, 1.9040144E+002, 1.6435447E+002, 1.6054388E+002, 1.6092916E+002, 1.5594432E+002, 1.4775542E+002, 1.4487115E+002, 1.3837017E+002, 1.3617588E+002, 1.3716380E+002, 1.4305318E+002, 1.5206918E+002, 1.6073170E+002, 1.7137911E+002, 1.7810668E+002, 2.1432673E+002, 2.4371698E+002, 2.5066965E+002, 2.4875188E+002, 2.4535245E+002, 2.3874534E+002, 2.3676884E+002, 2.5622509E+002, 3.0447257E+002, 3.2277653E+002, 3.2389373E+002, 3.2032316E+002, 3.0764611E+002, 2.8655537E+002, 2.6409348E+002, 2.4522660E+002, 2.3330264E+002, 2.3118243E+002, 2.7552928E+002, 2.9652460E+002, 3.2183423E+002, 3.5722107E+002
 1.6700193E+002, 9.1788449E+001, 1.3619778E+002, 1.3389036E+002, 1.3447753E+002, 1.3463892E+002, 1.3391389E+002, 1.3141000E+002, 1.2878573E+002, 1.2697660E+002, 1.2645485E+002, 1.2428956E+002, 1.2203574E+002, 1.1898067E+002, 1.1733381E+002, 1.1477543E+002, 1.1241382E+002, 1.0817615E+002, 1.0587383E+002, 1.0440981E+002, 1.0426805E+002, 1.0249119E+002, 1.0054634E+002, 9.8316554E+001, 9.7720439E+001, 9.7285650E+001, 9.7081036E+001, 9.6751626E+001, 9.6464310E+001, 9.5795893E+001, 9.5105746E+001, 9.3829859E+001, 9.3060453E+001, 9.2094570E+001, 9.1615259E+001, 9.1136081E+001, 9.1009429E+001, 9.0996081E+001, 9.1074309E+001, 9.1238169E+001, 9.1325523E+001, 9.1485200E+001, 9.2162579E+001, 9.3320428E+001, 1.0211433E+002, 1.4891805E+002, 1.7305035E+002, 1.7828612E+002, 1.7208077E+002, 1.5274259E+002, 1.4610304E+002, 1.5329854E+002, 1.6131529E+002, 1.7231100E+002, 1.7551044E+002, 1.6933882E+002, 1.6265620E+002, 1.5757355E+002, 1.5613736E+002, 1.5330624E+002, 1.5039166E+002, 1.4614040E+002, 1.4369233E+002, 1.4082518E+002, 1.4086203E+002, 1.4677982E+002, 1.5384511E+002, 1.6224426E+002, 1.6587410E+002, 1.8292012E+002, 2.0214792E+002, 2.2416843E+002, 2.3031018E+002, 2.3258329E+002, 2.3253903E+002, 2.2965655E+002, 2.1842682E+002, 2.2684811E+002, 2.5021500E+002, 2.7892922E+002, 2.8716692E+002, 2.8037960E+002, 2.7230289E+002, 2.5932282E+002, 2.5152008E+002, 2.4473796E+002, 2.4470772E+002, 2.4786568E+002, 2.5015792E+002, 2.6282820E+002, 2.5845750E+002, 2.7474605E+002, 2.7930204E+002, 2.7032297E+002, 2.8729022E+002, 3.1425337E+002, 2.8979791E+002, 2.3171295E+002, 2.3296935E+002, 2.5687947E+002, 2.8737566E+002, 3.2395519E+002, 3.1357676E+002, 2.8842628E+002, 2.7361921E+002, 2.7062991E+002, 2.6920243E+002, 2.7278253E+002, 2.7771290E+002, 2.7812513E+002, 2.7818158E+002, 2.7155734E+002, 2.6694030E+002, 2.6308980E+002, 2.5241408E+002, 2.3378991E+002, 2.2363403E+002, 2.0708298E+002, 2.0784090E+002, 1.7720313E+002, 1.9019141E+002, 2.0469042E+002, 2.0841022E+002, 2.0701662E+002, 2.0126943E+002, 1.8922895E+002, 1.9404624E+002, 1.9487793E+002, 1.9527827E+002, 1.9749479E+002, 1.9963729E+002, 2.0132547E+002, 2.0194787E+002, 1.9608977E+002, 1.9561883E+002, 1.9608138E+002, 1.9706642E+002, 1.9658397E+002, 1.9433837E+002, 1.7886102E+002, 1.5239147E+002, 1.4535019E+002, 1.7400865E+002, 1.8189066E+002, 1.8539516E+002, 1.8501355E+002, 1.8469371E+002, 1.8765225E+002, 1.9105610E+002, 1.9595876E+002, 1.9720409E+002, 1.9741666E+002, 1.9749746E+002, 1.9558581E+002, 1.9434512E+002, 1.9195024E+002, 1.9015211E+002, 1.8726850E+002, 1.8507149E+002, 1.8086843E+002, 1.7784130E+002, 6.5770112E+001, 1.2617501E+002, 1.4255339E+002, 1.4135287E+002, 1.3957091E+002, 1.3923688E+002, 1.3881672E+002, 1.3702434E+002, 1.3566579E+002, 1.3494935E+002, 1.3266640E+002, 1.3017591E+002, 1.2698295E+002, 1.2591729E+002, 1.2449256E+002, 1.2211077E+002, 1.1680136E+002, 1.1379792E+002, 1.1353493E+002, 1.1563423E+002, 1.1589203E+002, 1.1168923E+002, 1.0196806E+002, 9.8073359E+001, 9.6391801E+001, 9.6022256E+001, 9.5392244E+001, 9.4742265E+001, 9.4594660E+001, 9.5222161E+001, 9.3934982E+001, 9.3022157E+001, 9.1409225E+001, 9.0568623E+001, 8.9072469E+001, 8.8379626E+001, 8.7703056E+001, 8.7413196E+001, 8.7681360E+001, 8.8212846E+001, 8.9910686E+001, 9.1696015E+001, 9.9938484E+001, 1.2890950E+002, 1.7126571E+002, 1.8163746E+002, 1.8184755E+002, 1.7846886E+002, 1.6998211E+002, 1.7028671E+002, 1.8220950E+002, 1.9407080E+002, 2.1469960E+002, 2.2245048E+002, 2.0526285E+002, 1.8210361E+002, 1.5734704E+002, 1.5342730E+002, 1.5474302E+002, 1.5227850E+002, 1.4493196E+002, 1.4105468E+002, 1.3589357E+002, 1.3427556E+002, 1.3841001E+002, 1.4267937E+002, 1.5283892E+002, 1.5911827E+002, 1.7261849E+002, 1.9098817E+002, 2.2350483E+002, 2.3749157E+002, 2.4342717E+002, 2.4207202E+002, 2.3472610E+002, 2.3174784E+002, 2.5450948E+002, 2.8137314E+002, 3.0534601E+002, 3.1081647E+002, 2.9850561E+002, 2.8445549E+002, 2.5734550E+002, 2.3292126E+002, 2.0023156E+002, 1.8667880E+002, 2.3383865E+002, 2.4899287E+002, 2.6256280E+002, 2.8495353E+002, 3.0350842E+002, 3.4621536E+002, 3.4356756E+002, 3.2003166E+002
 1.6800030E+002, 7.9777812E+001, 1.3735302E+002, 1.2488528E+002, 1.2869439E+002, 1.3049835E+002, 1.2806966E+002, 1.2321818E+002, 1.2155598E+002, 1.1954975E+002, 1.1813257E+002, 1.1650855E+002, 1.1534211E+002, 1.1198093E+002, 1.0865363E+002, 1.0434906E+002, 1.0333738E+002, 1.0356680E+002, 1.0278071E+002, 1.0001420E+002, 9.7903164E+001, 9.6071459E+001, 9.5625237E+001, 9.5282830E+001, 9.5076045E+001, 9.4653198E+001, 9.4335226E+001, 9.3840635E+001, 9.3369854E+001, 9.2331452E+001, 9.1621614E+001, 9.0715742E+001, 9.0234975E+001, 8.9712000E+001, 8.9494996E+001, 8.9388624E+001, 8.9436480E+001, 8.9616625E+001, 8.9753369E+001, 9.0121940E+001, 9.0725028E+001, 9.3820228E+001, 1.1557494E+002, 1.5439088E+002, 1.7363529E+002, 1.7536891E+002, 1.6933900E+002, 1.4865891E+002, 1.3995740E+002, 1.5052783E+002, 1.6076886E+002, 1.7067706E+002, 1.7104783E+002, 1.6258786E+002, 1.5596541E+002, 1.5201101E+002, 1.5110819E+002, 1.4893963E+002, 1.4670261E+002, 1.4251239E+002, 1.3985207E+002, 1.3721826E+002, 1.3848062E+002, 1.4613362E+002, 1.5248977E+002, 1.6029771E+002, 1.6959753E+002, 1.9213540E+002, 2.0780753E+002, 2.2213996E+002, 2.2546544E+002, 2.2724948E+002, 2.2638579E+002, 2.1758834E+002, 2.1835111E+002, 2.3913012E+002, 2.5385455E+002, 2.6815017E+002, 2.6508269E+002, 2.5642343E+002, 2.4810564E+002, 2.3562064E+002, 2.2759965E+002, 2.2051083E+002, 2.1836369E+002, 2.2241652E+002, 2.3381949E+002, 2.4752759E+002, 2.5236516E+002, 2.5462820E+002, 2.5723366E+002, 2.6131244E+002, 2.8233240E+002, 2.9722402E+002, 3.0391329E+002, 2.9395340E+002, 2.1329243E+002, 2.5943033E+002, 2.9452966E+002, 3.2051118E+002, 3.0372072E+002, 2.5889453E+002, 2.5739391E+002, 2.5686301E+002, 2.5722348E+002, 2.5736899E+002, 2.5916831E+002, 2.5345253E+002, 2.6117030E+002, 2.7603472E+002, 2.7452055E+002, 2.7272325E+002, 2.7678455E+002, 2.8040743E+002, 2.7767684E+002, 2.6850869E+002, 2.6024940E+002, 2.4715044E+002, 2.3519241E+002, 2.0216436E+002, 1.8920830E+002, 1.9841516E+002, 2.0259798E+002, 2.0406233E+002, 2.0145801E+002, 1.8474149E+002, 1.8921367E+002, 1.9797094E+002, 2.0244751E+002, 2.0620921E+002, 2.0714873E+002, 2.0783207E+002, 2.0386193E+002, 1.9829259E+002, 1.9797312E+002, 1.9870818E+002, 1.9771453E+002, 1.9644326E+002, 1.9498835E+002, 1.9092194E+002, 1.8927434E+002, 1.5191476E+002, 1.4169027E+002, 1.8265789E+002, 1.8678499E+002, 1.9036145E+002, 1.9139234E+002, 1.8795968E+002, 1.8577601E+002, 1.8945876E+002, 1.9651991E+002, 1.9766682E+002, 2.0165083E+002, 2.0187223E+002, 2.0155834E+002, 2.0090812E+002, 2.0010696E+002, 1.9728621E+002, 1.9410581E+002, 1.8757583E+002, 1.8221471E+002, 6.9887630E+001, 1.3299608E+002, 1.3714434E+002, 1.3772099E+002, 1.3790134E+002, 1.3542988E+002, 1.3051864E+002, 1.2828541E+002, 1.2612019E+002, 1.2542754E+002, 1.2563185E+002, 1.2620854E+002, 1.2337558E+002, 1.1739379E+002, 1.1093577E+002, 1.1106660E+002, 1.1436403E+002, 1.1500839E+002, 1.1084839E+002, 1.0570915E+002, 9.8926269E+001, 9.6615480E+001, 9.6291573E+001, 9.6333714E+001, 9.5308707E+001, 9.4443709E+001, 9.3835546E+001, 9.3653072E+001, 9.3104814E+001, 9.2275325E+001, 9.1093617E+001, 9.0185167E+001, 8.9084560E+001, 8.8290729E+001, 8.7484181E+001, 8.7175933E+001, 8.6976475E+001, 8.7618121E+001, 8.9132386E+001, 9.0538667E+001, 1.0842312E+002, 1.3637166E+002, 1.7257116E+002, 1.8019316E+002, 1.7913526E+002, 1.7355459E+002, 1.6213415E+002, 1.6412826E+002, 1.8052033E+002, 1.9384714E+002, 2.1197874E+002, 2.1453649E+002, 1.9266218E+002, 1.6821680E+002, 1.4562130E+002, 1.4458790E+002, 1.4710511E+002, 1.4761271E+002, 1.4413522E+002, 1.4014356E+002, 1.3564753E+002, 1.3498854E+002, 1.3914335E+002, 1.4416698E+002, 1.5261267E+002, 1.6024194E+002, 1.7851408E+002, 1.9689835E+002, 2.2279991E+002, 2.3287852E+002, 2.3604464E+002, 2.3338514E+002, 2.2773312E+002, 2.3663322E+002, 2.6608436E+002, 2.8248625E+002, 2.9617247E+002, 2.9774671E+002, 2.8675888E+002, 2.6850317E+002, 2.3727150E+002, 2.1530156E+002, 1.8040717E+002, 1.6188956E+002, 1.4703410E+002, 1.5682081E+002, 2.4199867E+002, 2.7581457E+002, 2.9414947E+002, 3.0758563E+002, 3.2037177E+002, 3.1484703E+002, 3.0062015E+002, 2.5666302E+002
 1.6900426E+002, 7.8137877E+001, 1.3562706E+002, 1.1736258E+002, 1.2583157E+002, 1.2202679E+002, 1.1778601E+002, 1.1479270E+002, 1.1471224E+002, 1.1529069E+002, 1.1404401E+002, 1.0880960E+002, 1.0447894E+002, 1.0135666E+002, 1.0221534E+002, 1.0204029E+002, 9.9735734E+001, 9.6441151E+001, 9.4894750E+001, 9.3902088E+001, 9.3762107E+001, 9.3589691E+001, 9.3342493E+001, 9.2772259E+001, 9.2464546E+001, 9.1938393E+001, 9.1452376E+001, 9.0579185E+001, 9.0000327E+001, 8.9227235E+001, 8.8795925E+001, 8.8301860E+001, 8.8076688E+001, 8.7951927E+001, 8.7986928E+001, 8.8151647E+001, 8.8304478E+001, 8.8972776E+001, 8.9023937E+001, 1.1171816E+002, 1.4026124E+002, 1.6965759E+002, 1.7396766E+002, 1.6936941E+002, 1.6055495E+002, 1.3798914E+002, 1.3754821E+002, 1.5200305E+002, 1.6285693E+002, 1.6770918E+002, 1.6381715E+002, 1.5216685E+002, 1.4718090E+002, 1.4560126E+002, 1.4565310E+002, 1.4394020E+002, 1.4204306E+002, 1.3869893E+002, 1.3610426E+002, 1.3453462E+002, 1.3811953E+002, 1.4738648E+002, 1.5275719E+002, 1.6924830E+002, 1.8550995E+002, 2.0611821E+002, 2.1443649E+002, 2.2025107E+002, 2.2196581E+002, 2.2052703E+002, 2.1465335E+002, 2.1947375E+002, 2.3219966E+002, 2.4598755E+002, 2.5508207E+002, 2.5546700E+002, 2.5112541E+002, 2.3588098E+002, 2.2689738E+002, 2.1505026E+002, 2.0915440E+002, 2.0326844E+002, 2.0232418E+002, 2.0661162E+002, 2.1787474E+002, 2.4021217E+002, 2.4906620E+002, 2.5492641E+002, 2.4460604E+002, 2.5708182E+002, 2.8146459E+002, 2.9110111E+002, 2.8199358E+002, 2.8924974E+002, 2.5585255E+002, 2.5881590E+002, 3.0243997E+002, 3.0193414E+002, 2.8756635E+002, 2.6353975E+002, 2.5324542E+002, 2.5878422E+002, 2.6251520E+002, 2.6468397E+002, 2.4971025E+002, 2.3793128E+002, 2.4162110E+002, 2.4540170E+002, 2.4069391E+002, 2.3990614E+002, 2.4466284E+002, 2.4501970E+002, 2.4276420E+002, 2.4118521E+002, 2.4217577E+002, 2.4955444E+002, 2.6082156E+002, 2.7874338E+002, 2.8312481E+002, 2.6721347E+002, 2.5269858E+002, 2.0880925E+002, 1.9299809E+002, 1.9677465E+002, 1.9524560E+002, 1.8445868E+002, 1.8853921E+002, 2.0118207E+002, 2.0458785E+002, 2.0545960E+002, 2.0414856E+002, 1.9950112E+002, 1.9732270E+002, 1.9550945E+002, 1.9675519E+002, 1.9946421E+002, 2.0069236E+002, 1.9958048E+002, 1.9840038E+002, 1.9608348E+002, 1.9261118E+002, 1.8736041E+002, 1.7325835E+002, 1.4741980E+002, 1.8112153E+002, 1.9200653E+002, 1.9552925E+002, 1.9701918E+002, 1.9440866E+002, 1.9250535E+002, 1.8902582E+002, 1.9013504E+002, 1.9359917E+002, 1.9863890E+002, 2.0008598E+002, 2.0057287E+002, 2.0026916E+002, 1.9958702E+002, 1.9886444E+002, 1.9613807E+002, 1.9126294E+002, 7.4954999E+001, 1.3696205E+002, 1.3230680E+002, 1.3431968E+002, 1.2652098E+002, 1.2230972E+002, 1.2023109E+002, 1.2250877E+002, 1.2654916E+002, 1.2806109E+002, 1.2203221E+002, 1.1300663E+002, 1.0898037E+002, 1.1168216E+002, 1.1367755E+002, 1.0978263E+002, 1.0414699E+002, 9.9730845E+001, 9.6263797E+001, 9.5908197E+001, 9.6609652E+001, 9.6956163E+001, 9.5391709E+001, 9.4400841E+001, 9.3841348E+001, 9.3071177E+001, 9.1873501E+001, 9.1164008E+001, 9.0208090E+001, 8.9526203E+001, 8.8539354E+001, 8.7887042E+001, 8.7161369E+001, 8.6824793E+001, 8.6891755E+001, 8.7156229E+001, 8.8849484E+001, 9.1808504E+001, 1.3080057E+002, 1.5630732E+002, 1.7723719E+002, 1.7755855E+002, 1.7149228E+002, 1.6428721E+002, 1.5983285E+002, 1.6656759E+002, 1.8505957E+002, 1.9826340E+002, 2.1210281E+002, 2.0506071E+002, 1.7275498E+002, 1.5130432E+002, 1.3640175E+002, 1.3799822E+002, 1.4230847E+002, 1.4192911E+002, 1.4103710E+002, 1.3815582E+002, 1.3483942E+002, 1.3628885E+002, 1.4314867E+002, 1.4811180E+002, 1.6165227E+002, 1.7542505E+002, 1.9778843E+002, 2.1002693E+002, 2.2297246E+002, 2.2607268E+002, 2.2545775E+002, 2.2219205E+002, 2.3759175E+002, 2.5441882E+002, 2.7284080E+002, 2.8281522E+002, 2.8910458E+002, 2.8903942E+002, 2.6546754E+002, 2.4568645E+002, 2.1677595E+002, 2.0127334E+002, 1.7855405E+002, 1.6408976E+002, 1.4384874E+002, 1.3950037E+002, 1.8418916E+002, 2.1215841E+002, 2.8821763E+002, 2.9728546E+002, 3.0338924E+002, 2.9830574E+002, 2.8709119E+002, 2.6282048E+002, 2.3341342E+002, 2.5262711E+002
 1.7000749E+002, 3.1889375E+001, 1.2528932E+002, 1.1836998E+002, 1.2137692E+002, 1.1232771E+002, 1.0858919E+002, 1.1305998E+002, 1.1376462E+002, 1.0828446E+002, 1.0299729E+002, 9.9034649E+001, 1.0035606E+002, 9.9420396E+001, 9.6834227E+001, 9.3963671E+001, 9.2996850E+001, 9.2305343E+001, 9.2353068E+001, 9.2188243E+001, 9.2001262E+001, 9.1478922E+001, 9.1152000E+001, 9.0520425E+001, 8.9939302E+001, 8.9078550E+001, 8.8566615E+001, 8.7906856E+001, 8.7556098E+001, 8.7098934E+001, 8.6856170E+001, 8.6691216E+001, 8.6708208E+001, 8.6817881E+001, 8.7051902E+001, 8.7545223E+001, 8.8185376E+001, 1.2746171E+002, 1.5098306E+002, 1.7171548E+002, 1.7036686E+002, 1.6242565E+002, 1.5295211E+002, 1.3095504E+002, 1.3418942E+002, 1.5263308E+002, 1.6349070E+002, 1.6557327E+002, 1.5959021E+002, 1.4609475E+002, 1.4104449E+002, 1.4037213E+002, 1.4094592E+002, 1.4004242E+002, 1.3855602E+002, 1.3570215E+002, 1.3346576E+002, 1.3250937E+002, 1.3656954E+002, 1.4582215E+002, 1.5544723E+002, 1.7778974E+002, 1.9312517E+002, 2.0771537E+002, 2.1208900E+002, 2.1511099E+002, 2.1448939E+002, 2.0920273E+002, 2.1031573E+002, 2.2491543E+002, 2.3224433E+002, 2.4648840E+002, 2.4799293E+002, 2.4704711E+002, 2.3897070E+002, 2.2292341E+002, 2.1248404E+002, 2.0202664E+002, 1.9743500E+002, 1.9399453E+002, 1.9281907E+002, 1.9507969E+002, 2.0400553E+002, 2.2428015E+002, 2.3611829E+002, 2.5055376E+002, 2.5454151E+002, 2.5212962E+002, 2.7093858E+002, 2.7958034E+002, 2.6996089E+002, 2.5820739E+002, 2.5477604E+002, 2.6676334E+002, 2.8866716E+002, 2.9010357E+002, 2.5516761E+002, 2.5100629E+002, 2.6706333E+002, 2.8315326E+002, 3.1006551E+002, 3.2712779E+002, 3.1498293E+002, 3.0066223E+002, 2.5100416E+002, 2.3199888E+002, 2.5333097E+002, 2.5412887E+002, 2.3424187E+002, 2.0902458E+002, 2.0053413E+002, 2.0551476E+002, 1.9841234E+002, 2.0335977E+002, 2.1606839E+002, 2.1545306E+002, 2.1992774E+002, 2.2870949E+002, 2.3457141E+002, 2.6320882E+002, 2.8160270E+002, 2.8057308E+002, 2.5709782E+002, 1.9783463E+002, 1.6123241E+002, 1.8832855E+002, 1.8717263E+002, 1.9862389E+002, 1.9840539E+002, 1.9507264E+002, 1.9419232E+002, 1.9156379E+002, 1.8973209E+002, 1.9461448E+002, 1.9847973E+002, 2.0042688E+002, 2.0057279E+002, 2.0153263E+002, 2.0123990E+002, 1.9883675E+002, 1.9685457E+002, 1.9437688E+002, 1.9433896E+002, 1.8083981E+002, 1.6336895E+002, 1.8376832E+002, 1.9141267E+002, 1.9726001E+002, 1.9785367E+002, 1.9778042E+002, 1.9655552E+002, 1.9482594E+002, 1.9249017E+002, 1.8953013E+002, 1.8884855E+002, 1.9119199E+002, 1.9470490E+002, 1.9649546E+002, 1.9693807E+002, 1.9541202E+002, 1.9313736E+002, 2.7970749E+001, 1.2009313E+002, 1.2566822E+002, 1.2768259E+002, 1.1557421E+002, 1.1659396E+002, 1.2554349E+002, 1.2802730E+002, 1.2272623E+002, 1.1395918E+002, 1.0873209E+002, 1.1109112E+002, 1.0947577E+002, 1.0513289E+002, 1.0123397E+002, 9.8169585E+001, 9.5452070E+001, 9.5581246E+001, 9.6275618E+001, 9.6470754E+001, 9.5590010E+001, 9.4961085E+001, 9.4056218E+001, 9.2736937E+001, 9.1031443E+001, 9.0351339E+001, 8.9525468E+001, 8.8978285E+001, 8.8086021E+001, 8.7535252E+001, 8.6795983E+001, 8.6492600E+001, 8.6221306E+001, 8.6812359E+001, 8.8073426E+001, 9.7645878E+001, 1.4191068E+002, 1.6479277E+002, 1.7504586E+002, 1.7111877E+002, 1.6255615E+002, 1.5834213E+002, 1.5794665E+002, 1.6674758E+002, 1.8838199E+002, 2.0234117E+002, 2.1254389E+002, 2.0231653E+002, 1.6744646E+002, 1.4599105E+002, 1.3095241E+002, 1.3260518E+002, 1.3675314E+002, 1.3848447E+002, 1.3798461E+002, 1.3637457E+002, 1.3409187E+002, 1.3625977E+002, 1.4328048E+002, 1.5098811E+002, 1.6940103E+002, 1.8593100E+002, 2.0498506E+002, 2.1267893E+002, 2.1612128E+002, 2.1410166E+002, 2.1363613E+002, 2.2404987E+002, 2.4620911E+002, 2.5865803E+002, 2.7427118E+002, 2.7795420E+002, 2.7924923E+002, 2.6738488E+002, 2.4825906E+002, 2.3164318E+002, 2.0175799E+002, 1.7978001E+002, 1.6447112E+002, 1.6310812E+002, 1.5766726E+002, 1.5019431E+002, 1.5166229E+002, 1.9943909E+002, 2.3863810E+002, 2.5072669E+002, 2.9493912E+002, 2.9279792E+002, 2.7476498E+002, 2.6885423E+002, 2.4895081E+002, 2.4320914E+002, 2.6352648E+002, 2.6821551E+002
 1.7100981E+002, 3.1051000E+001, 1.0985831E+002, 1.2859312E+002, 1.1639835E+002, 1.0209583E+002, 1.0560142E+002, 1.0735483E+002, 1.0344724E+002, 9.8375166E+001, 9.7454152E+001, 9.6128102E+001, 9.4454511E+001, 9.2266785E+001, 9.1740050E+001, 9.1171989E+001, 9.1138373E+001, 9.1028567E+001, 9.0788144E+001, 9.0542494E+001, 9.0281441E+001, 8.9450284E+001, 8.8726424E+001, 8.7807070E+001, 8.7316353E+001, 8.6686523E+001, 8.6357345E+001, 8.5941033E+001, 8.5726643E+001, 8.5563335E+001, 8.5545751E+001, 8.5695802E+001, 8.5933457E+001, 8.7957629E+001, 1.0613649E+002, 1.3697163E+002, 1.5834866E+002, 1.6843488E+002, 1.6501205E+002, 1.5513107E+002, 1.4407794E+002, 1.3196348E+002, 1.3674851E+002, 1.5464914E+002, 1.6405837E+002, 1.6270819E+002, 1.5542285E+002, 1.4252014E+002, 1.3715388E+002, 1.3570542E+002, 1.3628492E+002, 1.3631880E+002, 1.3525330E+002, 1.3284054E+002, 1.3109036E+002, 1.3136441E+002, 1.3521269E+002, 1.4917346E+002, 1.6288134E+002, 1.8399309E+002, 1.9557435E+002, 2.0517797E+002, 2.0686782E+002, 2.0575369E+002, 2.0410676E+002, 2.0758367E+002, 2.1210988E+002, 2.2255077E+002, 2.3429873E+002, 2.3793223E+002, 2.3869687E+002, 2.3188870E+002, 2.2474106E+002, 2.1084152E+002, 2.0304407E+002, 1.9254945E+002, 1.8711680E+002, 1.8375140E+002, 1.8386903E+002, 1.8714474E+002, 1.9375633E+002, 2.0983448E+002, 2.2196778E+002, 2.3637151E+002, 2.4335724E+002, 2.5122130E+002, 2.5472359E+002, 2.6266429E+002, 2.6189641E+002, 2.4726886E+002, 2.3958608E+002, 2.5317760E+002, 2.6365942E+002, 2.7390706E+002, 2.6493762E+002, 2.7729253E+002, 3.0657053E+002, 3.4764624E+002, 3.6289681E+002, 3.7046409E+002, 3.4846507E+002, 3.1634096E+002, 2.9307807E+002, 2.7811150E+002, 2.9003639E+002, 2.4232361E+002, 2.5963426E+002, 2.5331652E+002, 2.4584187E+002, 1.9956983E+002, 1.9368724E+002, 1.9787964E+002, 1.9273836E+002, 1.7355501E+002, 1.7607624E+002, 1.8152781E+002, 1.7457138E+002, 1.6572677E+002, 1.7110959E+002, 1.8939183E+002, 2.0228175E+002, 2.3659009E+002, 2.5299362E+002, 2.6318661E+002, 2.2981868E+002, 1.8557629E+002, 1.7562224E+002, 1.9696414E+002, 1.8944141E+002, 1.8456621E+002, 1.8400917E+002, 1.8495296E+002, 1.9149222E+002, 1.9603808E+002, 1.9577715E+002, 1.9511897E+002, 1.9520670E+002, 1.9504030E+002, 1.9566531E+002, 1.9549417E+002, 1.9609528E+002, 1.9579755E+002, 1.9275288E+002, 1.9199424E+002, 1.9316339E+002, 1.7169728E+002, 1.8003935E+002, 1.9100357E+002, 1.9275338E+002, 1.9318055E+002, 1.9318750E+002, 1.9235265E+002, 1.9191878E+002, 1.9201857E+002, 1.9235281E+002, 1.9027933E+002, 1.8676595E+002, 1.8346683E+002, 1.8285244E+002, 1.8643628E+002, 1.9272505E+002, 2.4862700E+001, 8.6636983E+001, 1.2877286E+002, 1.2302463E+002, 1.1201667E+002, 1.1944304E+002, 1.1979467E+002, 1.1513086E+002, 1.0881496E+002, 1.0830717E+002, 1.0445915E+002, 1.0164679E+002, 9.9359352E+001, 9.8076499E+001, 9.5717918E+001, 9.5125794E+001, 9.5527912E+001, 9.5484845E+001, 9.5279480E+001, 9.5240874E+001, 9.4226069E+001, 9.2593759E+001, 9.0398141E+001, 8.9609910E+001, 8.8919463E+001, 8.8479697E+001, 8.7614728E+001, 8.7091418E+001, 8.6485380E+001, 8.6162645E+001, 8.5878925E+001, 8.6211121E+001, 9.3056412E+001, 1.1557207E+002, 1.4752771E+002, 1.6733542E+002, 1.6868631E+002, 1.6430703E+002, 1.5655536E+002, 1.5308970E+002, 1.5713051E+002, 1.6934902E+002, 1.9153015E+002, 2.0249663E+002, 2.0277567E+002, 1.9135464E+002, 1.6246604E+002, 1.4482655E+002, 1.3056864E+002, 1.2899691E+002, 1.3238522E+002, 1.3416445E+002, 1.3485408E+002, 1.3415074E+002, 1.3368859E+002, 1.3603652E+002, 1.4640658E+002, 1.5769904E+002, 1.7869987E+002, 1.9168687E+002, 2.0598610E+002, 2.0918657E+002, 2.0616559E+002, 2.0320791E+002, 2.1379403E+002, 2.2840444E+002, 2.5240109E+002, 2.6343454E+002, 2.6636949E+002, 2.6420086E+002, 2.5420720E+002, 2.4475371E+002, 2.2763068E+002, 2.1605245E+002, 1.9324781E+002, 1.7528925E+002, 1.5300743E+002, 1.4937496E+002, 1.5193606E+002, 1.5400439E+002, 1.5503977E+002, 1.7493830E+002, 2.2068875E+002, 2.4471341E+002, 2.6705168E+002, 2.7972588E+002, 2.7628809E+002, 2.5959713E+002, 2.5152532E+002, 2.5617706E+002, 2.6288556E+002, 2.7037423E+002, 2.6824885E+002, 2.7301563E+002
 1.7200466E+002, 6.0387252E+001, 1.2194973E+002, 1.2759262E+002, 1.1412389E+002, 9.4885070E+001, 1.0088412E+002, 9.8601611E+001, 9.7035736E+001, 9.4419952E+001, 9.2332967E+001, 9.0431264E+001, 9.0585637E+001, 9.0023326E+001, 9.0058276E+001, 9.0047117E+001, 8.9831624E+001, 8.9829800E+001, 8.9646780E+001, 8.8725175E+001, 8.7680477E+001, 8.6591504E+001, 8.6163012E+001, 8.5611526E+001, 8.5315922E+001, 8.4921703E+001, 8.4680737E+001, 8.4491498E+001, 8.4490479E+001, 8.4650311E+001, 8.5675763E+001, 1.0483173E+002, 1.2188946E+002, 1.5567877E+002, 1.6636585E+002, 1.6418841E+002, 1.5912981E+002, 1.4560834E+002, 1.3571172E+002, 1.3282003E+002, 1.3883877E+002, 1.5904781E+002, 1.6127012E+002, 1.5487415E+002, 1.4698103E+002, 1.3648432E+002, 1.3271325E+002, 1.3192841E+002, 1.3247856E+002, 1.3272411E+002, 1.3194777E+002, 1.2995519E+002, 1.2849789E+002, 1.3021422E+002, 1.3667839E+002, 1.5572610E+002, 1.7088229E+002, 1.9048889E+002, 1.9783523E+002, 2.0015693E+002, 1.9956307E+002, 1.9866195E+002, 2.0049381E+002, 2.0625045E+002, 2.1150840E+002, 2.1864808E+002, 2.2068936E+002, 2.2469855E+002, 2.2024313E+002, 2.1133265E+002, 2.0538046E+002, 1.9703044E+002, 1.9110572E+002, 1.8180417E+002, 1.7657266E+002, 1.7291001E+002, 1.7338901E+002, 1.7883125E+002, 1.8529542E+002, 2.0066036E+002, 2.1169871E+002, 2.2556833E+002, 2.3448704E+002, 2.4448614E+002, 2.5047520E+002, 2.5103739E+002, 2.5124863E+002, 2.3880287E+002, 2.3160632E+002, 2.4329757E+002, 2.6050033E+002, 2.6039480E+002, 2.5804613E+002, 2.6975095E+002, 2.9303524E+002, 3.2727639E+002, 3.1706211E+002, 3.0589251E+002, 2.9948934E+002, 2.9834194E+002, 2.9474059E+002, 2.8614865E+002, 2.7849888E+002, 2.5789758E+002, 2.3216171E+002, 2.4113835E+002, 2.4902925E+002, 2.5140827E+002, 2.4763824E+002, 2.3256172E+002, 1.9677752E+002, 1.9105682E+002, 1.8962522E+002, 1.9421160E+002, 1.9555840E+002, 1.9147653E+002, 1.8954059E+002, 1.8257325E+002, 1.7246138E+002, 1.5919343E+002, 1.5701333E+002, 1.6297154E+002, 1.7680768E+002, 2.0304078E+002, 2.2442208E+002, 2.3049690E+002, 1.9984341E+002, 1.8094645E+002, 1.7937286E+002, 1.6861532E+002, 1.7725643E+002, 1.8951836E+002, 1.9108672E+002, 1.9044032E+002, 1.8975184E+002, 1.8853151E+002, 1.8775276E+002, 1.8775619E+002, 1.8814602E+002, 1.8838019E+002, 1.8934747E+002, 1.9103509E+002, 1.9238805E+002, 1.9118864E+002, 1.8782638E+002, 1.8436608E+002, 1.6357354E+002, 1.8165417E+002, 1.8896974E+002, 1.9310892E+002, 1.9448140E+002, 1.9607273E+002, 1.9468476E+002, 1.9353171E+002, 1.9308771E+002, 1.9089998E+002, 1.8976239E+002, 1.8890042E+002, 1.8628288E+002, 1.7723785E+002, 1.7430142E+002, 4.8534590E+001, 1.0236469E+002, 1.2936013E+002, 1.1945009E+002, 1.0782654E+002, 1.1061006E+002, 1.0847379E+002, 1.0743938E+002, 1.0296674E+002, 9.8183461E+001, 9.6613943E+001, 9.7217391E+001, 9.4423060E+001, 9.4463300E+001, 9.4745225E+001, 9.4700932E+001, 9.5141405E+001, 9.5342227E+001, 9.4524651E+001, 9.2412373E+001, 8.9448275E+001, 8.8800943E+001, 8.8330360E+001, 8.8204234E+001, 8.7478121E+001, 8.6674012E+001, 8.6042630E+001, 8.5804620E+001, 8.5630045E+001, 8.7359529E+001, 1.0928392E+002, 1.2757029E+002, 1.6187944E+002, 1.6723819E+002, 1.6273352E+002, 1.5657623E+002, 1.4983159E+002, 1.5054787E+002, 1.6145755E+002, 1.7254031E+002, 1.9292382E+002, 1.9597807E+002, 1.8594496E+002, 1.7161336E+002, 1.4976521E+002, 1.3821575E+002, 1.2847883E+002, 1.2620342E+002, 1.2767220E+002, 1.3008635E+002, 1.3176464E+002, 1.3161139E+002, 1.3232945E+002, 1.3708295E+002, 1.5244343E+002, 1.6657042E+002, 1.8722075E+002, 1.9787149E+002, 2.0401588E+002, 2.0283693E+002, 1.9857127E+002, 1.9894484E+002, 2.1381290E+002, 2.3112123E+002, 2.5107795E+002, 2.5494503E+002, 2.4931604E+002, 2.3803975E+002, 2.1497538E+002, 2.0294425E+002, 1.8960462E+002, 1.8567184E+002, 1.7501677E+002, 1.5985163E+002, 1.4075779E+002, 1.3633831E+002, 1.4357912E+002, 1.5212981E+002, 1.6046767E+002, 1.6639580E+002, 2.0176292E+002, 2.3546782E+002, 2.4958729E+002, 2.5888911E+002, 2.6717010E+002, 2.5562614E+002, 2.5013272E+002, 2.5690771E+002, 2.6563160E+002, 2.6464452E+002, 2.6176600E+002, 2.8015933E+002, 3.0612810E+002, 3.3456783E+002
 1.7300300E+002, 9.4835615E+001, 1.2157908E+002, 1.2514401E+002, 1.1082528E+002, 9.2801014E+001, 9.5152945E+001, 9.4704107E+001, 9.1004542E+001, 8.8530372E+001, 8.9317327E+001, 8.8866431E+001, 8.9297091E+001, 8.9061102E+001, 8.8902965E+001, 8.9211311E+001, 8.9106528E+001, 8.8176925E+001, 8.6614552E+001, 8.5457206E+001, 8.5102737E+001, 8.4591666E+001, 8.4373212E+001, 8.4092525E+001, 8.3759703E+001, 8.3601644E+001, 8.3578765E+001, 8.3673861E+001, 9.0334196E+001, 1.2201555E+002, 1.5188055E+002, 1.6332117E+002, 1.6298781E+002, 1.5875180E+002, 1.5303946E+002, 1.3768601E+002, 1.2547715E+002, 1.3115114E+002, 1.4786414E+002, 1.5559758E+002, 1.5458964E+002, 1.4519241E+002, 1.3820143E+002, 1.3142584E+002, 1.2922865E+002, 1.2888020E+002, 1.2943359E+002, 1.2930015E+002, 1.2874410E+002, 1.2712051E+002, 1.2573915E+002, 1.2832121E+002, 1.3855315E+002, 1.6403743E+002, 1.8094157E+002, 1.9336112E+002, 1.9519155E+002, 1.9436609E+002, 1.9170803E+002, 1.9351950E+002, 2.0190235E+002, 2.1327493E+002, 2.1119909E+002, 2.0600047E+002, 2.1029547E+002, 2.0809355E+002, 2.0147353E+002, 1.9276768E+002, 1.8898746E+002, 1.8160882E+002, 1.7618549E+002, 1.6924694E+002, 1.6555586E+002, 1.6227385E+002, 1.6287548E+002, 1.6944113E+002, 1.7780839E+002, 1.9315462E+002, 2.0328646E+002, 2.1677488E+002, 2.2517330E+002, 2.3892382E+002, 2.4609647E+002, 2.4803743E+002, 2.4272978E+002, 2.3818587E+002, 2.3342941E+002, 2.4142558E+002, 2.4857125E+002, 2.5230467E+002, 2.5757439E+002, 2.5734662E+002, 2.6997966E+002, 2.7989590E+002, 2.8492440E+002, 2.9208376E+002, 2.9856201E+002, 3.0224275E+002, 2.9713898E+002, 2.9624084E+002, 2.9059539E+002, 2.7243512E+002, 2.6919192E+002, 2.4676207E+002, 2.3417393E+002, 2.3257701E+002, 2.3109853E+002, 2.4479176E+002, 2.4690436E+002, 2.4175162E+002, 2.3483592E+002, 1.9582429E+002, 1.9693700E+002, 1.8864302E+002, 1.8553959E+002, 1.9035146E+002, 1.8950358E+002, 2.0070249E+002, 1.9708200E+002, 1.8542758E+002, 1.7254566E+002, 1.6302853E+002, 1.5885352E+002, 1.5956963E+002, 1.7210698E+002, 1.9331478E+002, 2.1655940E+002, 2.1056029E+002, 1.8252334E+002, 1.4658903E+002, 1.7827117E+002, 1.8514451E+002, 1.8635820E+002, 1.8559715E+002, 1.8420644E+002, 1.8322276E+002, 1.8398207E+002, 1.8475762E+002, 1.8193202E+002, 1.8445678E+002, 1.8908592E+002, 1.9292678E+002, 1.9331672E+002, 1.9231881E+002, 1.9102043E+002, 1.8722452E+002, 1.8082051E+002, 1.6017690E+002, 1.8160407E+002, 1.9193351E+002, 1.9350581E+002, 1.9449943E+002, 1.9438349E+002, 1.9405499E+002, 1.9504883E+002, 1.9649202E+002, 1.9605669E+002, 1.9371290E+002, 1.9085119E+002, 1.8550253E+002, 1.8219596E+002, 8.5989508E+001, 1.0748449E+002, 1.2663896E+002, 1.1089527E+002, 1.0250043E+002, 1.0451694E+002, 1.0307353E+002, 9.6246377E+001, 9.4414588E+001, 9.5095073E+001, 9.3358226E+001, 9.3992246E+001, 9.3849360E+001, 9.3850091E+001, 9.4741097E+001, 9.5058909E+001, 9.4952884E+001, 9.1573556E+001, 8.8527120E+001, 8.8015685E+001, 8.7620901E+001, 8.7760564E+001, 8.8072181E+001, 8.6651082E+001, 8.5641905E+001, 8.5457201E+001, 8.5297316E+001, 9.1716700E+001, 1.2505205E+002, 1.5361507E+002, 1.5907918E+002, 1.5935393E+002, 1.5474227E+002, 1.4976499E+002, 1.4486655E+002, 1.4801190E+002, 1.6756645E+002, 1.7949577E+002, 1.8846419E+002, 1.9032507E+002, 1.7204068E+002, 1.5581316E+002, 1.3816898E+002, 1.3132685E+002, 1.2621615E+002, 1.2513022E+002, 1.2473417E+002, 1.2607086E+002, 1.2820248E+002, 1.2846470E+002, 1.3010526E+002, 1.3682715E+002, 1.5961284E+002, 1.7772483E+002, 1.9541892E+002, 1.9971726E+002, 1.9945607E+002, 1.9550821E+002, 1.9243506E+002, 1.9846697E+002, 2.2109406E+002, 2.3502853E+002, 2.3480806E+002, 2.3812034E+002, 2.3935170E+002, 2.2479202E+002, 1.8846651E+002, 1.7662241E+002, 1.7079791E+002, 1.6031517E+002, 1.4500070E+002, 1.3768163E+002, 1.2783005E+002, 1.2405464E+002, 1.2649030E+002, 1.3848774E+002, 1.5888677E+002, 1.6701894E+002, 1.8696394E+002, 2.2904257E+002, 2.4438418E+002, 2.4472477E+002, 2.5152732E+002, 2.4762080E+002, 2.3727980E+002, 2.3790180E+002, 2.6327802E+002, 2.5892045E+002, 2.6244032E+002, 2.8354132E+002, 3.1794782E+002, 3.1853033E+002, 3.1422847E+002, 3.2423462E+002
 1.7401448E+002, 1.1481833E+002, 1.1942501E+002, 1.2002936E+002, 9.3194735E+001, 9.0885973E+001, 8.9832321E+001, 8.6728149E+001, 8.7493828E+001, 8.8166914E+001, 8.8483379E+001, 8.8346100E+001, 8.8576787E+001, 8.8941142E+001, 8.8765658E+001, 8.7364190E+001, 8.5601318E+001, 8.4359608E+001, 8.3887982E+001, 8.3471938E+001, 8.3375672E+001, 8.3247595E+001, 8.2891418E+001, 8.2724272E+001, 8.2714053E+001, 9.4185819E+001, 1.1930839E+002, 1.4838375E+002, 1.5712615E+002, 1.5799253E+002, 1.5561005E+002, 1.4804901E+002, 1.3917996E+002, 1.2444440E+002, 1.2767931E+002, 1.4194096E+002, 1.4899879E+002, 1.4971059E+002, 1.4516081E+002, 1.3481977E+002, 1.3034555E+002, 1.2699008E+002, 1.2626515E+002, 1.2614849E+002, 1.2609181E+002, 1.2563099E+002, 1.2507679E+002, 1.2380636E+002, 1.2433440E+002, 1.3914130E+002, 1.5648140E+002, 1.7920883E+002, 1.8698955E+002, 1.8960378E+002, 1.8790384E+002, 1.8750433E+002, 1.9263819E+002, 2.0432085E+002, 2.0986285E+002, 2.0335190E+002, 1.9644527E+002, 1.9957622E+002, 1.9962024E+002, 1.9179827E+002, 1.8462028E+002, 1.7875533E+002, 1.7583714E+002, 1.6951953E+002, 1.6408664E+002, 1.5650932E+002, 1.5340982E+002, 1.5273986E+002, 1.5621599E+002, 1.6690210E+002, 1.7662787E+002, 1.9121510E+002, 1.9967013E+002, 2.1266130E+002, 2.2193324E+002, 2.3473693E+002, 2.3810429E+002, 2.3874996E+002, 2.3578642E+002, 2.2846077E+002, 2.3575155E+002, 2.4415008E+002, 2.5108277E+002, 2.6245520E+002, 2.6707155E+002, 2.5491703E+002, 2.5795887E+002, 2.8299875E+002, 3.0312398E+002, 3.1524059E+002, 3.1341036E+002, 3.0124748E+002, 2.9013906E+002, 2.8196087E+002, 2.8327341E+002, 2.6646062E+002, 2.6683979E+002, 3.3711811E+002, 4.0186214E+002, 2.9953797E+002, 2.4437956E+002, 2.2663769E+002, 2.1654596E+002, 2.2217707E+002, 2.3616719E+002, 2.4063173E+002, 2.4166181E+002, 2.3810671E+002, 2.2317445E+002, 2.0289020E+002, 1.9029544E+002, 1.8053244E+002, 1.7775909E+002, 1.7614250E+002, 1.8273080E+002, 1.8552911E+002, 1.8131043E+002, 1.6863356E+002, 1.7365493E+002, 1.6708878E+002, 1.5487553E+002, 1.6881118E+002, 1.8443815E+002, 2.0379845E+002, 2.1255652E+002, 1.6965796E+002, 1.6217994E+002, 1.7639874E+002, 1.7935087E+002, 1.8099003E+002, 1.8128884E+002, 1.8174203E+002, 1.8240637E+002, 1.8104865E+002, 1.7594333E+002, 1.7772234E+002, 1.9116529E+002, 1.9888879E+002, 1.9992812E+002, 1.9922387E+002, 2.0008552E+002, 1.9692958E+002, 1.9323880E+002, 1.8390511E+002, 1.6999595E+002, 1.8013046E+002, 1.8455119E+002, 1.8827504E+002, 1.8863421E+002, 1.8870034E+002, 1.8849750E+002, 1.8889699E+002, 1.8892743E+002, 1.9050663E+002, 1.9186957E+002, 1.9182519E+002, 1.8671433E+002, 1.0694806E+002, 1.1227706E+002, 1.1381186E+002, 9.6988378E+001, 9.9812816E+001, 9.4044295E+001, 9.1576925E+001, 9.2269630E+001, 9.2879278E+001, 9.3433203E+001, 9.3219804E+001, 9.3925988E+001, 9.4943166E+001, 9.5099001E+001, 9.4489224E+001, 9.0531459E+001, 8.7513994E+001, 8.7035734E+001, 8.6893706E+001, 8.7302005E+001, 8.7490030E+001, 8.6183909E+001, 8.5107963E+001, 8.4959749E+001, 9.4662310E+001, 1.1935644E+002, 1.4612178E+002, 1.5228636E+002, 1.5325025E+002, 1.5140276E+002, 1.4616871E+002, 1.4410719E+002, 1.4665580E+002, 1.5563623E+002, 1.7132944E+002, 1.7945274E+002, 1.8618165E+002, 1.7995526E+002, 1.5438954E+002, 1.4016939E+002, 1.2953335E+002, 1.2639735E+002, 1.2402314E+002, 1.2340615E+002, 1.2197259E+002, 1.2299240E+002, 1.2512985E+002, 1.2629921E+002, 1.3685939E+002, 1.5196031E+002, 1.7871635E+002, 1.8951840E+002, 1.9483749E+002, 1.9317217E+002, 1.9037814E+002, 1.9246307E+002, 2.0289079E+002, 2.1153097E+002, 2.1912488E+002, 2.1876632E+002, 2.2960373E+002, 2.3476585E+002, 2.2045276E+002, 1.9638610E+002, 1.6905456E+002, 1.6408955E+002, 1.6121486E+002, 1.5580812E+002, 1.4137592E+002, 1.2995420E+002, 1.1908238E+002, 1.1614160E+002, 1.1803594E+002, 1.2688784E+002, 1.4822940E+002, 1.6261285E+002, 2.0003233E+002, 2.2390235E+002, 2.3851722E+002, 2.3630982E+002, 2.3236258E+002, 2.3644201E+002, 2.3610429E+002, 2.3726795E+002, 2.4102981E+002, 2.4816466E+002, 2.7569099E+002, 2.9359671E+002, 2.9900733E+002, 2.9916919E+002, 3.2267269E+002, 3.5380393E+002, 3.7658605E+002, 3.8744385E+002
 1.7500395E+002, 1.1249901E+002, 1.1539227E+002, 1.0569126E+002, 8.5572105E+001, 8.4911958E+001, 8.5204596E+001, 8.7239697E+001, 8.7720809E+001, 8.8229866E+001, 8.8745327E+001, 8.9030687E+001, 8.8623246E+001, 8.6619221E+001, 8.4830555E+001, 8.3428124E+001, 8.2941262E+001, 8.2546674E+001, 8.2495768E+001, 8.2284048E+001, 8.1895608E+001, 8.2108941E+001, 9.6353380E+001, 1.2664139E+002, 1.4046329E+002, 1.5254920E+002, 1.5336409E+002, 1.5056662E+002, 1.4511091E+002, 1.3200716E+002, 1.2613821E+002, 1.3108953E+002, 1.3678300E+002, 1.4598118E+002, 1.4606397E+002, 1.4071279E+002, 1.3490886E+002, 1.2796794E+002, 1.2527864E+002, 1.2384523E+002, 1.2344764E+002, 1.2298161E+002, 1.2254089E+002, 1.2177944E+002, 1.2118894E+002, 1.2737258E+002, 1.3962291E+002, 1.6234166E+002, 1.7430860E+002, 1.8313551E+002, 1.8346732E+002, 1.8331809E+002, 1.8738387E+002, 1.9622782E+002, 2.0128164E+002, 2.0296825E+002, 1.9674626E+002, 1.8925885E+002, 1.9150561E+002, 1.8942210E+002, 1.8534453E+002, 1.7450189E+002, 1.6980888E+002, 1.6664257E+002, 1.6421586E+002, 1.5867512E+002, 1.5409346E+002, 1.4782481E+002, 1.4595578E+002, 1.5076356E+002, 1.5765544E+002, 1.7073887E+002, 1.7913374E+002, 1.9209883E+002, 2.0168968E+002, 2.1591322E+002, 2.2317671E+002, 2.2841112E+002, 2.2932008E+002, 2.2742846E+002, 2.2447909E+002, 2.2811785E+002, 2.3717051E+002, 2.5483161E+002, 2.6137368E+002, 2.6358851E+002, 2.6356506E+002, 2.5487620E+002, 2.7670211E+002, 3.0626430E+002, 3.2181571E+002, 3.2015633E+002, 3.1016066E+002, 2.9352012E+002, 2.7128313E+002, 2.6591214E+002, 2.7333380E+002, 2.6003967E+002, 3.0936991E+002, 4.2748769E+002, 5.3387905E+002, 5.7841526E+002, 3.9248972E+002, 4.5573168E+002, 3.1636868E+002, 2.9578368E+002, 2.3055645E+002, 1.9901641E+002, 2.0275767E+002, 2.2637495E+002, 2.3347169E+002, 2.2498652E+002, 2.1862101E+002, 2.2577608E+002, 2.2990476E+002, 2.1993180E+002, 2.0887929E+002, 1.9182554E+002, 1.8238183E+002, 1.7080661E+002, 1.6895662E+002, 1.5031185E+002, 1.6621904E+002, 1.8389537E+002, 1.8369581E+002, 1.4346612E+002, 1.8046806E+002, 2.0365240E+002, 2.0479902E+002, 2.0733564E+002, 1.8717776E+002, 1.5318789E+002, 1.6920428E+002, 1.7680320E+002, 1.7841343E+002, 1.7974679E+002, 1.7847871E+002, 1.7676139E+002, 1.7763630E+002, 1.7820077E+002, 1.9278451E+002, 1.9454144E+002, 1.9896903E+002, 2.0318459E+002, 2.0507113E+002, 2.0291130E+002, 2.0334028E+002, 2.0164634E+002, 1.9793106E+002, 1.8428127E+002, 1.7228551E+002, 1.7427535E+002, 1.8201654E+002, 1.8796165E+002, 1.8874660E+002, 1.8495540E+002, 1.8602743E+002, 1.8518881E+002, 1.8505099E+002, 1.8521663E+002, 1.8573334E+002, 1.0351994E+002, 1.1197552E+002, 9.8913023E+001, 9.2864576E+001, 8.8138571E+001, 8.9267507E+001, 9.2154568E+001, 9.2956193E+001, 9.3697629E+001, 9.4916866E+001, 9.5554887E+001, 9.5678026E+001, 9.4143009E+001, 9.0286623E+001, 8.6885498E+001, 8.6295564E+001, 8.6262926E+001, 8.6560219E+001, 8.6224502E+001, 8.5101172E+001, 8.4360129E+001, 9.6862470E+001, 1.2668953E+002, 1.3806434E+002, 1.4731028E+002, 1.4844429E+002, 1.4651206E+002, 1.4472016E+002, 1.4192528E+002, 1.4434308E+002, 1.5556208E+002, 1.6378915E+002, 1.7509379E+002, 1.7711855E+002, 1.7025857E+002, 1.5842619E+002, 1.3961105E+002, 1.3085329E+002, 1.2547132E+002, 1.2375464E+002, 1.2236226E+002, 1.2142139E+002, 1.2064642E+002, 1.2057512E+002, 1.2624899E+002, 1.3645660E+002, 1.6012069E+002, 1.7469693E+002, 1.8703933E+002, 1.8887636E+002, 1.8755535E+002, 1.8979354E+002, 1.9742590E+002, 2.0158375E+002, 2.0574973E+002, 2.0740069E+002, 2.1353557E+002, 2.2289455E+002, 2.2700283E+002, 2.1802927E+002, 1.8538465E+002, 1.6490506E+002, 1.5090680E+002, 1.5084592E+002, 1.5048627E+002, 1.4715655E+002, 1.3929273E+002, 1.3422496E+002, 1.2813948E+002, 1.2612172E+002, 1.2790723E+002, 1.3064343E+002, 1.4666858E+002, 1.7043967E+002, 2.0614727E+002, 2.2218741E+002, 2.2902938E+002, 2.2672515E+002, 2.2283655E+002, 2.2849053E+002, 2.3613386E+002, 2.4235367E+002, 2.4692989E+002, 2.4351931E+002, 2.5661489E+002, 2.6409411E+002, 3.0153755E+002, 3.2929007E+002, 3.6149946E+002, 3.8086048E+002, 3.8004122E+002, 3.5071912E+002, 3.0363337E+002, 2.8470248E+002
 1.7600532E+002, 9.3154160E+001, 1.0904313E+002, 1.1242867E+002, 9.1858289E+001, 8.1065756E+001, 8.5539830E+001, 8.7339594E+001, 8.8523303E+001, 8.9305990E+001, 8.8985856E+001, 8.7205093E+001, 8.5093385E+001, 8.2852483E+001, 8.2404071E+001, 8.1864823E+001, 8.1763247E+001, 8.1747190E+001, 8.1340022E+001, 8.3670314E+001, 1.0557947E+002, 1.3657557E+002, 1.4695988E+002, 1.4875973E+002, 1.4916952E+002, 1.4543667E+002, 1.3726230E+002, 1.2427224E+002, 1.2522826E+002, 1.3195173E+002, 1.3826175E+002, 1.4099308E+002, 1.3933629E+002, 1.3296034E+002, 1.2847216E+002, 1.2384640E+002, 1.2252609E+002, 1.2155640E+002, 1.2109131E+002, 1.2042263E+002, 1.1983593E+002, 1.1878408E+002, 1.2137748E+002, 1.3941832E+002, 1.5558313E+002, 1.7435888E+002, 1.7984594E+002, 1.7922791E+002, 1.7889770E+002, 1.8479298E+002, 1.9090006E+002, 1.9870320E+002, 1.9951491E+002, 1.9221019E+002, 1.8193546E+002, 1.7904369E+002, 1.8397030E+002, 1.8284939E+002, 1.7512919E+002, 1.6243068E+002, 1.5764823E+002, 1.5658081E+002, 1.5645830E+002, 1.5249697E+002, 1.4857645E+002, 1.4286167E+002, 1.4143821E+002, 1.4793532E+002, 1.5643726E+002, 1.6966812E+002, 1.7802153E+002, 1.9188251E+002, 2.0224116E+002, 2.1466998E+002, 2.1913802E+002, 2.2113753E+002, 2.2031843E+002, 2.1834806E+002, 2.1680299E+002, 2.2516128E+002, 2.3716827E+002, 2.4977965E+002, 2.5123946E+002, 2.5267724E+002, 2.5695223E+002, 2.6224415E+002, 2.8468503E+002, 3.0246992E+002, 3.0685366E+002, 2.9619670E+002, 2.7804100E+002, 2.6414260E+002, 2.5579232E+002, 2.4582014E+002, 2.5104184E+002, 2.5671566E+002, 3.2168054E+002, 4.0693494E+002, 4.4994470E+002, 4.5197608E+002, 4.4643479E+002, 4.5723162E+002, 4.9160929E+002, 4.4991077E+002, 4.4552701E+002, 3.1815941E+002, 2.5448828E+002, 2.0469141E+002, 2.0885416E+002, 1.9975129E+002, 2.0032943E+002, 1.9576109E+002, 1.7289407E+002, 1.7494474E+002, 1.8036747E+002, 1.9928223E+002, 2.0917263E+002, 2.1479580E+002, 2.1702076E+002, 2.1017008E+002, 1.9779689E+002, 1.7698419E+002, 1.4594526E+002, 1.5681292E+002, 1.8544817E+002, 1.4364477E+002, 1.9545275E+002, 1.9993235E+002, 2.0083647E+002, 2.0448958E+002, 2.0713486E+002, 1.8383194E+002, 1.5119480E+002, 1.6906426E+002, 1.7388835E+002, 1.6877837E+002, 1.6967864E+002, 1.7849344E+002, 1.8591080E+002, 1.9315987E+002, 1.9253895E+002, 1.9171980E+002, 1.9784569E+002, 1.9973617E+002, 2.0110433E+002, 1.9725060E+002, 1.9674533E+002, 1.9506259E+002, 1.9589220E+002, 1.9692248E+002, 1.9631494E+002, 1.8133261E+002, 1.6781872E+002, 1.7939938E+002, 1.8547306E+002, 1.8886650E+002, 1.8863264E+002, 1.8612766E+002, 1.8423998E+002, 1.8313743E+002, 1.8310938E+002, 5.0633436E+001, 1.0324335E+002, 1.0607519E+002, 8.9422642E+001, 8.7946624E+001, 9.0757263E+001, 9.2927290E+001, 9.5522967E+001, 9.8096150E+001, 9.8217165E+001, 9.6825749E+001, 9.3654727E+001, 8.7363082E+001, 8.6233913E+001, 8.5606326E+001, 8.5794488E+001, 8.6129830E+001, 8.5324808E+001, 8.5445949E+001, 1.0663321E+002, 1.3610679E+002, 1.4439574E+002, 1.4357221E+002, 1.4434764E+002, 1.4288567E+002, 1.3954307E+002, 1.4064036E+002, 1.4649230E+002, 1.5614606E+002, 1.6211569E+002, 1.6633463E+002, 1.6458058E+002, 1.5299114E+002, 1.4347150E+002, 1.3150083E+002, 1.2647148E+002, 1.2327832E+002, 1.2230331E+002, 1.2098752E+002, 1.2032475E+002, 1.1945240E+002, 1.2130755E+002, 1.3554999E+002, 1.5128459E+002, 1.7305473E+002, 1.8224137E+002, 1.8513004E+002, 1.8419222E+002, 1.8776399E+002, 1.9340969E+002, 2.0039952E+002, 2.0103060E+002, 1.9968858E+002, 1.9898573E+002, 2.1330190E+002, 2.2199572E+002, 2.2044565E+002, 2.0567696E+002, 1.7085318E+002, 1.5052633E+002, 1.3532666E+002, 1.3697333E+002, 1.4446704E+002, 1.4380255E+002, 1.3821662E+002, 1.3522067E+002, 1.3555888E+002, 1.3791463E+002, 1.4222562E+002, 1.4440354E+002, 1.5923027E+002, 1.7760992E+002, 2.0260769E+002, 2.1052774E+002, 2.1484674E+002, 2.1725180E+002, 2.1623495E+002, 2.1922006E+002, 2.3500309E+002, 2.4516314E+002, 2.4566986E+002, 2.4127557E+002, 2.4269773E+002, 2.6266368E+002, 3.0742904E+002, 3.3750518E+002, 3.6444815E+002, 3.6799883E+002, 3.5495269E+002, 3.4189390E+002, 2.9226225E+002, 2.2718321E+002, 2.2807863E+002, 2.2936745E+002
 1.7701007E+002, 5.4696422E+001, 9.3679492E+001, 1.0798251E+002, 1.0969369E+002, 7.6243370E+001, 8.3997187E+001, 8.8584139E+001, 8.9301954E+001, 8.7994308E+001, 8.6029233E+001, 8.3003791E+001, 8.2056469E+001, 8.1548920E+001, 8.1264244E+001, 8.1136994E+001, 8.0783384E+001, 8.3373701E+001, 1.0448623E+002, 1.3561077E+002, 1.4341625E+002, 1.4455402E+002, 1.4517853E+002, 1.4435136E+002, 1.3610183E+002, 1.2024862E+002, 1.2094330E+002, 1.2931590E+002, 1.3289385E+002, 1.3419461E+002, 1.3224233E+002, 1.2697512E+002, 1.2418295E+002, 1.2141079E+002, 1.2049864E+002, 1.1953107E+002, 1.1907167E+002, 1.1826559E+002, 1.1760748E+002, 1.1766688E+002, 1.2695629E+002, 1.5096853E+002, 1.6566364E+002, 1.7599520E+002, 1.7593639E+002, 1.7596571E+002, 1.7976532E+002, 1.8785596E+002, 1.9269530E+002, 1.9414783E+002, 1.9116756E+002, 1.8042193E+002, 1.7084910E+002, 1.7058924E+002, 1.7511180E+002, 1.7394442E+002, 1.6538093E+002, 1.5463980E+002, 1.4940138E+002, 1.4734373E+002, 1.4796954E+002, 1.4790765E+002, 1.4523594E+002, 1.4000024E+002, 1.3817013E+002, 1.4438000E+002, 1.5296057E+002, 1.6609337E+002, 1.7477389E+002, 1.8961099E+002, 1.9975192E+002, 2.0902624E+002, 2.1096014E+002, 2.1054027E+002, 2.1013363E+002, 2.0971290E+002, 2.1268765E+002, 2.2469072E+002, 2.3161424E+002, 2.3968403E+002, 2.4208469E+002, 2.4569740E+002, 2.4965060E+002, 2.7619743E+002, 2.8891273E+002, 3.0916441E+002, 3.1061198E+002, 2.8610292E+002, 2.7360926E+002, 2.5162864E+002, 2.3796910E+002, 2.3278156E+002, 2.3164013E+002, 2.4539803E+002, 2.6504753E+002, 3.4368956E+002, 3.9229368E+002, 3.7962842E+002, 3.6665954E+002, 3.4745380E+002, 3.5410835E+002, 4.0701292E+002, 4.0993543E+002, 4.5285039E+002, 4.4955915E+002, 4.1548691E+002, 1.7584382E+002, 1.7832389E+002, 1.8261906E+002, 1.9700925E+002, 2.0762309E+002, 1.9486580E+002, 1.7082137E+002, 1.6448792E+002, 1.6765461E+002, 1.7062945E+002, 1.6812817E+002, 1.7023472E+002, 1.7300105E+002, 1.8350880E+002, 1.9188706E+002, 2.0098528E+002, 2.0006392E+002, 1.5910102E+002, 1.3714602E+002, 1.7670398E+002, 1.9355042E+002, 2.0052873E+002, 2.0412363E+002, 2.0546237E+002, 2.0529114E+002, 2.0315510E+002, 1.9876711E+002, 1.6305845E+002, 1.6021041E+002, 1.4987236E+002, 1.6817482E+002, 1.9066097E+002, 1.9408977E+002, 1.9134456E+002, 1.9402213E+002, 1.9888088E+002, 2.0044812E+002, 1.9676296E+002, 1.9695322E+002, 1.9222369E+002, 1.9079967E+002, 1.8906178E+002, 1.8934949E+002, 1.8913195E+002, 1.9017524E+002, 1.9192932E+002, 1.9076531E+002, 1.6837421E+002, 1.7850107E+002, 1.8761044E+002, 1.8867545E+002, 1.8810279E+002, 1.8646467E+002, 1.8288760E+002, 1.8279397E+002, 3.8531279E+001, 6.9410384E+001, 1.0728272E+002, 1.0405882E+002, 8.4528795E+001, 9.1693322E+001, 9.7964643E+001, 1.0040472E+002, 1.0034750E+002, 9.8193954E+001, 9.1076163E+001, 8.7902957E+001, 8.6240618E+001, 8.5367543E+001, 8.5564680E+001, 8.5016641E+001, 8.6136018E+001, 1.0678660E+002, 1.3629594E+002, 1.4180337E+002, 1.4017444E+002, 1.4113254E+002, 1.4041783E+002, 1.3611245E+002, 1.3645426E+002, 1.4173515E+002, 1.4948336E+002, 1.5345086E+002, 1.5721227E+002, 1.5319744E+002, 1.3969271E+002, 1.3229541E+002, 1.2542585E+002, 1.2320538E+002, 1.2100472E+002, 1.2057885E+002, 1.1944432E+002, 1.1886386E+002, 1.1881138E+002, 1.2580916E+002, 1.4816569E+002, 1.6314411E+002, 1.7695669E+002, 1.8010102E+002, 1.8108519E+002, 1.8416993E+002, 1.9143583E+002, 1.9569810E+002, 1.9693654E+002, 1.9451226E+002, 1.9228018E+002, 1.9496831E+002, 2.0848299E+002, 2.1608398E+002, 2.0527823E+002, 1.8762849E+002, 1.6121667E+002, 1.4764124E+002, 1.3180512E+002, 1.2672728E+002, 1.3176057E+002, 1.3868125E+002, 1.3841475E+002, 1.3585336E+002, 1.3703141E+002, 1.4096494E+002, 1.4705638E+002, 1.5288798E+002, 1.6975712E+002, 1.8482335E+002, 2.0099016E+002, 2.0204985E+002, 1.9785277E+002, 1.9562991E+002, 2.0285288E+002, 2.1397805E+002, 2.3160547E+002, 2.3940253E+002, 2.4194808E+002, 2.4164612E+002, 2.5496354E+002, 2.7650408E+002, 3.1991885E+002, 3.4262012E+002, 3.6026781E+002, 3.5762430E+002, 3.3356269E+002, 3.1623106E+002, 3.0590277E+002, 2.6134337E+002, 2.1405142E+002, 2.0329583E+002, 2.3644742E+002, 3.4110964E+002
 1.7801518E+002, 6.3882649E+001, 9.5153199E+001, 1.0276621E+002, 1.0636716E+002, 8.2782200E+001, 8.5346405E+001, 8.7678600E+001, 8.5831970E+001, 8.2692605E+001, 8.1745142E+001, 8.1192040E+001, 8.0992815E+001, 8.0785854E+001, 8.0411809E+001, 9.3714600E+001, 1.0941812E+002, 1.3350643E+002, 1.4003205E+002, 1.4120053E+002, 1.4162044E+002, 1.3884555E+002, 1.3119737E+002, 1.1993901E+002, 1.1712129E+002, 1.2448129E+002, 1.2773773E+002, 1.2738733E+002, 1.2543487E+002, 1.2156986E+002, 1.1982153E+002, 1.1848111E+002, 1.1770311E+002, 1.1690377E+002, 1.1641136E+002, 1.1549551E+002, 1.1887245E+002, 1.3457691E+002, 1.4527375E+002, 1.6235818E+002, 1.6987431E+002, 1.7243036E+002, 1.7493677E+002, 1.8005642E+002, 1.8353145E+002, 1.8772102E+002, 1.8724625E+002, 1.8200172E+002, 1.7643748E+002, 1.6824014E+002, 1.6704360E+002, 1.6569135E+002, 1.6566596E+002, 1.6108868E+002, 1.5320094E+002, 1.4583119E+002, 1.4236176E+002, 1.4075175E+002, 1.4094839E+002, 1.4107748E+002, 1.3959119E+002, 1.3683730E+002, 1.3808066E+002, 1.4592133E+002, 1.5418685E+002, 1.6821627E+002, 1.7783810E+002, 1.9088618E+002, 1.9709871E+002, 2.0161299E+002, 2.0133397E+002, 2.0058981E+002, 2.0403516E+002, 2.1329473E+002, 2.1851269E+002, 2.2635203E+002, 2.3269347E+002, 2.3927021E+002, 2.5062218E+002, 2.6886162E+002, 2.7802952E+002, 2.9190695E+002, 3.0171713E+002, 2.9507379E+002, 2.8537773E+002, 2.6629933E+002, 2.6340300E+002, 2.5123458E+002, 2.3298310E+002, 2.2029602E+002, 2.2317135E+002, 2.4036486E+002, 2.7562512E+002, 3.1023072E+002, 3.4809299E+002, 3.4467488E+002, 3.2979267E+002, 3.1375631E+002, 3.2276699E+002, 3.2921797E+002, 3.4864375E+002, 3.4671726E+002, 3.6777587E+002, 3.7907637E+002, 4.1277856E+002, 4.0743501E+002, 3.9484345E+002, 1.8488829E+002, 1.6038305E+002, 1.7657472E+002, 2.0267591E+002, 2.1551139E+002, 2.1386570E+002, 1.8608948E+002, 1.6418299E+002, 1.7825217E+002, 1.8391599E+002, 1.8272884E+002, 1.8232800E+002, 1.7511472E+002, 1.6968051E+002, 1.6683416E+002, 1.6990403E+002, 1.8235358E+002, 1.9079160E+002, 1.4763362E+002, 1.7273117E+002, 2.0387431E+002, 2.0599925E+002, 2.0648665E+002, 2.0670123E+002, 2.0639407E+002, 2.0540434E+002, 2.0122975E+002, 1.9150661E+002, 1.4745653E+002, 1.5900047E+002, 1.7900490E+002, 1.8585590E+002, 2.0169441E+002, 2.0566855E+002, 2.0821382E+002, 2.0601926E+002, 2.0012074E+002, 1.9891445E+002, 1.9744228E+002, 1.9028269E+002, 1.8653943E+002, 1.8501738E+002, 1.8279351E+002, 1.8406141E+002, 1.8686112E+002, 1.8743876E+002, 1.8872989E+002, 1.7534019E+002, 1.7950439E+002, 1.8307044E+002, 1.8566596E+002, 1.8577802E+002, 1.8689406E+002, 1.8786111E+002, 5.7097728E+001, 8.5776455E+001, 1.0016878E+002, 1.0161670E+002, 8.7095631E+001, 9.6694740E+001, 1.0072666E+002, 9.8601623E+001, 9.1937521E+001, 8.9315024E+001, 8.7188607E+001, 8.6303137E+001, 8.5387660E+001, 8.4618294E+001, 9.8252495E+001, 1.1269258E+002, 1.3461735E+002, 1.3917868E+002, 1.3902609E+002, 1.3902963E+002, 1.3749111E+002, 1.3361690E+002, 1.3200159E+002, 1.3494325E+002, 1.4484541E+002, 1.5048215E+002, 1.4996279E+002, 1.4335497E+002, 1.3063559E+002, 1.2419557E+002, 1.2089433E+002, 1.1979027E+002, 1.1847198E+002, 1.1791238E+002, 1.1717474E+002, 1.1933902E+002, 1.3350420E+002, 1.4437811E+002, 1.6095811E+002, 1.7010013E+002, 1.7566982E+002, 1.7886741E+002, 1.8498714E+002, 1.8823600E+002, 1.9126535E+002, 1.9054443E+002, 1.8693835E+002, 1.8631344E+002, 1.8907222E+002, 1.9528328E+002, 2.0203604E+002, 1.9852656E+002, 1.8336662E+002, 1.6773381E+002, 1.4943979E+002, 1.3972365E+002, 1.2989069E+002, 1.2553640E+002, 1.2738568E+002, 1.3047103E+002, 1.3463306E+002, 1.3592750E+002, 1.4023590E+002, 1.4498563E+002, 1.5384848E+002, 1.6251512E+002, 1.7878401E+002, 1.8894568E+002, 1.9737875E+002, 1.9682339E+002, 1.9348131E+002, 1.9541016E+002, 2.0616938E+002, 2.1564542E+002, 2.2961545E+002, 2.3867065E+002, 2.5156303E+002, 2.6473519E+002, 2.9187586E+002, 3.0932110E+002, 3.3094162E+002, 3.3799185E+002, 3.2516619E+002, 3.0224307E+002, 2.4258740E+002, 2.1188489E+002, 2.5954536E+002, 2.5650818E+002, 2.3168102E+002, 2.1767748E+002, 2.6006534E+002, 3.2092344E+002, 4.0267321E+002, 4.1541474E+002
 1.7901291E+002, 8.4555663E+001, 9.5952162E+001, 9.9320114E+001, 1.0212706E+002, 7.9572846E+001, 8.3644114E+001, 8.1524858E+001, 8.0922118E+001, 8.0725566E+001, 8.0473770E+001, 8.0331089E+001, 8.1695704E+001, 9.9966812E+001, 1.1567810E+002, 1.3590369E+002, 1.3753361E+002, 1.3845101E+002, 1.3880415E+002, 1.3552072E+002, 1.2843953E+002, 1.1331841E+002, 1.1260705E+002, 1.2142465E+002, 1.2447734E+002, 1.2334034E+002, 1.2023200E+002, 1.1761657E+002, 1.1680451E+002, 1.1564666E+002, 1.1503728E+002, 1.1413236E+002, 1.1374132E+002, 1.2470367E+002, 1.3563418E+002, 1.5314501E+002, 1.6368577E+002, 1.6801357E+002, 1.7000212E+002, 1.7463506E+002, 1.7823836E+002, 1.8295541E+002, 1.8336693E+002, 1.7976343E+002, 1.7625412E+002, 1.6962752E+002, 1.6432225E+002, 1.6069582E+002, 1.6092604E+002, 1.5997273E+002, 1.5591559E+002, 1.4599872E+002, 1.4231263E+002, 1.3785278E+002, 1.3630318E+002, 1.3535515E+002, 1.3560795E+002, 1.3588998E+002, 1.3484363E+002, 1.3417625E+002, 1.3791807E+002, 1.4960767E+002, 1.5896490E+002, 1.7301065E+002, 1.8192697E+002, 1.9174577E+002, 1.9460569E+002, 1.9358595E+002, 1.9380553E+002, 2.0057470E+002, 2.0697584E+002, 2.1812971E+002, 2.2296244E+002, 2.3396466E+002, 2.4591107E+002, 2.6381411E+002, 2.7530169E+002, 2.9094500E+002, 2.9007831E+002, 2.8196811E+002, 2.7418217E+002, 2.5396504E+002, 2.3607683E+002, 2.0643589E+002, 1.9187170E+002, 2.0635713E+002, 2.2398754E+002, 2.0956359E+002, 2.2070349E+002, 2.4592385E+002, 2.6996140E+002, 2.9546923E+002, 3.1987027E+002, 3.2227144E+002, 3.2336349E+002, 3.1534584E+002, 3.1518224E+002, 3.2378839E+002, 3.4363911E+002, 3.3724963E+002, 3.2759620E+002, 3.1741911E+002, 3.1334724E+002, 3.6349992E+002, 3.5849921E+002, 3.2700789E+002, 3.0714571E+002, 2.9334538E+002, 2.5063168E+002, 2.0401304E+002, 1.8092343E+002, 1.7870441E+002, 1.9113847E+002, 2.0946920E+002, 2.1045535E+002, 1.6820118E+002, 1.6661784E+002, 1.7744410E+002, 1.8063025E+002, 1.8612688E+002, 1.8983356E+002, 1.8858376E+002, 1.8147553E+002, 1.6779944E+002, 1.6093066E+002, 1.7400505E+002, 1.6764452E+002, 1.9646368E+002, 2.0204003E+002, 2.0498805E+002, 2.0796869E+002, 2.1132622E+002, 2.1198964E+002, 2.1329326E+002, 2.0930497E+002, 2.0072781E+002, 1.8718496E+002, 1.5755026E+002, 1.8697336E+002, 2.0214986E+002, 2.0249321E+002, 1.9845909E+002, 1.9843236E+002, 1.9859830E+002, 2.0040148E+002, 1.9820704E+002, 1.9501965E+002, 1.9403508E+002, 1.9277039E+002, 1.8726802E+002, 1.8155923E+002, 1.7764023E+002, 1.8085761E+002, 1.8714105E+002, 1.8698438E+002, 1.6919911E+002, 1.7317317E+002, 1.7423939E+002, 1.8276234E+002, 1.8701178E+002, 1.9084740E+002, 7.9209261E+001, 9.1293058E+001, 9.5697996E+001, 9.8640532E+001, 9.2104765E+001, 9.4227509E+001, 8.9678462E+001, 8.8197308E+001, 8.7288177E+001, 8.6261668E+001, 8.5467795E+001, 8.6589857E+001, 1.0468709E+002, 1.1942368E+002, 1.3729188E+002, 1.3774569E+002, 1.3813313E+002, 1.3895326E+002, 1.3592746E+002, 1.3081769E+002, 1.2663700E+002, 1.3182339E+002, 1.4429019E+002, 1.5043337E+002, 1.4666091E+002, 1.3745067E+002, 1.2251417E+002, 1.1918747E+002, 1.1788798E+002, 1.1730849E+002, 1.1647560E+002, 1.1588995E+002, 1.2504285E+002, 1.3565185E+002, 1.5186694E+002, 1.6270091E+002, 1.6910326E+002, 1.7157755E+002, 1.7813206E+002, 1.8290202E+002, 1.8787767E+002, 1.8800803E+002, 1.8317317E+002, 1.7969902E+002, 1.7893436E+002, 1.7988825E+002, 1.8721476E+002, 1.9233060E+002, 1.8720966E+002, 1.7834644E+002, 1.5647290E+002, 1.4720955E+002, 1.3767142E+002, 1.3371423E+002, 1.2631579E+002, 1.2289311E+002, 1.2574087E+002, 1.2970415E+002, 1.3304821E+002, 1.3590943E+002, 1.4312828E+002, 1.4922596E+002, 1.6152197E+002, 1.7189503E+002, 1.8594046E+002, 1.9188894E+002, 1.9248694E+002, 1.9209547E+002, 1.9703815E+002, 2.0273632E+002, 2.1475620E+002, 2.2573753E+002, 2.4471851E+002, 2.5992170E+002, 2.8444263E+002, 3.0009289E+002, 3.1842666E+002, 3.2158511E+002, 3.0810686E+002, 2.9133083E+002, 2.6315142E+002, 2.3872118E+002, 1.9051297E+002, 1.5245362E+002, 1.4644766E+002, 2.0388329E+002, 2.2631833E+002, 2.2719032E+002, 2.7288676E+002, 3.1928032E+002, 3.7098112E+002, 3.9928055E+002, 3.8036156E+002, 3.5790756E+002
 1.8000231E+002, 7.5232668E+001, 9.2683566E+001, 9.3954581E+001, 9.7562232E+001, 7.8774137E+001, 7.9456952E+001, 8.0053154E+001, 7.9747523E+001, 7.9358174E+001, 8.5679485E+001, 1.0674336E+002, 1.2488930E+002, 1.3442969E+002, 1.3537200E+002, 1.3621300E+002, 1.3613529E+002, 1.3364634E+002, 1.2841048E+002, 1.1144402E+002, 1.0589001E+002, 1.1616194E+002, 1.2080385E+002, 1.1938540E+002, 1.1719790E+002, 1.1539811E+002, 1.1461557E+002, 1.1382831E+002, 1.1312223E+002, 1.1195695E+002, 1.1795872E+002, 1.3620747E+002, 1.5142014E+002, 1.6281527E+002, 1.6451817E+002, 1.6897419E+002, 1.7322541E+002, 1.7898983E+002, 1.8010523E+002, 1.7718265E+002, 1.7392406E+002, 1.6954949E+002, 1.6713856E+002, 1.6254124E+002, 1.5841122E+002, 1.5488033E+002, 1.5424538E+002, 1.4965007E+002, 1.4249363E+002, 1.3720540E+002, 1.3490619E+002, 1.3278438E+002, 1.3195175E+002, 1.3095731E+002, 1.3090194E+002, 1.3156512E+002, 1.3130752E+002, 1.3167847E+002, 1.3658326E+002, 1.5111632E+002, 1.6092711E+002, 1.7473440E+002, 1.8243113E+002, 1.8829310E+002, 1.8789551E+002, 1.8825332E+002, 1.9227123E+002, 2.0293073E+002, 2.1088753E+002, 2.1708283E+002, 2.2315300E+002, 2.3908371E+002, 2.5495019E+002, 2.7367566E+002, 2.7251761E+002, 2.6474821E+002, 2.5533799E+002, 2.3681413E+002, 2.2550169E+002, 2.0943139E+002, 1.9689059E+002, 1.7508138E+002, 1.6263466E+002, 1.6752071E+002, 1.9120892E+002, 2.0964663E+002, 2.1562399E+002, 2.5151555E+002, 2.7273970E+002, 2.8288638E+002, 3.1141937E+002, 3.1830299E+002, 3.1576593E+002, 3.1193701E+002, 3.0961297E+002, 3.1628143E+002, 3.2466987E+002, 3.2344318E+002, 3.2735209E+002, 2.9800857E+002, 2.6648462E+002, 2.7324289E+002, 2.9407873E+002, 3.2848635E+002, 3.3511264E+002, 2.8768413E+002, 2.4903151E+002, 2.7788945E+002, 2.7067479E+002, 2.5729920E+002, 2.5230790E+002, 2.4156255E+002, 2.2182028E+002, 1.9785558E+002, 1.9036205E+002, 1.9200594E+002, 1.7675004E+002, 1.7419685E+002, 1.7201653E+002, 1.7852734E+002, 1.8342974E+002, 1.9276049E+002, 1.9395165E+002, 1.9217873E+002, 1.8666199E+002, 1.6281870E+002, 1.5850860E+002, 1.7361177E+002, 1.8905070E+002, 2.0473056E+002, 2.0537603E+002, 2.0643099E+002, 2.0854712E+002, 2.1315721E+002, 2.1528028E+002, 2.1551605E+002, 2.1274869E+002, 2.0163777E+002, 1.7997726E+002, 1.8143874E+002, 1.8776165E+002, 1.8772174E+002, 1.9216230E+002, 1.9473054E+002, 1.9537972E+002, 1.9674901E+002, 1.9708828E+002, 1.9638884E+002, 1.9890672E+002, 1.9620741E+002, 1.9363387E+002, 1.8772310E+002, 1.7936821E+002, 1.7095782E+002, 1.7939434E+002, 1.7438430E+002, 1.6594295E+002, 1.6878902E+002, 1.7870957E+002, 1.8414021E+002, 1.9223473E+002, 5.4364311E+001, 8.7405359E+001, 9.3265870E+001, 9.4887219E+001, 8.5998787E+001, 8.5340425E+001, 8.7692813E+001, 8.6366901E+001, 8.4144552E+001, 9.0684044E+001, 1.1080545E+002, 1.2890105E+002, 1.3610503E+002, 1.3661772E+002, 1.3793050E+002, 1.3777297E+002, 1.3502348E+002, 1.3080103E+002, 1.2130835E+002, 1.2465488E+002, 1.3886210E+002, 1.4475527E+002, 1.4113923E+002, 1.3294803E+002, 1.2346250E+002, 1.1789304E+002, 1.1578913E+002, 1.1584406E+002, 1.1486357E+002, 1.1955695E+002, 1.3681825E+002, 1.5113005E+002, 1.6422419E+002, 1.6601038E+002, 1.7073717E+002, 1.7556470E+002, 1.8269322E+002, 1.8479895E+002, 1.8194212E+002, 1.7742361E+002, 1.7116976E+002, 1.6977526E+002, 1.7296402E+002, 1.7649491E+002, 1.8221466E+002, 1.8424435E+002, 1.7360424E+002, 1.5785986E+002, 1.4199927E+002, 1.3501430E+002, 1.2903322E+002, 1.2689668E+002, 1.2267144E+002, 1.1966289E+002, 1.2021243E+002, 1.2530219E+002, 1.3102221E+002, 1.3500195E+002, 1.4547302E+002, 1.5274527E+002, 1.6592677E+002, 1.7608897E+002, 1.8675638E+002, 1.8761264E+002, 1.8851019E+002, 1.9236336E+002, 2.0149239E+002, 2.0760943E+002, 2.1494992E+002, 2.2688613E+002, 2.6177205E+002, 2.8394369E+002, 3.0602160E+002, 3.0559838E+002, 2.8983789E+002, 2.6953065E+002, 2.2768920E+002, 2.0010209E+002, 1.7050152E+002, 1.6775606E+002, 1.6904733E+002, 1.5326213E+002, 1.1711192E+002, 1.2242223E+002, 2.0997939E+002, 2.1416302E+002, 2.6852056E+002, 3.1576051E+002, 3.4537836E+002, 3.8799746E+002, 3.7824783E+002, 3.1573794E+002, 3.5097455E+002, 3.2423582E+002
 1.8101174E+002, 3.7246288E+001, 8.5824154E+001, 9.0479417E+001, 9.2383963E+001, 7.6303205E+001, 7.8577445E+001, 7.8150160E+001, 8.7069499E+001, 1.1431185E+002, 1.2886333E+002, 1.3291193E+002, 1.3372128E+002, 1.3407824E+002, 1.3339684E+002, 1.3078999E+002, 1.2667987E+002, 1.1271866E+002, 1.0347904E+002, 1.0986065E+002, 1.1638958E+002, 1.1779436E+002, 1.1655459E+002, 1.1424025E+002, 1.1302135E+002, 1.1240773E+002, 1.1172148E+002, 1.1291580E+002, 1.2271439E+002, 1.4736783E+002, 1.5793195E+002, 1.6188108E+002, 1.6553565E+002, 1.7285943E+002, 1.7591357E+002, 1.7486097E+002, 1.7170323E+002, 1.6664080E+002, 1.6417211E+002, 1.6195295E+002, 1.6052215E+002, 1.5655355E+002, 1.5355082E+002, 1.5001631E+002, 1.4811480E+002, 1.4077715E+002, 1.3580310E+002, 1.3209585E+002, 1.3021066E+002, 1.2880920E+002, 1.2794060E+002, 1.2697672E+002, 1.2688714E+002, 1.2739706E+002, 1.2765596E+002, 1.3089923E+002, 1.3740853E+002, 1.5250813E+002, 1.6197335E+002, 1.7409072E+002, 1.8014048E+002, 1.8235493E+002, 1.8231953E+002, 1.8742039E+002, 1.9447690E+002, 2.0555235E+002, 2.1028830E+002, 2.1946476E+002, 2.2669980E+002, 2.4148308E+002, 2.4711353E+002, 2.4513050E+002, 2.3720146E+002, 2.1914096E+002, 2.0729127E+002, 1.9244527E+002, 1.8448603E+002, 1.7469852E+002, 1.6787318E+002, 1.5730461E+002, 1.5202327E+002, 1.5948897E+002, 1.7467896E+002, 2.0244435E+002, 2.1755758E+002, 2.4983614E+002, 2.7401968E+002, 2.7201528E+002, 3.0159981E+002, 3.0730991E+002, 3.0407125E+002, 3.0412639E+002, 3.0317236E+002, 3.0810060E+002, 3.0876679E+002, 3.0210029E+002, 3.0924705E+002, 2.8760672E+002, 2.8505034E+002, 3.0978757E+002, 3.1648903E+002, 2.7262625E+002, 2.8645191E+002, 3.0519460E+002, 3.2225305E+002, 2.8008392E+002, 2.5579793E+002, 2.5309641E+002, 2.5060078E+002, 2.5470321E+002, 2.5363727E+002, 2.4456098E+002, 2.3301901E+002, 2.1120693E+002, 2.0663116E+002, 2.0802940E+002, 2.0532657E+002, 1.8756569E+002, 1.7493992E+002, 1.5752338E+002, 1.6703423E+002, 2.0395283E+002, 2.0132300E+002, 2.0085238E+002, 1.9153173E+002, 1.7962910E+002, 1.6831586E+002, 1.5456179E+002, 1.8314418E+002, 2.0069873E+002, 2.0259308E+002, 2.0559640E+002, 2.0777037E+002, 2.0943096E+002, 2.0924526E+002, 2.0859853E+002, 2.1012289E+002, 2.1261012E+002, 2.1233754E+002, 1.9533602E+002, 1.8123971E+002, 1.6540741E+002, 1.7907956E+002, 1.9249939E+002, 1.9498627E+002, 1.9590726E+002, 1.9658895E+002, 1.9863049E+002, 1.9994035E+002, 2.0007704E+002, 1.9996711E+002, 1.9759741E+002, 1.9471271E+002, 1.8805946E+002, 1.7606781E+002, 1.6986653E+002, 1.6900809E+002, 1.6690626E+002, 1.6636738E+002, 1.8012845E+002, 1.8573459E+002, 2.8701474E+001, 7.5780543E+001, 9.0348111E+001, 9.1116249E+001, 8.2043120E+001, 8.5802462E+001, 8.2759349E+001, 9.1170051E+001, 1.1758378E+002, 1.3230452E+002, 1.3488882E+002, 1.3562106E+002, 1.3661767E+002, 1.3555272E+002, 1.3216826E+002, 1.2851876E+002, 1.1910761E+002, 1.1559106E+002, 1.2799528E+002, 1.3451010E+002, 1.3776934E+002, 1.3382920E+002, 1.2589569E+002, 1.1903865E+002, 1.1426474E+002, 1.1396585E+002, 1.1570674E+002, 1.2516097E+002, 1.4858791E+002, 1.6056810E+002, 1.6459080E+002, 1.6825603E+002, 1.7594986E+002, 1.7972376E+002, 1.7979755E+002, 1.7658888E+002, 1.7006681E+002, 1.6639215E+002, 1.6386214E+002, 1.6502324E+002, 1.7007041E+002, 1.7500903E+002, 1.7810186E+002, 1.7727199E+002, 1.6491443E+002, 1.5171060E+002, 1.4078988E+002, 1.3154441E+002, 1.2566248E+002, 1.2403856E+002, 1.2041819E+002, 1.1775365E+002, 1.1753642E+002, 1.2108208E+002, 1.2910449E+002, 1.3478172E+002, 1.4545584E+002, 1.5310603E+002, 1.6748241E+002, 1.7747988E+002, 1.8324377E+002, 1.8401006E+002, 1.8923790E+002, 1.9578458E+002, 2.0578377E+002, 2.0893074E+002, 2.2037318E+002, 2.3701106E+002, 2.7408421E+002, 2.8881107E+002, 2.8624728E+002, 2.7329021E+002, 2.3744415E+002, 2.0845670E+002, 1.6597279E+002, 1.4492899E+002, 1.2963994E+002, 1.2674484E+002, 1.2911446E+002, 1.2851112E+002, 1.1925527E+002, 1.1212317E+002, 1.4628325E+002, 2.0777747E+002, 2.4384015E+002, 2.8854281E+002, 3.3888937E+002, 3.8532668E+002, 3.8460877E+002, 3.1078742E+002, 2.5568276E+002, 3.0722175E+002, 3.0072694E+002, 3.3926754E+002
 1.8201188E+002, 2.5851146E+001, 8.1908406E+001, 8.8747143E+001, 8.8697567E+001, 7.4742702E+001, 8.2285220E+001, 1.1720630E+002, 1.2849793E+002, 1.3153711E+002, 1.3206380E+002, 1.3120383E+002, 1.3000566E+002, 1.2676326E+002, 1.2288364E+002, 1.1035718E+002, 1.0341078E+002, 1.0912639E+002, 1.1548829E+002, 1.1727069E+002, 1.1563921E+002, 1.1270562E+002, 1.1160370E+002, 1.1083011E+002, 1.1021597E+002, 1.1853479E+002, 1.3105960E+002, 1.5258554E+002, 1.5719526E+002, 1.6412387E+002, 1.6949978E+002, 1.7247147E+002, 1.7069705E+002, 1.6530557E+002, 1.6174957E+002, 1.5851992E+002, 1.5770300E+002, 1.5599843E+002, 1.5362851E+002, 1.4948331E+002, 1.4670924E+002, 1.4345441E+002, 1.4023954E+002, 1.3472662E+002, 1.3275540E+002, 1.2877865E+002, 1.2665382E+002, 1.2523318E+002, 1.2443620E+002, 1.2354962E+002, 1.2350901E+002, 1.2389620E+002, 1.2558468E+002, 1.3442622E+002, 1.4451339E+002, 1.5901078E+002, 1.6656217E+002, 1.7461303E+002, 1.7689265E+002, 1.7784225E+002, 1.8093678E+002, 1.9069400E+002, 1.9806929E+002, 2.0837818E+002, 2.1615557E+002, 2.2566811E+002, 2.2701377E+002, 2.2426738E+002, 2.2260990E+002, 2.1360571E+002, 2.0312498E+002, 1.8712773E+002, 1.7836978E+002, 1.6838230E+002, 1.6332028E+002, 1.5483721E+002, 1.4931380E+002, 1.4439925E+002, 1.4766759E+002, 1.6277353E+002, 1.8086685E+002, 2.0928560E+002, 2.2753781E+002, 2.5495590E+002, 2.6873836E+002, 2.9037978E+002, 3.0637901E+002, 2.9214831E+002, 2.8417101E+002, 2.8670679E+002, 2.9182470E+002, 3.0010134E+002, 3.0607257E+002, 2.9835220E+002, 3.1074038E+002, 2.9016391E+002, 3.1632730E+002, 3.5473358E+002, 3.7428773E+002, 4.0874777E+002, 3.9684906E+002, 2.7974054E+002, 2.8190803E+002, 2.7940466E+002, 2.7068610E+002, 2.6312877E+002, 2.2920241E+002, 2.1847085E+002, 2.1463806E+002, 2.1907023E+002, 2.2531164E+002, 2.2921137E+002, 2.2977069E+002, 2.2814596E+002, 2.2153416E+002, 2.0822256E+002, 2.0169210E+002, 1.9623970E+002, 1.9628112E+002, 1.9210218E+002, 1.8211376E+002, 1.5683039E+002, 1.7174333E+002, 2.2782604E+002, 2.1983627E+002, 1.8943910E+002, 1.9115253E+002, 1.7693325E+002, 1.4695692E+002, 1.9399604E+002, 2.0156617E+002, 2.0227450E+002, 2.0180659E+002, 2.0057212E+002, 2.0011412E+002, 2.0028261E+002, 2.0201318E+002, 2.0584965E+002, 2.0813586E+002, 2.0949036E+002, 2.0942458E+002, 1.9490120E+002, 1.8055057E+002, 1.8182121E+002, 1.8926582E+002, 1.9498090E+002, 1.9634773E+002, 1.9732898E+002, 1.9768651E+002, 1.9744807E+002, 1.9721752E+002, 1.9760915E+002, 1.9799875E+002, 1.9764919E+002, 1.9554739E+002, 1.8947155E+002, 1.7746129E+002, 1.6494590E+002, 1.5598638E+002, 1.7022232E+002, 1.8118483E+002, 2.3087282E+001, 7.0047269E+001, 8.9862997E+001, 8.8637509E+001, 8.1760071E+001, 8.8428127E+001, 1.2223837E+002, 1.3211348E+002, 1.3403770E+002, 1.3493823E+002, 1.3394377E+002, 1.3187806E+002, 1.2801860E+002, 1.2484366E+002, 1.1562502E+002, 1.1060869E+002, 1.2127391E+002, 1.3125073E+002, 1.3655032E+002, 1.3339878E+002, 1.2402848E+002, 1.1796895E+002, 1.1313358E+002, 1.1243102E+002, 1.2098475E+002, 1.3344112E+002, 1.5652122E+002, 1.6179352E+002, 1.6855225E+002, 1.7366913E+002, 1.7698415E+002, 1.7545058E+002, 1.6996949E+002, 1.6587757E+002, 1.6156809E+002, 1.6096310E+002, 1.6312341E+002, 1.6542728E+002, 1.6935980E+002, 1.6989676E+002, 1.6709446E+002, 1.6068964E+002, 1.4829893E+002, 1.4325132E+002, 1.3395476E+002, 1.2792786E+002, 1.2274564E+002, 1.2151413E+002, 1.1940172E+002, 1.1798586E+002, 1.1897217E+002, 1.2277599E+002, 1.3257770E+002, 1.4013441E+002, 1.5065625E+002, 1.5786816E+002, 1.6961471E+002, 1.7588961E+002, 1.8039035E+002, 1.8453533E+002, 1.9444404E+002, 2.0126651E+002, 2.0949408E+002, 2.1974741E+002, 2.4094237E+002, 2.5348944E+002, 2.6525128E+002, 2.6694201E+002, 2.6044811E+002, 2.4405033E+002, 2.0410587E+002, 1.8060988E+002, 1.5343500E+002, 1.4000711E+002, 1.2814261E+002, 1.2323654E+002, 1.1712147E+002, 1.1379618E+002, 1.1243766E+002, 1.1754520E+002, 1.5397492E+002, 2.0381795E+002, 2.6412096E+002, 2.9882839E+002, 3.4356371E+002, 3.5760359E+002, 3.4315955E+002, 2.6650729E+002, 2.4502798E+002, 2.4716386E+002, 3.0272244E+002, 3.1212108E+002, 3.3059889E+002, 3.1567952E+002
 1.8300325E+002, 2.5028990E+001, 7.8346553E+001, 8.6638821E+001, 8.6163432E+001, 7.7245192E+001, 1.1959444E+002, 1.2963102E+002, 1.3087264E+002, 1.2897587E+002, 1.2696217E+002, 1.2370307E+002, 1.2052540E+002, 1.1073120E+002, 1.0403091E+002, 1.0957450E+002, 1.1363089E+002, 1.1561542E+002, 1.1394728E+002, 1.1169866E+002, 1.1056916E+002, 1.0928199E+002, 1.0999637E+002, 1.2277085E+002, 1.4000920E+002, 1.5332202E+002, 1.5755835E+002, 1.6629885E+002, 1.6930667E+002, 1.6741190E+002, 1.6413078E+002, 1.5856402E+002, 1.5566459E+002, 1.5427198E+002, 1.5348560E+002, 1.4922034E+002, 1.4486761E+002, 1.4052714E+002, 1.3944018E+002, 1.3595342E+002, 1.3354407E+002, 1.3029786E+002, 1.2740298E+002, 1.2409665E+002, 1.2304075E+002, 1.2209053E+002, 1.2135975E+002, 1.2061822E+002, 1.2064921E+002, 1.2110529E+002, 1.2345039E+002, 1.3660145E+002, 1.4887441E+002, 1.6213678E+002, 1.6782237E+002, 1.7201845E+002, 1.7267948E+002, 1.7665025E+002, 1.8297893E+002, 1.9404306E+002, 2.0043822E+002, 2.1269370E+002, 2.2093104E+002, 2.1650379E+002, 2.0821338E+002, 2.0923439E+002, 2.1215441E+002, 1.9953604E+002, 1.8582622E+002, 1.7102198E+002, 1.6529367E+002, 1.5817381E+002, 1.5366276E+002, 1.4608979E+002, 1.4145808E+002, 1.3875598E+002, 1.4499319E+002, 1.7082047E+002, 1.9104764E+002, 2.2402295E+002, 2.4615011E+002, 2.6844862E+002, 2.8426184E+002, 2.9469969E+002, 2.7987339E+002, 2.5418550E+002, 2.3692133E+002, 2.5085538E+002, 2.7094645E+002, 2.8460061E+002, 2.8880405E+002, 2.8861701E+002, 2.9375662E+002, 2.9766907E+002, 3.0497548E+002, 3.5024407E+002, 3.2467045E+002, 2.8578389E+002, 2.7394915E+002, 3.3420142E+002, 3.3917674E+002, 2.6296192E+002, 2.6438395E+002, 2.5707424E+002, 2.5583031E+002, 2.0761388E+002, 2.0742908E+002, 2.0885008E+002, 2.0928036E+002, 2.1726126E+002, 2.1803707E+002, 2.2747700E+002, 2.2866484E+002, 2.2664145E+002, 2.2416434E+002, 2.2064486E+002, 2.1955544E+002, 2.1645195E+002, 2.0882795E+002, 2.0051646E+002, 1.9472622E+002, 1.8669656E+002, 1.7925560E+002, 1.7000922E+002, 1.6350442E+002, 2.0496677E+002, 2.1376178E+002, 2.1281106E+002, 2.0938108E+002, 1.6735595E+002, 1.8597106E+002, 1.9169628E+002, 1.9341307E+002, 1.9459240E+002, 1.9578878E+002, 1.9703378E+002, 1.9770870E+002, 1.9929921E+002, 2.0181645E+002, 2.0433727E+002, 2.0498726E+002, 2.0568851E+002, 2.0543282E+002, 1.9195604E+002, 1.7837532E+002, 1.8928522E+002, 1.9149676E+002, 1.9303105E+002, 1.9332664E+002, 1.9351498E+002, 1.9253753E+002, 1.9259820E+002, 1.9264706E+002, 1.9342265E+002, 1.9403822E+002, 1.9432586E+002, 1.9445235E+002, 1.9244774E+002, 1.8327480E+002, 1.6483074E+002, 1.5937316E+002, 2.2251526E+001, 6.5272380E+001, 8.9162008E+001, 8.6358528E+001, 1.0034771E+002, 1.2939798E+002, 1.3279576E+002, 1.3388808E+002, 1.3213229E+002, 1.2942294E+002, 1.2514642E+002, 1.2240591E+002, 1.1586539E+002, 1.0910484E+002, 1.1856768E+002, 1.3029706E+002, 1.3433074E+002, 1.3187445E+002, 1.2492253E+002, 1.1886991E+002, 1.1220692E+002, 1.1206665E+002, 1.2496725E+002, 1.4311287E+002, 1.5920587E+002, 1.6383931E+002, 1.7177159E+002, 1.7432364E+002, 1.7222410E+002, 1.6892584E+002, 1.6321828E+002, 1.6005043E+002, 1.5878154E+002, 1.5988745E+002, 1.6155940E+002, 1.6113701E+002, 1.5939484E+002, 1.5753179E+002, 1.4968864E+002, 1.4392990E+002, 1.3547794E+002, 1.2915799E+002, 1.2190497E+002, 1.1983577E+002, 1.1931343E+002, 1.1862355E+002, 1.1671401E+002, 1.1634692E+002, 1.1829729E+002, 1.2268187E+002, 1.3515339E+002, 1.4512291E+002, 1.5601049E+002, 1.6228051E+002, 1.7031467E+002, 1.7333316E+002, 1.8001443E+002, 1.8763145E+002, 1.9850702E+002, 2.0379857E+002, 2.1701517E+002, 2.3134328E+002, 2.4602974E+002, 2.4596218E+002, 2.5111238E+002, 2.6256019E+002, 2.5020881E+002, 2.2272456E+002, 1.7881925E+002, 1.6342733E+002, 1.4896161E+002, 1.4102742E+002, 1.3169029E+002, 1.2782973E+002, 1.2534966E+002, 1.2323912E+002, 1.2482644E+002, 1.3362396E+002, 1.7632411E+002, 2.2331031E+002, 2.7783401E+002, 3.0490752E+002, 3.3601457E+002, 3.2316336E+002, 2.6538978E+002, 2.1836879E+002, 1.7485861E+002, 2.3966360E+002, 2.7291358E+002, 3.1709003E+002, 3.0969621E+002, 3.1456687E+002, 3.0560129E+002, 3.3165220E+002
 1.8400233E+002, 3.1008067E+001, 8.1260797E+001, 8.5449464E+001, 8.1761317E+001, 1.1429260E+002, 1.2836013E+002, 1.2851185E+002, 1.2572705E+002, 1.2156075E+002, 1.1868479E+002, 1.1092240E+002, 1.0518760E+002, 1.0800435E+002, 1.0940963E+002, 1.1283059E+002, 1.1334213E+002, 1.1158857E+002, 1.0960950E+002, 1.0830914E+002, 1.1367315E+002, 1.3363171E+002, 1.4648359E+002, 1.5502307E+002, 1.6105678E+002, 1.6594678E+002, 1.6519775E+002, 1.6135003E+002, 1.5813355E+002, 1.5345930E+002, 1.5167294E+002, 1.5132603E+002, 1.5000485E+002, 1.4280720E+002, 1.3676664E+002, 1.3317492E+002, 1.3260077E+002, 1.2866774E+002, 1.2573402E+002, 1.2174336E+002, 1.2012892E+002, 1.1936816E+002, 1.1923363E+002, 1.1873720E+002, 1.1824036E+002, 1.1785016E+002, 1.1795944E+002, 1.1906220E+002, 1.2345774E+002, 1.4049345E+002, 1.5254075E+002, 1.6303111E+002, 1.6637941E+002, 1.6800747E+002, 1.7121477E+002, 1.8148542E+002, 1.8877957E+002, 1.9995100E+002, 2.0913020E+002, 2.1619843E+002, 2.1109154E+002, 1.9879781E+002, 1.9737110E+002, 2.0524551E+002, 2.0325949E+002, 1.8672166E+002, 1.7422205E+002, 1.6112268E+002, 1.5654404E+002, 1.5087382E+002, 1.4679118E+002, 1.3984621E+002, 1.3602395E+002, 1.3583964E+002, 1.4603987E+002, 1.8034949E+002, 2.0829951E+002, 2.4603079E+002, 2.6713235E+002, 2.8101841E+002, 2.7227546E+002, 2.4748545E+002, 2.3196316E+002, 2.0466731E+002, 1.8663064E+002, 1.8818272E+002, 2.0996420E+002, 2.6297004E+002, 2.7892376E+002, 2.6946129E+002, 2.7920280E+002, 2.8749214E+002, 2.7627903E+002, 3.1219064E+002, 2.9042243E+002, 2.7958894E+002, 2.5442021E+002, 2.8844161E+002, 3.1634076E+002, 3.2143279E+002, 2.6123747E+002, 2.5266974E+002, 2.5546198E+002, 2.5662954E+002, 2.4851705E+002, 1.9958999E+002, 2.0736513E+002, 2.1468273E+002, 2.1550951E+002, 2.1658432E+002, 2.0387343E+002, 2.2051867E+002, 2.2649404E+002, 2.2883472E+002, 2.2882008E+002, 2.2970455E+002, 2.2940850E+002, 2.2719221E+002, 2.2416196E+002, 2.1770450E+002, 2.1222302E+002, 1.9942288E+002, 1.9127921E+002, 1.8318089E+002, 1.7846088E+002, 1.6781506E+002, 1.9194737E+002, 2.1688674E+002, 2.1782238E+002, 2.1185001E+002, 1.7452035E+002, 1.8271420E+002, 1.8529531E+002, 1.8888291E+002, 1.9176063E+002, 1.9518448E+002, 1.9657707E+002, 1.9773816E+002, 1.9843402E+002, 1.9904056E+002, 1.9975265E+002, 2.0087800E+002, 2.0107795E+002, 2.0179760E+002, 2.0069549E+002, 1.7632699E+002, 1.8039958E+002, 1.8890378E+002, 1.9231512E+002, 1.9300265E+002, 1.9304861E+002, 1.9442191E+002, 1.9164870E+002, 1.9364379E+002, 1.9214652E+002, 1.9034894E+002, 1.8962782E+002, 1.8972812E+002, 1.8978631E+002, 1.8875934E+002, 1.8456836E+002, 2.5037271E+001, 7.3694980E+001, 8.8084570E+001, 8.8187095E+001, 1.3055400E+002, 1.3255577E+002, 1.3109975E+002, 1.2826822E+002, 1.2375636E+002, 1.2068823E+002, 1.1533782E+002, 1.0984772E+002, 1.1433528E+002, 1.2369275E+002, 1.2882983E+002, 1.3079143E+002, 1.2566887E+002, 1.1849210E+002, 1.1146040E+002, 1.1475520E+002, 1.3626583E+002, 1.5235688E+002, 1.6266148E+002, 1.6781610E+002, 1.7128389E+002, 1.6998246E+002, 1.6594282E+002, 1.6285843E+002, 1.5866238E+002, 1.5713751E+002, 1.5753669E+002, 1.5808602E+002, 1.5572162E+002, 1.5103420E+002, 1.4703493E+002, 1.4491020E+002, 1.3669423E+002, 1.2993183E+002, 1.1846319E+002, 1.1261767E+002, 1.1031661E+002, 1.1203223E+002, 1.1502072E+002, 1.1534192E+002, 1.1406090E+002, 1.1394380E+002, 1.1756065E+002, 1.2348802E+002, 1.3865507E+002, 1.4937093E+002, 1.6022020E+002, 1.6481126E+002, 1.6878268E+002, 1.7359044E+002, 1.8583769E+002, 1.9329948E+002, 2.0381196E+002, 2.1411704E+002, 2.3036396E+002, 2.3388944E+002, 2.3402107E+002, 2.3993700E+002, 2.5634160E+002, 2.5446196E+002, 2.2550861E+002, 1.9824551E+002, 1.6709772E+002, 1.5244241E+002, 1.4152380E+002, 1.3811910E+002, 1.3137648E+002, 1.2774999E+002, 1.2706124E+002, 1.2996569E+002, 1.4777247E+002, 1.7184053E+002, 2.2655578E+002, 2.6411052E+002, 2.9526774E+002, 2.9888605E+002, 2.8064118E+002, 2.6059490E+002, 1.9837336E+002, 1.4562554E+002, 1.0699233E+002, 1.2881411E+002, 2.3446163E+002, 2.8085811E+002, 3.1192260E+002, 3.1007486E+002, 3.0040667E+002, 3.4148417E+002, 3.4172931E+002, 3.2068589E+002
 1.8501021E+002, 5.9852108E+001, 8.3399382E+001, 8.2238794E+001, 7.2499673E+001, 1.2631619E+002, 1.2646435E+002, 1.2035957E+002, 1.1675069E+002, 1.1056206E+002, 1.0625397E+002, 1.0466196E+002, 1.0507065E+002, 1.1078952E+002, 1.1270774E+002, 1.0991931E+002, 1.0818629E+002, 1.1548118E+002, 1.2641916E+002, 1.4410145E+002, 1.5179427E+002, 1.5924767E+002, 1.6194054E+002, 1.6118159E+002, 1.5906266E+002, 1.5519708E+002, 1.5271853E+002, 1.4981351E+002, 1.4887178E+002, 1.4781161E+002, 1.4498665E+002, 1.3621237E+002, 1.3097698E+002, 1.2822035E+002, 1.2617475E+002, 1.2063710E+002, 1.1764758E+002, 1.1529815E+002, 1.1506339E+002, 1.1541032E+002, 1.1554164E+002, 1.1538771E+002, 1.1520534E+002, 1.1514397E+002, 1.1575500E+002, 1.2164397E+002, 1.3054488E+002, 1.4769893E+002, 1.5615580E+002, 1.6158892E+002, 1.6334371E+002, 1.6850575E+002, 1.7485352E+002, 1.8836579E+002, 1.9744399E+002, 2.0707576E+002, 2.0802940E+002, 2.0157134E+002, 1.9551740E+002, 1.9200604E+002, 1.9419400E+002, 1.9338257E+002, 1.8719696E+002, 1.7379193E+002, 1.6580251E+002, 1.5520471E+002, 1.5062655E+002, 1.4551884E+002, 1.4193730E+002, 1.3509115E+002, 1.3201308E+002, 1.4150821E+002, 1.6202228E+002, 2.0556454E+002, 2.3180667E+002, 2.5454227E+002, 2.5642459E+002, 2.3905693E+002, 2.2398776E+002, 2.0249470E+002, 1.8687393E+002, 1.6172309E+002, 1.4931930E+002, 1.5835431E+002, 1.8460390E+002, 2.2059965E+002, 2.4678069E+002, 2.6207088E+002, 2.6467753E+002, 2.7156388E+002, 2.6475879E+002, 2.6993234E+002, 2.7805321E+002, 2.7348877E+002, 2.6139046E+002, 2.7230140E+002, 2.8411223E+002, 2.9127981E+002, 3.2006142E+002, 2.4731182E+002, 2.4594946E+002, 2.5785878E+002, 2.7519108E+002, 2.5673532E+002, 2.4530140E+002, 2.2192743E+002, 2.1339221E+002, 2.2835858E+002, 2.3468842E+002, 2.3346563E+002, 2.3071071E+002, 2.1383932E+002, 2.0962286E+002, 2.1817351E+002, 2.2467781E+002, 2.2580203E+002, 2.2585296E+002, 2.2713690E+002, 2.2731278E+002, 2.2517524E+002, 2.2303513E+002, 2.1907905E+002, 2.1262737E+002, 1.9772513E+002, 1.8553727E+002, 1.7881794E+002, 1.6505321E+002, 1.8878783E+002, 2.0699807E+002, 1.9634984E+002, 1.7975519E+002, 1.8444777E+002, 1.8058349E+002, 1.7950177E+002, 1.8476299E+002, 1.9255130E+002, 1.9560277E+002, 1.9753661E+002, 1.9861992E+002, 2.0043703E+002, 2.0003176E+002, 1.9710748E+002, 1.9591415E+002, 1.9558625E+002, 1.9646375E+002, 1.9372882E+002, 1.6498948E+002, 1.8167563E+002, 1.8378169E+002, 1.9165548E+002, 1.9374802E+002, 1.9437052E+002, 1.9351909E+002, 1.9731414E+002, 1.9572886E+002, 1.9455619E+002, 1.9364373E+002, 1.9048127E+002, 1.8773122E+002, 1.8414318E+002, 1.8379551E+002, 4.9335750E+001, 7.9566284E+001, 9.2208044E+001, 1.1292248E+002, 1.3121361E+002, 1.2793953E+002, 1.2297176E+002, 1.1942675E+002, 1.1394237E+002, 1.1071485E+002, 1.0875096E+002, 1.1548198E+002, 1.2740956E+002, 1.3122277E+002, 1.2495449E+002, 1.1672823E+002, 1.1732576E+002, 1.2752140E+002, 1.4959688E+002, 1.5958782E+002, 1.6594011E+002, 1.6760439E+002, 1.6598061E+002, 1.6356995E+002, 1.5988327E+002, 1.5778178E+002, 1.5589939E+002, 1.5546571E+002, 1.5512836E+002, 1.5346821E+002, 1.4667278E+002, 1.4198806E+002, 1.3980872E+002, 1.3563340E+002, 1.2447800E+002, 1.1726384E+002, 1.0857942E+002, 1.0622833E+002, 1.0767639E+002, 1.0950440E+002, 1.1170671E+002, 1.1204459E+002, 1.1154154E+002, 1.1286311E+002, 1.2035008E+002, 1.2947200E+002, 1.4562788E+002, 1.5435495E+002, 1.6125523E+002, 1.6446598E+002, 1.7188480E+002, 1.7942447E+002, 1.9330524E+002, 2.0338134E+002, 2.1663202E+002, 2.2178030E+002, 2.2449359E+002, 2.2617694E+002, 2.3418888E+002, 2.4177925E+002, 2.3736692E+002, 2.2231635E+002, 1.9245582E+002, 1.7765746E+002, 1.6146141E+002, 1.5066245E+002, 1.3784752E+002, 1.3739447E+002, 1.3334808E+002, 1.2939270E+002, 1.3197250E+002, 1.4188988E+002, 1.7452350E+002, 2.0937098E+002, 2.6101500E+002, 2.7887343E+002, 2.7312211E+002, 2.5476328E+002, 2.1235856E+002, 1.7987524E+002, 1.3517681E+002, 1.1171832E+002, 8.7519452E+001, 9.2478169E+001, 1.3960501E+002, 1.8512516E+002, 2.9603959E+002, 3.0263483E+002, 3.0738314E+002, 3.1915891E+002, 3.2218294E+002, 3.1556608E+002, 3.1125444E+002, 2.9630727E+002
 1.8600374E+002, 8.0127162E+001, 8.4168086E+001, 7.8651577E+001, 1.1752727E+002, 1.2305614E+002, 1.1622891E+002, 1.0929390E+002, 1.0604915E+002, 1.0267001E+002, 1.0210738E+002, 1.0472475E+002, 1.0874310E+002, 1.0866530E+002, 1.1388858E+002, 1.3026973E+002, 1.4181674E+002, 1.5241099E+002, 1.5649218E+002, 1.5912271E+002, 1.5795869E+002, 1.5504716E+002, 1.5300018E+002, 1.5017665E+002, 1.4867820E+002, 1.4704367E+002, 1.4622524E+002, 1.4358196E+002, 1.3921725E+002, 1.2974739E+002, 1.2548349E+002, 1.2274255E+002, 1.1929371E+002, 1.1370765E+002, 1.1180231E+002, 1.1113187E+002, 1.1176103E+002, 1.1262897E+002, 1.1276939E+002, 1.1263152E+002, 1.1252343E+002, 1.1373017E+002, 1.1791325E+002, 1.3131202E+002, 1.4244268E+002, 1.5437340E+002, 1.5767962E+002, 1.6051886E+002, 1.6408510E+002, 1.7417859E+002, 1.8359711E+002, 1.9702388E+002, 2.0223494E+002, 1.9995749E+002, 1.9484381E+002, 1.8725665E+002, 1.8505713E+002, 1.8666245E+002, 1.8575245E+002, 1.7632398E+002, 1.6749765E+002, 1.5854461E+002, 1.5417220E+002, 1.4886989E+002, 1.4527050E+002, 1.4083241E+002, 1.3819795E+002, 1.3251478E+002, 1.3019946E+002, 1.5588198E+002, 1.9123116E+002, 2.3135125E+002, 2.3948238E+002, 2.3362535E+002, 2.2455180E+002, 2.0850960E+002, 1.9587633E+002, 1.7284388E+002, 1.5729667E+002, 1.3766716E+002, 1.3328181E+002, 1.5449146E+002, 1.8196496E+002, 2.1738064E+002, 2.3599771E+002, 2.5793954E+002, 2.6979987E+002, 2.6852532E+002, 2.5562128E+002, 2.5949418E+002, 2.6645687E+002, 2.5738285E+002, 2.5432809E+002, 2.6776801E+002, 2.6717403E+002, 2.5947431E+002, 2.6526160E+002, 3.0513943E+002, 2.9988945E+002, 2.4895834E+002, 2.7870411E+002, 2.8136380E+002, 3.0307754E+002, 2.6429260E+002, 2.4226750E+002, 1.9375454E+002, 2.3179399E+002, 2.4207163E+002, 2.4441779E+002, 2.4542392E+002, 2.4986899E+002, 2.5840475E+002, 2.5151161E+002, 2.3185044E+002, 2.2035687E+002, 2.1359358E+002, 2.1566500E+002, 2.2120090E+002, 2.2345450E+002, 2.2656691E+002, 2.2712507E+002, 2.2153197E+002, 2.1491601E+002, 2.1378755E+002, 2.1057293E+002, 1.9033859E+002, 1.7669972E+002, 1.4836527E+002, 1.7214350E+002, 1.6898856E+002, 1.8161200E+002, 1.8111055E+002, 1.7827955E+002, 1.7343563E+002, 1.7988880E+002, 1.8850823E+002, 1.9109603E+002, 2.0082121E+002, 2.0389728E+002, 2.0444725E+002, 2.0407410E+002, 2.0066393E+002, 1.9814350E+002, 1.9488385E+002, 1.9172524E+002, 1.9239306E+002, 1.8883877E+002, 1.6528716E+002, 1.6193877E+002, 1.8654574E+002, 1.8881044E+002, 1.9337163E+002, 1.9474714E+002, 1.9559790E+002, 1.9613154E+002, 1.9597803E+002, 1.9563817E+002, 1.9441305E+002, 1.9344004E+002, 1.8950566E+002, 1.8338124E+002, 7.9754954E+001, 9.1675256E+001, 1.1402656E+002, 1.2811119E+002, 1.2335487E+002, 1.1919340E+002, 1.1303351E+002, 1.1032423E+002, 1.0752692E+002, 1.0931543E+002, 1.2131914E+002, 1.2246558E+002, 1.1674386E+002, 1.1667455E+002, 1.2966429E+002, 1.4314220E+002, 1.5861765E+002, 1.6352090E+002, 1.6473941E+002, 1.6314971E+002, 1.5946423E+002, 1.5722689E+002, 1.5503371E+002, 1.5421846E+002, 1.5367166E+002, 1.5321910E+002, 1.5114930E+002, 1.4772525E+002, 1.3917158E+002, 1.3547822E+002, 1.3348858E+002, 1.2725732E+002, 1.1596929E+002, 1.1092630E+002, 1.0485641E+002, 1.0460392E+002, 1.0875363E+002, 1.1066321E+002, 1.1127396E+002, 1.1088183E+002, 1.1162912E+002, 1.1595938E+002, 1.2936643E+002, 1.4030091E+002, 1.5328966E+002, 1.5773209E+002, 1.6230184E+002, 1.6713332E+002, 1.7905811E+002, 1.8936974E+002, 2.0484132E+002, 2.1258173E+002, 2.1619484E+002, 2.1571689E+002, 2.1746597E+002, 2.2061896E+002, 2.2762351E+002, 2.2660912E+002, 2.0759326E+002, 1.8689871E+002, 1.5991564E+002, 1.5110740E+002, 1.4811002E+002, 1.4450423E+002, 1.3630609E+002, 1.3253902E+002, 1.3402568E+002, 1.3098713E+002, 1.4479790E+002, 1.7060870E+002, 2.1660184E+002, 2.4458247E+002, 2.6333338E+002, 2.5964176E+002, 2.4097839E+002, 2.2189550E+002, 1.8226246E+002, 1.5324417E+002, 1.1862933E+002, 1.0154159E+002, 8.9492194E+001, 9.4775167E+001, 1.3504102E+002, 1.9414116E+002, 2.6206880E+002, 2.7398120E+002, 3.0671064E+002, 3.0889186E+002, 3.0512494E+002, 3.2094199E+002, 3.1271970E+002, 2.9722669E+002, 2.7583300E+002, 2.5893015E+002
 1.8701044E+002, 7.9443683E+001, 7.4648999E+001, 1.2013151E+002, 1.2299274E+002, 1.0979730E+002, 1.0466078E+002, 1.0269961E+002, 1.0090410E+002, 9.9912123E+001, 1.0229098E+002, 1.1435915E+002, 1.2735825E+002, 1.4386340E+002, 1.5036477E+002, 1.5585814E+002, 1.5679606E+002, 1.5455358E+002, 1.5250188E+002, 1.4986635E+002, 1.4842018E+002, 1.4691584E+002, 1.4601854E+002, 1.4406884E+002, 1.4237857E+002, 1.3800412E+002, 1.3301830E+002, 1.2463907E+002, 1.2108231E+002, 1.1687375E+002, 1.1303052E+002, 1.0951395E+002, 1.0846210E+002, 1.0813083E+002, 1.0907255E+002, 1.1045631E+002, 1.1064303E+002, 1.1045263E+002, 1.1040292E+002, 1.1587133E+002, 1.2592304E+002, 1.4333769E+002, 1.5069207E+002, 1.5500429E+002, 1.5707181E+002, 1.6384750E+002, 1.7158248E+002, 1.8597182E+002, 1.9420578E+002, 1.9869761E+002, 1.9644451E+002, 1.9124714E+002, 1.8694410E+002, 1.7775553E+002, 1.7483181E+002, 1.7613415E+002, 1.7081038E+002, 1.5779751E+002, 1.5206051E+002, 1.4687432E+002, 1.4482348E+002, 1.4177379E+002, 1.3945900E+002, 1.3618799E+002, 1.3399883E+002, 1.2965246E+002, 1.3264782E+002, 1.7759241E+002, 2.1366443E+002, 2.2628630E+002, 2.1861951E+002, 2.0942849E+002, 2.0417763E+002, 1.9121459E+002, 1.7875146E+002, 1.5981482E+002, 1.4751537E+002, 1.3068680E+002, 1.2886293E+002, 1.5779551E+002, 1.8573939E+002, 2.1663532E+002, 2.3433193E+002, 2.5510930E+002, 2.6509084E+002, 2.6539427E+002, 2.6056453E+002, 2.4677269E+002, 2.5795504E+002, 2.5441309E+002, 2.5899952E+002, 2.5964886E+002, 2.5548764E+002, 2.4807551E+002, 2.3715251E+002, 2.5427182E+002, 2.7478092E+002, 2.7816657E+002, 2.6129865E+002, 2.5936368E+002, 2.3889018E+002, 2.5633563E+002, 2.5728934E+002, 2.9588352E+002, 2.5949181E+002, 2.3120829E+002, 2.3552302E+002, 2.3118301E+002, 2.3414562E+002, 2.4307445E+002, 2.4597444E+002, 2.5053111E+002, 2.5260754E+002, 2.5119775E+002, 2.4537167E+002, 2.3269895E+002, 2.2194481E+002, 2.0751639E+002, 2.1057027E+002, 2.1412463E+002, 2.1649250E+002, 2.2043169E+002, 2.2268364E+002, 2.1793949E+002, 2.1019107E+002, 2.0990989E+002, 2.0373895E+002, 1.7840038E+002, 1.5022442E+002, 1.3371068E+002, 1.8280553E+002, 1.6965801E+002, 1.7181232E+002, 1.7713103E+002, 1.8568826E+002, 1.9469277E+002, 1.9829130E+002, 1.9784875E+002, 1.9761985E+002, 1.9739052E+002, 1.9700294E+002, 1.9638601E+002, 1.9626490E+002, 1.9432713E+002, 1.9406250E+002, 1.9874570E+002, 1.9185391E+002, 1.7885000E+002, 1.5391090E+002, 1.7119546E+002, 1.8656843E+002, 1.8964876E+002, 1.9059010E+002, 1.9233080E+002, 1.9327480E+002, 1.9370131E+002, 1.9343702E+002, 1.9309981E+002, 1.9251232E+002, 1.9116140E+002, 1.8933426E+002, 7.3125293E+001, 9.8353832E+001, 1.2531688E+002, 1.2283884E+002, 1.1266658E+002, 1.0947134E+002, 1.0879771E+002, 1.0702928E+002, 1.1195935E+002, 1.1178017E+002, 1.1614926E+002, 1.2687005E+002, 1.4302893E+002, 1.5153203E+002, 1.5956180E+002, 1.6203789E+002, 1.5985785E+002, 1.5747145E+002, 1.5398057E+002, 1.5247985E+002, 1.5212590E+002, 1.5203124E+002, 1.5109672E+002, 1.4960787E+002, 1.4567398E+002, 1.4142090E+002, 1.3392752E+002, 1.3119756E+002, 1.2643222E+002, 1.2005698E+002, 1.1677460E+002, 1.1388404E+002, 1.0528794E+002, 1.0408966E+002, 1.0777021E+002, 1.1030181E+002, 1.1061950E+002, 1.1040142E+002, 1.1494503E+002, 1.2428744E+002, 1.4163707E+002, 1.4981764E+002, 1.5573157E+002, 1.5862253E+002, 1.6679543E+002, 1.7556199E+002, 1.9171345E+002, 2.0149979E+002, 2.0919822E+002, 2.0957032E+002, 2.0886279E+002, 2.0881961E+002, 2.0668471E+002, 2.0790256E+002, 2.1592594E+002, 2.0848296E+002, 1.7386299E+002, 1.5571867E+002, 1.3586130E+002, 1.3064636E+002, 1.3202534E+002, 1.3265349E+002, 1.2911992E+002, 1.2762215E+002, 1.2995687E+002, 1.3248837E+002, 1.5736630E+002, 1.9645372E+002, 2.3622504E+002, 2.4696634E+002, 2.4443495E+002, 2.3617702E+002, 2.1040736E+002, 1.8670826E+002, 1.6328266E+002, 1.5107880E+002, 1.2953361E+002, 1.1490816E+002, 1.0689947E+002, 1.1493368E+002, 1.3881578E+002, 1.9632215E+002, 2.5047987E+002, 2.5281168E+002, 2.7015834E+002, 2.7133661E+002, 3.0677584E+002, 3.1915445E+002, 3.1636577E+002, 3.0403314E+002, 2.7963146E+002, 2.5550002E+002, 2.5811576E+002, 2.3964900E+002
 1.8801114E+002, 7.6796990E+001, 7.5180339E+001, 1.2080803E+002, 1.1445906E+002, 1.0102211E+002, 1.0179678E+002, 9.8626765E+001, 9.9425323E+001, 1.2458661E+002, 1.3916583E+002, 1.5016432E+002, 1.5303551E+002, 1.5409072E+002, 1.5255229E+002, 1.4924240E+002, 1.4728315E+002, 1.4561648E+002, 1.4523375E+002, 1.4507904E+002, 1.4408267E+002, 1.4052364E+002, 1.3733836E+002, 1.3127095E+002, 1.2594986E+002, 1.1872022E+002, 1.1492921E+002, 1.1046133E+002, 1.0955911E+002, 1.0978264E+002, 1.0807446E+002, 1.0644279E+002, 1.0695062E+002, 1.0835565E+002, 1.0872073E+002, 1.0852406E+002, 1.0910605E+002, 1.2294079E+002, 1.3646223E+002, 1.4826527E+002, 1.5113637E+002, 1.5640095E+002, 1.6310077E+002, 1.7771509E+002, 1.8662990E+002, 1.9340439E+002, 1.9364648E+002, 1.9103347E+002, 1.8852885E+002, 1.8071417E+002, 1.7406782E+002, 1.7014783E+002, 1.7170025E+002, 1.6699914E+002, 1.5830308E+002, 1.4629256E+002, 1.4136788E+002, 1.3825870E+002, 1.3710557E+002, 1.3469751E+002, 1.3300422E+002, 1.3044010E+002, 1.2849150E+002, 1.3143592E+002, 1.5889359E+002, 2.0363358E+002, 2.1317920E+002, 2.0621737E+002, 2.0292754E+002, 1.9875009E+002, 1.9217506E+002, 1.7645839E+002, 1.6500307E+002, 1.5057403E+002, 1.4131270E+002, 1.2815544E+002, 1.2868408E+002, 1.6586027E+002, 1.9194709E+002, 2.1893692E+002, 2.3494380E+002, 2.5098092E+002, 2.5225750E+002, 2.5177729E+002, 2.5370300E+002, 2.5620524E+002, 2.6106345E+002, 2.6098309E+002, 2.5827964E+002, 2.4913539E+002, 2.4717032E+002, 2.4219872E+002, 2.2995370E+002, 2.3580992E+002, 2.4658023E+002, 2.7847276E+002, 2.9908563E+002, 2.3791174E+002, 2.4706841E+002, 2.5635536E+002, 2.1856605E+002, 2.3489344E+002, 2.6346136E+002, 2.8261495E+002, 2.8937579E+002, 2.2525849E+002, 2.1244413E+002, 2.2777278E+002, 2.3159757E+002, 2.3461189E+002, 2.3321033E+002, 2.3546609E+002, 2.3676193E+002, 2.3767474E+002, 2.3731760E+002, 2.3638108E+002, 2.3360330E+002, 2.2796783E+002, 2.1547141E+002, 1.9913673E+002, 1.9302113E+002, 2.1325740E+002, 2.1116228E+002, 2.2145947E+002, 2.2220534E+002, 2.0602085E+002, 2.0716709E+002, 1.9941916E+002, 1.8842129E+002, 1.5123386E+002, 1.4218050E+002, 1.6290533E+002, 1.5351152E+002, 1.8680003E+002, 1.9885713E+002, 1.9879866E+002, 1.9482394E+002, 1.9051394E+002, 1.9029452E+002, 1.8925034E+002, 1.8888198E+002, 1.9184153E+002, 1.9369878E+002, 1.9616605E+002, 1.9673645E+002, 1.9514135E+002, 1.9307573E+002, 1.9307124E+002, 1.8911878E+002, 1.4549327E+002, 1.8141586E+002, 1.8177260E+002, 1.8563199E+002, 1.9000012E+002, 1.9080548E+002, 1.8974875E+002, 1.8955248E+002, 1.8980029E+002, 1.8911783E+002, 1.8840134E+002, 1.8752909E+002, 7.3132971E+001, 1.0062415E+002, 1.2099421E+002, 1.1112116E+002, 1.0749774E+002, 1.0885735E+002, 1.0807471E+002, 1.0778772E+002, 1.2645792E+002, 1.4003939E+002, 1.4976839E+002, 1.5272687E+002, 1.5653837E+002, 1.5670414E+002, 1.5430091E+002, 1.5197341E+002, 1.4961393E+002, 1.4906529E+002, 1.4989566E+002, 1.4975901E+002, 1.4735455E+002, 1.4450984E+002, 1.3828583E+002, 1.3296841E+002, 1.2711539E+002, 1.2368846E+002, 1.1868698E+002, 1.1933588E+002, 1.2414555E+002, 1.2231370E+002, 1.0972182E+002, 1.0545509E+002, 1.0602241E+002, 1.0821953E+002, 1.0968370E+002, 1.1009639E+002, 1.2253309E+002, 1.3606515E+002, 1.4883511E+002, 1.5262171E+002, 1.5869217E+002, 1.6589992E+002, 1.8180065E+002, 1.9177587E+002, 2.0051879E+002, 2.0274582E+002, 2.0321265E+002, 2.0238165E+002, 1.9863583E+002, 1.9587461E+002, 2.0023834E+002, 2.0780656E+002, 2.0665326E+002, 1.9223523E+002, 1.6440070E+002, 1.4679211E+002, 1.2722223E+002, 1.2560586E+002, 1.2483092E+002, 1.2316918E+002, 1.2031446E+002, 1.2059356E+002, 1.2828695E+002, 1.4517847E+002, 1.9137438E+002, 2.1597970E+002, 2.3234803E+002, 2.3327192E+002, 2.2628109E+002, 2.1431438E+002, 1.8624659E+002, 1.6755104E+002, 1.5084009E+002, 1.4344553E+002, 1.3163581E+002, 1.2448229E+002, 1.2777543E+002, 1.4098679E+002, 1.6789468E+002, 2.1281304E+002, 2.4133141E+002, 2.4309391E+002, 2.5151814E+002, 2.5562047E+002, 2.3031033E+002, 2.3017753E+002, 3.0050201E+002, 2.9974035E+002, 2.7593471E+002, 2.5031042E+002, 2.4380590E+002, 2.4773005E+002, 2.3559192E+002, 2.4898580E+002
 1.8900862E+002, 6.7748418E+001, 9.1612263E+001, 1.1782016E+002, 1.0279208E+002, 9.9011144E+001, 9.7150317E+001, 1.2451993E+002, 1.4141686E+002, 1.4973437E+002, 1.5058732E+002, 1.4890342E+002, 1.4726096E+002, 1.4481204E+002, 1.4368642E+002, 1.4297809E+002, 1.4308148E+002, 1.4307943E+002, 1.4178734E+002, 1.3744249E+002, 1.3369344E+002, 1.2680776E+002, 1.2106382E+002, 1.1240824E+002, 1.0884629E+002, 1.0894226E+002, 1.1069520E+002, 1.1082467E+002, 1.0881966E+002, 1.0595015E+002, 1.0575532E+002, 1.0639291E+002, 1.0681222E+002, 1.0683569E+002, 1.0907071E+002, 1.2634632E+002, 1.3862584E+002, 1.4741613E+002, 1.5142633E+002, 1.6336688E+002, 1.7406431E+002, 1.8546086E+002, 1.8858175E+002, 1.8859342E+002, 1.8730905E+002, 1.8181375E+002, 1.7569026E+002, 1.6792945E+002, 1.6664996E+002, 1.6737196E+002, 1.6514949E+002, 1.5607276E+002, 1.4861501E+002, 1.4016666E+002, 1.3611477E+002, 1.3208730E+002, 1.3167065E+002, 1.3037713E+002, 1.2842770E+002, 1.2514256E+002, 1.2791233E+002, 1.6192936E+002, 1.8393121E+002, 2.0143750E+002, 2.0049619E+002, 1.9608253E+002, 1.9407108E+002, 1.8665938E+002, 1.7796689E+002, 1.6416313E+002, 1.5599724E+002, 1.4583518E+002, 1.3911334E+002, 1.2808448E+002, 1.3028078E+002, 1.6830193E+002, 1.9225095E+002, 2.1797433E+002, 2.2933449E+002, 2.3954121E+002, 2.4338968E+002, 2.4243983E+002, 2.3933660E+002, 2.3795420E+002, 2.4329006E+002, 2.4943645E+002, 2.4827087E+002, 2.3983938E+002, 2.3766868E+002, 2.3192907E+002, 2.2625768E+002, 2.2672445E+002, 2.3229842E+002, 2.4535292E+002, 2.7563842E+002, 2.6692093E+002, 2.3278951E+002, 2.3053472E+002, 2.3743561E+002, 2.3401044E+002, 2.4724880E+002, 2.5491967E+002, 2.6482018E+002, 2.8194399E+002, 2.6517435E+002, 2.6432411E+002, 2.3962133E+002, 2.3743550E+002, 2.3494223E+002, 2.3827147E+002, 2.3989193E+002, 2.4641113E+002, 2.4534635E+002, 2.3748972E+002, 2.3435826E+002, 2.3285729E+002, 2.3255322E+002, 2.3150336E+002, 2.2988818E+002, 2.2558123E+002, 2.1598477E+002, 1.9626788E+002, 2.0223884E+002, 2.1981802E+002, 2.0389321E+002, 2.1782985E+002, 2.0549965E+002, 2.0251242E+002, 1.9444417E+002, 1.8998729E+002, 1.8048080E+002, 1.5637173E+002, 1.5236659E+002, 1.7870388E+002, 1.9483032E+002, 1.8804533E+002, 1.8691522E+002, 1.8616057E+002, 1.8381215E+002, 1.8004643E+002, 1.8593010E+002, 1.9089391E+002, 1.9209618E+002, 1.9324829E+002, 1.9337367E+002, 1.9321753E+002, 1.9340570E+002, 1.9303671E+002, 1.9080549E+002, 1.9135185E+002, 1.7628744E+002, 1.7670268E+002, 1.7632280E+002, 1.8643109E+002, 1.8389860E+002, 1.8500759E+002, 1.8646491E+002, 1.8761387E+002, 1.8726309E+002, 1.8765614E+002, 1.8697324E+002, 7.3918238E+001, 1.0613902E+002, 1.1621593E+002, 1.0444412E+002, 1.0819325E+002, 1.0606430E+002, 1.3013851E+002, 1.4443268E+002, 1.5112259E+002, 1.5207320E+002, 1.5217163E+002, 1.5117239E+002, 1.4844941E+002, 1.4689118E+002, 1.4573994E+002, 1.4624765E+002, 1.4741592E+002, 1.4690902E+002, 1.4342921E+002, 1.3993438E+002, 1.3250141E+002, 1.2650575E+002, 1.1868652E+002, 1.1563029E+002, 1.1798430E+002, 1.2200586E+002, 1.2362606E+002, 1.2038921E+002, 1.1294559E+002, 1.0915405E+002, 1.0639817E+002, 1.0603924E+002, 1.0791180E+002, 1.1024710E+002, 1.2734713E+002, 1.4011009E+002, 1.5047370E+002, 1.5523258E+002, 1.6810979E+002, 1.7919326E+002, 1.9127688E+002, 1.9552055E+002, 1.9749920E+002, 1.9701786E+002, 1.9349516E+002, 1.9021122E+002, 1.8871948E+002, 1.9267653E+002, 1.9922419E+002, 1.9677458E+002, 1.8153807E+002, 1.6867664E+002, 1.5233254E+002, 1.4394036E+002, 1.3086193E+002, 1.2489273E+002, 1.2527916E+002, 1.2436008E+002, 1.2065479E+002, 1.2155626E+002, 1.5019786E+002, 1.7509832E+002, 2.0553658E+002, 2.1774590E+002, 2.2215320E+002, 2.1954558E+002, 2.0517691E+002, 1.8943121E+002, 1.6431135E+002, 1.5196698E+002, 1.4136763E+002, 1.3823074E+002, 1.3279531E+002, 1.2960518E+002, 1.4266934E+002, 1.5049375E+002, 1.8505014E+002, 2.1448975E+002, 2.3887812E+002, 2.4114847E+002, 2.4474494E+002, 2.2939688E+002, 1.9396043E+002, 1.8389380E+002, 2.1568062E+002, 2.0185832E+002, 2.4956577E+002, 2.3891759E+002, 2.2166345E+002, 2.3223310E+002, 2.3874652E+002, 2.3658245E+002, 2.5811367E+002, 2.4605618E+002
 1.9001372E+002, 4.0364464E+001, 1.0429321E+002, 1.1406293E+002, 9.1678194E+001, 1.1742700E+002, 1.3839827E+002, 1.4693393E+002, 1.4639097E+002, 1.4301525E+002, 1.4150173E+002, 1.4045861E+002, 1.4025300E+002, 1.4059264E+002, 1.4095659E+002, 1.4086375E+002, 1.3938192E+002, 1.3460478E+002, 1.3083355E+002, 1.2372184E+002, 1.1686725E+002, 1.0723681E+002, 1.0678025E+002, 1.0993545E+002, 1.1108208E+002, 1.0850696E+002, 1.0631708E+002, 1.0494255E+002, 1.0494586E+002, 1.0513273E+002, 1.0519076E+002, 1.0582509E+002, 1.1269067E+002, 1.3071383E+002, 1.4004794E+002, 1.4795422E+002, 1.5597230E+002, 1.7241583E+002, 1.8015291E+002, 1.8433790E+002, 1.8418592E+002, 1.8210490E+002, 1.7718515E+002, 1.6635735E+002, 1.6189804E+002, 1.6091528E+002, 1.6128691E+002, 1.5737034E+002, 1.5155997E+002, 1.4236791E+002, 1.3768691E+002, 1.3246520E+002, 1.2995686E+002, 1.2802470E+002, 1.2767840E+002, 1.2651460E+002, 1.2461310E+002, 1.2634855E+002, 1.4959765E+002, 1.8201549E+002, 1.9250283E+002, 1.9222604E+002, 1.9070930E+002, 1.8714285E+002, 1.8174386E+002, 1.6958047E+002, 1.6164414E+002, 1.5164865E+002, 1.4657960E+002, 1.3987170E+002, 1.3464154E+002, 1.2619044E+002, 1.3796698E+002, 1.7452064E+002, 1.9620580E+002, 2.1556485E+002, 2.2474936E+002, 2.3230774E+002, 2.3181591E+002, 2.2610260E+002, 2.2116513E+002, 2.2365787E+002, 2.2871631E+002, 2.2683279E+002, 2.1545229E+002, 1.9784397E+002, 2.2018041E+002, 2.1962724E+002, 2.1648767E+002, 2.2140781E+002, 2.2755420E+002, 2.3834390E+002, 2.5196821E+002, 2.5147901E+002, 2.3054860E+002, 2.2681398E+002, 2.3626386E+002, 2.4736526E+002, 2.3647985E+002, 2.0858777E+002, 2.2401267E+002, 2.1244322E+002, 2.0875812E+002, 2.2666041E+002, 2.3684470E+002, 2.4158893E+002, 2.1755610E+002, 2.3948641E+002, 2.4589011E+002, 2.5252453E+002, 2.5472936E+002, 2.5183498E+002, 2.4748977E+002, 2.3600689E+002, 2.2382888E+002, 2.0747715E+002, 2.0469774E+002, 2.0685172E+002, 2.0987836E+002, 2.1449517E+002, 2.1713011E+002, 2.1773304E+002, 2.1327224E+002, 1.9934939E+002, 1.7976133E+002, 2.0511452E+002, 1.9926239E+002, 1.9900030E+002, 2.0641673E+002, 1.9911173E+002, 2.0154242E+002, 1.9914243E+002, 1.7799194E+002, 1.3275573E+002, 1.5576755E+002, 1.8054505E+002, 1.7503462E+002, 1.7317074E+002, 1.7411537E+002, 1.8235904E+002, 1.8344454E+002, 1.8856388E+002, 1.9045999E+002, 1.9210445E+002, 1.9320257E+002, 1.9423928E+002, 1.9411773E+002, 1.9247758E+002, 1.9045282E+002, 1.9325443E+002, 1.9416344E+002, 1.7829967E+002, 1.6267767E+002, 1.7975075E+002, 1.7753915E+002, 1.8091370E+002, 1.8338239E+002, 1.8528197E+002, 1.8827490E+002, 1.9196754E+002, 1.9126629E+002, 4.1514375E+001, 9.9317981E+001, 1.1138862E+002, 1.0159512E+002, 1.2576673E+002, 1.4401640E+002, 1.5037431E+002, 1.4998042E+002, 1.4781666E+002, 1.4554272E+002, 1.4240443E+002, 1.4027880E+002, 1.3907141E+002, 1.3975951E+002, 1.4214909E+002, 1.4336228E+002, 1.4015188E+002, 1.3672605E+002, 1.2782730E+002, 1.2005566E+002, 1.1167337E+002, 1.1312982E+002, 1.1974187E+002, 1.2271769E+002, 1.1793895E+002, 1.1355227E+002, 1.0962637E+002, 1.0827527E+002, 1.0678916E+002, 1.0591810E+002, 1.0636445E+002, 1.1320679E+002, 1.3258960E+002, 1.4340480E+002, 1.5387146E+002, 1.6309246E+002, 1.7972351E+002, 1.8731766E+002, 1.9224858E+002, 1.9275751E+002, 1.9055930E+002, 1.8664590E+002, 1.8042045E+002, 1.8041766E+002, 1.8579576E+002, 1.8813535E+002, 1.7997336E+002, 1.7025819E+002, 1.5389807E+002, 1.4451610E+002, 1.3308693E+002, 1.2713752E+002, 1.2248771E+002, 1.2173730E+002, 1.2229376E+002, 1.2227156E+002, 1.2249634E+002, 1.4039756E+002, 1.7804289E+002, 1.9787998E+002, 2.1086164E+002, 2.1271793E+002, 2.0768631E+002, 1.9789391E+002, 1.7637167E+002, 1.6206545E+002, 1.4380510E+002, 1.3564862E+002, 1.3168432E+002, 1.3183817E+002, 1.2963648E+002, 1.3286813E+002, 1.5253064E+002, 1.6026424E+002, 1.9545926E+002, 2.1777180E+002, 2.3659357E+002, 2.4080828E+002, 2.2925743E+002, 2.0851776E+002, 1.7564554E+002, 1.7375877E+002, 1.9896215E+002, 1.9354926E+002, 1.4129862E+002, 1.4227952E+002, 2.1294678E+002, 2.1841011E+002, 2.2152073E+002, 2.1930378E+002, 2.5081908E+002, 2.6419506E+002, 2.5277571E+002, 2.5773858E+002
 1.9100067E+002, 2.2701837E+001, 9.5722219E+001, 1.0774025E+002, 1.0407704E+002, 1.4080417E+002, 1.4226706E+002, 1.3900509E+002, 1.3726233E+002, 1.3700301E+002, 1.3721539E+002, 1.3754169E+002, 1.3758455E+002, 1.3745589E+002, 1.3670709E+002, 1.3333938E+002, 1.3008486E+002, 1.2432871E+002, 1.1819896E+002, 1.0614054E+002, 1.0501837E+002, 1.0851038E+002, 1.0878025E+002, 1.0580479E+002, 1.0435706E+002, 1.0389630E+002, 1.0392652E+002, 1.0385018E+002, 1.0357319E+002, 1.0889020E+002, 1.1956173E+002, 1.3464133E+002, 1.4147964E+002, 1.5259357E+002, 1.6307934E+002, 1.7596433E+002, 1.7997275E+002, 1.8035827E+002, 1.7997943E+002, 1.7460193E+002, 1.6646783E+002, 1.5529147E+002, 1.5184065E+002, 1.5281890E+002, 1.5086555E+002, 1.4438280E+002, 1.3942232E+002, 1.3279345E+002, 1.2901289E+002, 1.2518669E+002, 1.2405657E+002, 1.2397885E+002, 1.2408103E+002, 1.2270761E+002, 1.2099856E+002, 1.4206566E+002, 1.6291104E+002, 1.8554484E+002, 1.8495104E+002, 1.8374922E+002, 1.8117274E+002, 1.7382224E+002, 1.6527229E+002, 1.5411984E+002, 1.4828271E+002, 1.4229431E+002, 1.3931958E+002, 1.3478002E+002, 1.3081231E+002, 1.2580838E+002, 1.4404422E+002, 1.7843134E+002, 1.9564226E+002, 2.1127343E+002, 2.1918005E+002, 2.2252311E+002, 2.2127010E+002, 2.1258066E+002, 2.0993231E+002, 2.1253879E+002, 2.1700625E+002, 2.0644389E+002, 1.8636828E+002, 1.6416600E+002, 1.6790045E+002, 2.0130962E+002, 2.1325350E+002, 2.1355190E+002, 2.2020492E+002, 2.3480408E+002, 2.4710833E+002, 2.4104051E+002, 2.2499488E+002, 2.2315797E+002, 2.3457584E+002, 2.4065649E+002, 2.5293204E+002, 2.3240450E+002, 1.9967860E+002, 2.0977581E+002, 2.0361667E+002, 2.1100000E+002, 2.1833007E+002, 2.3031038E+002, 2.4253456E+002, 2.4792480E+002, 2.0473737E+002, 2.4969499E+002, 2.5194457E+002, 2.5108486E+002, 2.5253921E+002, 2.5255721E+002, 2.4552620E+002, 2.3018395E+002, 2.2166052E+002, 2.2702216E+002, 2.2531711E+002, 2.1846955E+002, 2.1471281E+002, 2.1075650E+002, 2.0753877E+002, 2.0261034E+002, 2.0051613E+002, 2.0075042E+002, 2.0386071E+002, 1.9404718E+002, 1.8553634E+002, 2.0578512E+002, 2.1323526E+002, 2.0828632E+002, 2.1603108E+002, 2.1603097E+002, 2.1546858E+002, 2.0364688E+002, 1.7521988E+002, 1.5583459E+002, 1.6601123E+002, 1.5544631E+002, 1.7086693E+002, 1.7591433E+002, 1.8238594E+002, 1.8768467E+002, 1.8962495E+002, 1.9110679E+002, 1.9198814E+002, 1.9267955E+002, 1.9299857E+002, 1.9275868E+002, 1.9394262E+002, 1.9568927E+002, 1.9756356E+002, 1.9584595E+002, 1.8726776E+002, 1.6117031E+002, 1.6403238E+002, 1.7568310E+002, 1.6946876E+002, 1.8440758E+002, 1.8917707E+002, 1.9455996E+002, 1.9064159E+002, 2.1317280E+001, 5.9787254E+001, 1.0811143E+002, 1.2616343E+002, 1.4835866E+002, 1.4738046E+002, 1.4429846E+002, 1.4184995E+002, 1.3862320E+002, 1.3700384E+002, 1.3474738E+002, 1.3355677E+002, 1.3351331E+002, 1.3631278E+002, 1.3813252E+002, 1.3575170E+002, 1.2881066E+002, 1.1947569E+002, 1.0874884E+002, 1.1180012E+002, 1.1934645E+002, 1.2093192E+002, 1.1395340E+002, 1.0987289E+002, 1.0776766E+002, 1.0695441E+002, 1.0584119E+002, 1.0511347E+002, 1.0869028E+002, 1.1950494E+002, 1.3745695E+002, 1.4737125E+002, 1.6068031E+002, 1.7158995E+002, 1.8382511E+002, 1.8782199E+002, 1.8910414E+002, 1.8795580E+002, 1.8211916E+002, 1.7633114E+002, 1.7118953E+002, 1.7203239E+002, 1.7724061E+002, 1.7468743E+002, 1.5919657E+002, 1.4929042E+002, 1.3760421E+002, 1.2964372E+002, 1.1822272E+002, 1.1375901E+002, 1.1292902E+002, 1.1574090E+002, 1.1931386E+002, 1.1982396E+002, 1.3186436E+002, 1.5592444E+002, 1.8890352E+002, 2.0108663E+002, 2.0558850E+002, 2.0289709E+002, 1.9055280E+002, 1.7656151E+002, 1.5228023E+002, 1.3824501E+002, 1.2527779E+002, 1.2166085E+002, 1.2078500E+002, 1.2378935E+002, 1.2744711E+002, 1.3767683E+002, 1.5752593E+002, 1.6597395E+002, 1.9626194E+002, 2.1796789E+002, 2.3231183E+002, 2.3628315E+002, 2.1997660E+002, 1.9997205E+002, 1.7688671E+002, 1.8009837E+002, 1.9590054E+002, 1.8783977E+002, 1.4752302E+002, 1.2285873E+002, 1.5578862E+002, 1.8583941E+002, 2.0844005E+002, 2.1097632E+002, 2.3471273E+002, 2.4799770E+002, 2.4999821E+002, 2.5140786E+002, 2.5163450E+002, 2.5460024E+002
 1.9200140E+002, 2.5654873E+001, 8.9171722E+001, 1.0547525E+002, 1.1958444E+002, 1.3591880E+002, 1.3417186E+002, 1.3360150E+002, 1.3415023E+002, 1.3388843E+002, 1.3360698E+002, 1.3326740E+002, 1.3282203E+002, 1.3132076E+002, 1.2933128E+002, 1.2485943E+002, 1.2029101E+002, 1.0939558E+002, 1.0366860E+002, 1.0407825E+002, 1.0561009E+002, 1.0448558E+002, 1.0313668E+002, 1.0274501E+002, 1.0268335E+002, 1.0230982E+002, 1.0424052E+002, 1.1606162E+002, 1.2489865E+002, 1.3992336E+002, 1.4883978E+002, 1.6129533E+002, 1.6934625E+002, 1.7687897E+002, 1.7818637E+002, 1.7743182E+002, 1.7515244E+002, 1.6787251E+002, 1.5933621E+002, 1.4616287E+002, 1.4340478E+002, 1.4492949E+002, 1.4281367E+002, 1.3685319E+002, 1.3169847E+002, 1.2541980E+002, 1.2218688E+002, 1.1956586E+002, 1.1929818E+002, 1.1994976E+002, 1.2010690E+002, 1.2172434E+002, 1.3482986E+002, 1.5604248E+002, 1.7001479E+002, 1.8210678E+002, 1.8136396E+002, 1.7525496E+002, 1.7242764E+002, 1.6191535E+002, 1.5452377E+002, 1.4478094E+002, 1.3970419E+002, 1.3478535E+002, 1.3234126E+002, 1.2850444E+002, 1.2565170E+002, 1.3693793E+002, 1.5157400E+002, 1.7971781E+002, 1.9496765E+002, 2.0529092E+002, 2.1111116E+002, 2.1306265E+002, 2.0988993E+002, 2.0485307E+002, 2.0250491E+002, 2.0193194E+002, 2.0437082E+002, 1.9362647E+002, 1.7681264E+002, 1.5487695E+002, 1.6024037E+002, 1.8484547E+002, 2.0047823E+002, 2.0677531E+002, 2.1418444E+002, 2.2924471E+002, 2.3924890E+002, 2.3369572E+002, 2.2169451E+002, 2.2062763E+002, 2.3275865E+002, 2.3897088E+002, 2.4213526E+002, 2.5316449E+002, 2.2967210E+002, 1.9794298E+002, 2.1836678E+002, 2.1451625E+002, 2.1806822E+002, 2.2476930E+002, 2.2816516E+002, 2.2129971E+002, 2.1813246E+002, 2.2607319E+002, 2.4777168E+002, 2.3360430E+002, 2.3972988E+002, 2.4061705E+002, 2.4090872E+002, 2.3884311E+002, 2.3864856E+002, 2.2737171E+002, 2.2318865E+002, 2.1936434E+002, 2.2799776E+002, 2.2651892E+002, 2.2477140E+002, 2.2221067E+002, 2.2139677E+002, 2.2125706E+002, 2.2007300E+002, 2.1288956E+002, 2.0716946E+002, 1.9873333E+002, 1.9239835E+002, 1.7474823E+002, 1.9194513E+002, 2.0649896E+002, 2.2116911E+002, 2.1824282E+002, 2.2291947E+002, 2.2843234E+002, 2.2551518E+002, 2.1200111E+002, 1.9361679E+002, 1.6120429E+002, 1.4529606E+002, 1.6604794E+002, 1.7599784E+002, 1.8029851E+002, 1.8365983E+002, 1.8973516E+002, 1.9213900E+002, 1.9451713E+002, 1.9539336E+002, 1.9628786E+002, 1.9690725E+002, 1.9841124E+002, 1.9906355E+002, 2.0084923E+002, 1.9703181E+002, 1.8914306E+002, 1.7057592E+002, 1.5490990E+002, 1.5800798E+002, 1.7891591E+002, 1.9157373E+002, 1.9397430E+002, 1.8858815E+002, 2.2225317E+001, 6.9443603E+001, 1.2384172E+002, 1.4402328E+002, 1.4249101E+002, 1.3989069E+002, 1.3668435E+002, 1.3524223E+002, 1.3328719E+002, 1.3201322E+002, 1.3106757E+002, 1.3132870E+002, 1.3334718E+002, 1.3336079E+002, 1.2875850E+002, 1.2212550E+002, 1.1096153E+002, 1.0971137E+002, 1.1578419E+002, 1.1804303E+002, 1.1369923E+002, 1.0906098E+002, 1.0653205E+002, 1.0589424E+002, 1.0484531E+002, 1.0546496E+002, 1.1643453E+002, 1.2643181E+002, 1.4517862E+002, 1.5620826E+002, 1.6915559E+002, 1.7627859E+002, 1.8313790E+002, 1.8468717E+002, 1.8404912E+002, 1.8189139E+002, 1.7551940E+002, 1.6915298E+002, 1.6211111E+002, 1.6412815E+002, 1.7093847E+002, 1.6724468E+002, 1.5246445E+002, 1.3981646E+002, 1.2795059E+002, 1.2041862E+002, 1.1118643E+002, 1.0751690E+002, 1.0861559E+002, 1.1234758E+002, 1.1821752E+002, 1.2901979E+002, 1.5128345E+002, 1.6678261E+002, 1.9137114E+002, 1.9675064E+002, 1.9549766E+002, 1.9074890E+002, 1.7624142E+002, 1.6406674E+002, 1.4423291E+002, 1.3247168E+002, 1.2002483E+002, 1.1488293E+002, 1.1372060E+002, 1.1560347E+002, 1.2874546E+002, 1.4277217E+002, 1.5757703E+002, 1.7554722E+002, 1.9512307E+002, 2.1443990E+002, 2.2593575E+002, 2.2090165E+002, 2.0573806E+002, 1.9675959E+002, 1.7803610E+002, 1.7681184E+002, 1.8390682E+002, 1.8373492E+002, 1.5833392E+002, 1.3896108E+002, 1.4206758E+002, 1.6464357E+002, 1.7141738E+002, 1.6231244E+002, 2.1002540E+002, 2.3155498E+002, 2.3762704E+002, 2.3954480E+002, 2.4904622E+002, 2.5587973E+002, 2.5755590E+002, 2.5085572E+002
 1.9301135E+002, 6.3375003E+001, 1.0636154E+002, 1.1605461E+002, 1.2925338E+002, 1.3025458E+002, 1.3036560E+002, 1.3058536E+002, 1.3024188E+002, 1.2958414E+002, 1.2896611E+002, 1.2737606E+002, 1.2575823E+002, 1.2217417E+002, 1.1845786E+002, 1.0945726E+002, 1.0259834E+002, 9.9873858E+001, 1.0216820E+002, 1.0315439E+002, 1.0212954E+002, 1.0164943E+002, 1.0130691E+002, 1.0306939E+002, 1.0966527E+002, 1.2309303E+002, 1.3618384E+002, 1.5106329E+002, 1.5870000E+002, 1.7008249E+002, 1.7375998E+002, 1.7437817E+002, 1.7370667E+002, 1.7130070E+002, 1.6786325E+002, 1.5791925E+002, 1.4900752E+002, 1.3994710E+002, 1.3866434E+002, 1.3931301E+002, 1.3835757E+002, 1.2945268E+002, 1.2466797E+002, 1.1907671E+002, 1.1660253E+002, 1.1533982E+002, 1.1562928E+002, 1.1625722E+002, 1.2143697E+002, 1.3941116E+002, 1.5057694E+002, 1.7245476E+002, 1.7791486E+002, 1.7510243E+002, 1.7202594E+002, 1.6651243E+002, 1.5935452E+002, 1.5011391E+002, 1.4460276E+002, 1.3660783E+002, 1.3268649E+002, 1.2849867E+002, 1.2570223E+002, 1.2383742E+002, 1.3305300E+002, 1.5135612E+002, 1.6827729E+002, 1.9016226E+002, 1.9609217E+002, 2.0406585E+002, 2.0528082E+002, 2.0163664E+002, 1.9858084E+002, 1.9346907E+002, 1.9279587E+002, 1.9384622E+002, 1.9196052E+002, 1.7860823E+002, 1.6597787E+002, 1.5251288E+002, 1.6082733E+002, 1.8190467E+002, 1.9451688E+002, 2.0413577E+002, 2.1098857E+002, 2.2633783E+002, 2.3314143E+002, 2.2314496E+002, 2.2040742E+002, 2.2179068E+002, 2.3333723E+002, 2.3721742E+002, 2.4092872E+002, 2.4317127E+002, 2.3720620E+002, 2.2210138E+002, 2.1738575E+002, 2.2520164E+002, 2.2183926E+002, 2.2260064E+002, 2.2898299E+002, 2.1965126E+002, 1.9664451E+002, 1.8971278E+002, 1.8992240E+002, 1.9438458E+002, 2.0580470E+002, 2.2800748E+002, 2.1784675E+002, 2.3676266E+002, 2.4177310E+002, 2.4590821E+002, 2.4232793E+002, 2.4091065E+002, 2.3587604E+002, 2.2850407E+002, 2.1732657E+002, 2.1329375E+002, 2.1645695E+002, 2.2782846E+002, 2.2783119E+002, 2.2558230E+002, 2.2349559E+002, 2.2046004E+002, 2.1839258E+002, 2.1481953E+002, 2.1128913E+002, 1.9851414E+002, 1.8147571E+002, 1.6730550E+002, 2.0192424E+002, 2.2025994E+002, 2.2200307E+002, 2.2342422E+002, 2.2430463E+002, 2.2534990E+002, 2.2457405E+002, 2.2212242E+002, 2.1530703E+002, 1.8342503E+002, 1.6060217E+002, 1.6154950E+002, 1.8119701E+002, 1.9177266E+002, 1.9383985E+002, 1.9553134E+002, 1.9637271E+002, 1.9744279E+002, 1.9786512E+002, 1.9858518E+002, 1.9984319E+002, 2.0119806E+002, 1.9740785E+002, 1.9682021E+002, 1.9197738E+002, 1.8169652E+002, 1.6601573E+002, 1.5044552E+002, 1.8427050E+002, 1.9276733E+002, 1.9043684E+002, 5.6716806E+001, 1.1285549E+002, 1.3883468E+002, 1.3760169E+002, 1.3452808E+002, 1.3318034E+002, 1.3176101E+002, 1.3113575E+002, 1.3081391E+002, 1.3058790E+002, 1.2929856E+002, 1.2766715E+002, 1.2396909E+002, 1.1998097E+002, 1.1140550E+002, 1.0796752E+002, 1.1172829E+002, 1.1340368E+002, 1.1272044E+002, 1.0925310E+002, 1.0588524E+002, 1.0475377E+002, 1.0504104E+002, 1.1113163E+002, 1.2626990E+002, 1.4108110E+002, 1.5883685E+002, 1.6683325E+002, 1.7636717E+002, 1.7861332E+002, 1.7786667E+002, 1.7673544E+002, 1.7535980E+002, 1.7322498E+002, 1.6610018E+002, 1.6039089E+002, 1.5774541E+002, 1.6095443E+002, 1.6631640E+002, 1.6309841E+002, 1.4373551E+002, 1.3141798E+002, 1.2026610E+002, 1.1432547E+002, 1.0840440E+002, 1.0739402E+002, 1.1015253E+002, 1.1597546E+002, 1.3694824E+002, 1.4944669E+002, 1.7276853E+002, 1.8441360E+002, 1.8783278E+002, 1.8719894E+002, 1.8052376E+002, 1.7095518E+002, 1.5676184E+002, 1.4779329E+002, 1.3461599E+002, 1.2731289E+002, 1.1964357E+002, 1.1710461E+002, 1.1545624E+002, 1.2424493E+002, 1.4094472E+002, 1.5128998E+002, 1.7444724E+002, 1.8384526E+002, 2.0472485E+002, 2.1526522E+002, 2.1161865E+002, 2.0125456E+002, 1.8225002E+002, 1.7325707E+002, 1.7391839E+002, 1.7429105E+002, 1.7243875E+002, 1.7225377E+002, 1.5873145E+002, 1.4869780E+002, 1.4511050E+002, 1.5885268E+002, 1.8703226E+002, 1.7724547E+002, 1.7483192E+002, 1.9627248E+002, 2.2904132E+002, 2.3919027E+002, 2.4960826E+002, 2.5399481E+002, 2.4928209E+002, 2.4098031E+002, 2.3007217E+002, 2.3241570E+002
 1.9400395E+002, 1.1300883E+002, 1.1117459E+002, 1.2397722E+002, 1.2660306E+002, 1.2742230E+002, 1.2740652E+002, 1.2637947E+002, 1.2496385E+002, 1.2258859E+002, 1.2086103E+002, 1.1747126E+002, 1.1449620E+002, 1.0789507E+002, 1.0127802E+002, 9.5902376E+001, 9.8870692E+001, 1.0156211E+002, 1.0110936E+002, 1.0049325E+002, 1.0026265E+002, 1.0608474E+002, 1.1462598E+002, 1.3509997E+002, 1.4659046E+002, 1.6058415E+002, 1.6750487E+002, 1.6986396E+002, 1.6974098E+002, 1.6816478E+002, 1.6602565E+002, 1.6089580E+002, 1.5560282E+002, 1.4478021E+002, 1.3868249E+002, 1.3536951E+002, 1.3688215E+002, 1.3761262E+002, 1.3262687E+002, 1.2415000E+002, 1.1936206E+002, 1.1432328E+002, 1.1259633E+002, 1.1236515E+002, 1.1286092E+002, 1.2109309E+002, 1.3345126E+002, 1.5583902E+002, 1.6982809E+002, 1.7212160E+002, 1.7030388E+002, 1.6610307E+002, 1.6002827E+002, 1.4979067E+002, 1.4443555E+002, 1.3725169E+002, 1.3319744E+002, 1.2875785E+002, 1.2657029E+002, 1.2303154E+002, 1.2067317E+002, 1.3088330E+002, 1.4421484E+002, 1.7365687E+002, 1.8485100E+002, 1.9345066E+002, 1.9788194E+002, 1.9848591E+002, 1.9588748E+002, 1.8911841E+002, 1.8463547E+002, 1.8371992E+002, 1.8446477E+002, 1.8404867E+002, 1.7907284E+002, 1.6402921E+002, 1.5328288E+002, 1.5450261E+002, 1.6481138E+002, 1.8013600E+002, 1.8837099E+002, 1.9855031E+002, 2.0675206E+002, 2.1998875E+002, 2.1918331E+002, 2.2109125E+002, 2.2136895E+002, 2.2777964E+002, 2.3142028E+002, 2.3453832E+002, 2.3616750E+002, 2.3496468E+002, 2.2262014E+002, 2.1244526E+002, 2.1345619E+002, 2.2838876E+002, 2.3312687E+002, 2.2863619E+002, 2.2894208E+002, 2.3456700E+002, 2.2059453E+002, 1.8213312E+002, 1.8118169E+002, 1.8719317E+002, 1.9202948E+002, 1.8961128E+002, 2.0106542E+002, 2.0408701E+002, 1.8092415E+002, 2.5156328E+002, 2.6276016E+002, 2.6000113E+002, 2.5736436E+002, 2.5620916E+002, 2.5005832E+002, 2.5097004E+002, 2.5129933E+002, 2.4360948E+002, 2.3584729E+002, 2.2325237E+002, 2.2240096E+002, 2.2126937E+002, 2.2272947E+002, 2.2822612E+002, 2.2753611E+002, 2.2531835E+002, 2.2264532E+002, 2.1304026E+002, 2.0683119E+002, 1.8305089E+002, 1.4413633E+002, 2.1385047E+002, 2.1868360E+002, 2.2176743E+002, 2.2279269E+002, 2.2254691E+002, 2.2177552E+002, 2.2023525E+002, 2.1939592E+002, 2.1903558E+002, 2.1822195E+002, 1.7312823E+002, 1.7225524E+002, 1.8775176E+002, 1.9266472E+002, 1.9559650E+002, 1.9681843E+002, 1.9833171E+002, 1.9918365E+002, 1.9987301E+002, 1.9960745E+002, 2.0039893E+002, 1.9749336E+002, 1.9707716E+002, 1.9412634E+002, 1.8832330E+002, 1.8986501E+002, 1.8100946E+002, 1.6490900E+002, 1.8300138E+002, 1.9062300E+002, 1.1228542E+002, 1.3286624E+002, 1.3192071E+002, 1.3094741E+002, 1.3008376E+002, 1.2990901E+002, 1.2934057E+002, 1.2809822E+002, 1.2511560E+002, 1.2282957E+002, 1.1917532E+002, 1.1653291E+002, 1.1106403E+002, 1.0685589E+002, 1.0592710E+002, 1.0893557E+002, 1.1034674E+002, 1.0969499E+002, 1.0629462E+002, 1.0383345E+002, 1.0839773E+002, 1.1809473E+002, 1.4182682E+002, 1.5586602E+002, 1.6924734E+002, 1.7450023E+002, 1.7480717E+002, 1.7348182E+002, 1.7049687E+002, 1.6806483E+002, 1.6385348E+002, 1.6057147E+002, 1.5447170E+002, 1.5301517E+002, 1.5669318E+002, 1.6259975E+002, 1.6435391E+002, 1.5707163E+002, 1.3898755E+002, 1.2755545E+002, 1.1572104E+002, 1.1102947E+002, 1.0770255E+002, 1.0850376E+002, 1.1748769E+002, 1.3221186E+002, 1.5630066E+002, 1.7396460E+002, 1.8104517E+002, 1.8088541E+002, 1.7712347E+002, 1.7092246E+002, 1.5802701E+002, 1.4740680E+002, 1.3188835E+002, 1.2518401E+002, 1.2056006E+002, 1.1877030E+002, 1.1686783E+002, 1.1615254E+002, 1.2530321E+002, 1.3709392E+002, 1.6070740E+002, 1.7362547E+002, 1.8540661E+002, 1.9803975E+002, 2.0531402E+002, 2.0289470E+002, 1.9114830E+002, 1.7809881E+002, 1.6319708E+002, 1.6055596E+002, 1.6257277E+002, 1.6507543E+002, 1.6490055E+002, 1.6139214E+002, 1.5298907E+002, 1.4908136E+002, 1.4819992E+002, 1.5674029E+002, 1.8240934E+002, 1.8685832E+002, 1.9656573E+002, 2.0433254E+002, 2.2215311E+002, 2.3571644E+002, 2.5240873E+002, 2.4203836E+002, 2.2203194E+002, 2.1559237E+002, 2.1761578E+002, 2.2239171E+002, 2.3430413E+002, 2.4635285E+002
 1.9500028E+002, 1.1305892E+002, 1.1001839E+002, 1.2079961E+002, 1.2334499E+002, 1.2366639E+002, 1.2144620E+002, 1.1827322E+002, 1.1644478E+002, 1.1344999E+002, 1.1148751E+002, 1.0798647E+002, 1.0372086E+002, 9.2999709E+001, 9.4271678E+001, 9.9510610E+001, 1.0055913E+002, 9.9620050E+001, 9.9313361E+001, 1.0689569E+002, 1.1983316E+002, 1.4069358E+002, 1.5348446E+002, 1.6527821E+002, 1.6586574E+002, 1.6576478E+002, 1.6465545E+002, 1.6121972E+002, 1.5864065E+002, 1.5222453E+002, 1.4457007E+002, 1.3264984E+002, 1.3109278E+002, 1.3684723E+002, 1.3809383E+002, 1.3296840E+002, 1.2924575E+002, 1.2328615E+002, 1.1810985E+002, 1.1166124E+002, 1.1009520E+002, 1.0995919E+002, 1.1073843E+002, 1.2183145E+002, 1.4205908E+002, 1.6575214E+002, 1.6704967E+002, 1.6686539E+002, 1.6282990E+002, 1.5188785E+002, 1.4591235E+002, 1.3759667E+002, 1.3243560E+002, 1.2703453E+002, 1.2477391E+002, 1.2267200E+002, 1.2151305E+002, 1.1876310E+002, 1.1775501E+002, 1.3395826E+002, 1.5876758E+002, 1.7933583E+002, 1.8531760E+002, 1.9292827E+002, 1.9371444E+002, 1.8838104E+002, 1.8218350E+002, 1.7611366E+002, 1.7533578E+002, 1.7607344E+002, 1.7661498E+002, 1.7507152E+002, 1.6965731E+002, 1.5238683E+002, 1.4626931E+002, 1.5792296E+002, 1.6733800E+002, 1.7580135E+002, 1.8071526E+002, 1.9313325E+002, 2.0193275E+002, 2.0962430E+002, 2.1112746E+002, 2.1088137E+002, 2.2467801E+002, 2.2694137E+002, 2.2534340E+002, 2.2795742E+002, 2.2706580E+002, 2.1996380E+002, 2.1124668E+002, 2.0406182E+002, 2.1004471E+002, 2.2442229E+002, 2.3245522E+002, 2.3189883E+002, 2.3009925E+002, 2.3002650E+002, 2.3467554E+002, 2.1135574E+002, 1.9122684E+002, 1.8504851E+002, 1.8307103E+002, 1.7045364E+002, 1.5695009E+002, 1.4938924E+002, 2.0350130E+002, 2.3067639E+002, 1.9344237E+002, 2.4633154E+002, 2.5285198E+002, 2.5227353E+002, 2.5333863E+002, 2.4334886E+002, 2.2633526E+002, 2.0320016E+002, 2.0408075E+002, 2.1487609E+002, 2.2033309E+002, 2.2470040E+002, 2.2729793E+002, 2.3074383E+002, 2.3021241E+002, 2.2447030E+002, 2.2368989E+002, 2.2189227E+002, 2.2089380E+002, 2.2198007E+002, 2.1926679E+002, 2.0832154E+002, 1.9484694E+002, 2.0725387E+002, 2.1764461E+002, 2.2136364E+002, 2.2209355E+002, 2.2207585E+002, 2.2256588E+002, 2.2538548E+002, 2.2471665E+002, 2.2023317E+002, 2.1594719E+002, 2.0881260E+002, 1.7756180E+002, 1.6672845E+002, 1.8715272E+002, 1.9448636E+002, 1.9618868E+002, 1.9705348E+002, 1.9732333E+002, 1.9761222E+002, 1.9789354E+002, 1.9850998E+002, 1.9839435E+002, 1.9669987E+002, 1.9557458E+002, 1.9143911E+002, 1.8582268E+002, 1.8292346E+002, 1.9059393E+002, 1.8280504E+002, 1.7758201E+002, 7.9220500E+001, 1.2862153E+002, 1.2790040E+002, 1.2887046E+002, 1.2732551E+002, 1.2486885E+002, 1.2126533E+002, 1.1918872E+002, 1.1628050E+002, 1.1451045E+002, 1.1167015E+002, 1.0857470E+002, 1.0141824E+002, 1.0224716E+002, 1.0810871E+002, 1.1017673E+002, 1.0818193E+002, 1.0446838E+002, 1.0847616E+002, 1.2406603E+002, 1.5211785E+002, 1.6396659E+002, 1.7246729E+002, 1.7287460E+002, 1.7068659E+002, 1.6800588E+002, 1.6377391E+002, 1.6102713E+002, 1.5514828E+002, 1.4966518E+002, 1.4584068E+002, 1.5031704E+002, 1.6232516E+002, 1.6444478E+002, 1.5628249E+002, 1.4793616E+002, 1.3688340E+002, 1.2926564E+002, 1.1741349E+002, 1.1086352E+002, 1.0787480E+002, 1.0851732E+002, 1.1978332E+002, 1.4059264E+002, 1.7260450E+002, 1.7790681E+002, 1.7752221E+002, 1.7296552E+002, 1.6329751E+002, 1.5582988E+002, 1.4002771E+002, 1.2832144E+002, 1.1596785E+002, 1.1183219E+002, 1.0940394E+002, 1.1053980E+002, 1.1253633E+002, 1.1397562E+002, 1.2692164E+002, 1.4774014E+002, 1.7024643E+002, 1.7788401E+002, 1.9601772E+002, 2.0082445E+002, 1.9485313E+002, 1.8388885E+002, 1.6698114E+002, 1.5878448E+002, 1.5290578E+002, 1.5154957E+002, 1.5094556E+002, 1.5431505E+002, 1.5751255E+002, 1.5446824E+002, 1.5102565E+002, 1.4846015E+002, 1.4875010E+002, 1.5058194E+002, 1.7012487E+002, 1.8519238E+002, 1.8579545E+002, 2.0407876E+002, 2.1818392E+002, 2.2937776E+002, 2.4440518E+002, 2.3748268E+002, 1.9547276E+002, 1.9247616E+002, 2.0998456E+002, 2.0918017E+002, 2.3130144E+002, 2.4108447E+002, 2.5073738E+002, 2.6718312E+002
 1.9600901E+002, 1.0347186E+002, 1.0694109E+002, 1.1382040E+002, 1.1915015E+002, 1.1429994E+002, 1.1233396E+002, 1.0986234E+002, 1.0853894E+002, 1.0631083E+002, 1.0395484E+002, 9.6295073E+001, 9.1585198E+001, 9.6801052E+001, 9.8831626E+001, 9.8980852E+001, 1.0162198E+002, 1.1531424E+002, 1.2887257E+002, 1.4843952E+002, 1.5827229E+002, 1.6340134E+002, 1.6241675E+002, 1.6049267E+002, 1.5887986E+002, 1.5549038E+002, 1.5256251E+002, 1.4441496E+002, 1.3465666E+002, 1.2571720E+002, 1.2984819E+002, 1.3512892E+002, 1.3293500E+002, 1.2804337E+002, 1.2523155E+002, 1.2028583E+002, 1.1670149E+002, 1.1125502E+002, 1.0867964E+002, 1.0809926E+002, 1.0933178E+002, 1.3099663E+002, 1.5099541E+002, 1.6288769E+002, 1.6274017E+002, 1.5893509E+002, 1.5317599E+002, 1.4329767E+002, 1.3727214E+002, 1.2848265E+002, 1.2387920E+002, 1.1991163E+002, 1.1848294E+002, 1.1720817E+002, 1.1618576E+002, 1.1654821E+002, 1.2713454E+002, 1.5296087E+002, 1.6877382E+002, 1.8047980E+002, 1.8535276E+002, 1.8726528E+002, 1.8412140E+002, 1.7582620E+002, 1.7100305E+002, 1.6798826E+002, 1.6792006E+002, 1.6831646E+002, 1.6769779E+002, 1.6290845E+002, 1.5644910E+002, 1.4695967E+002, 1.4840117E+002, 1.5952662E+002, 1.6561155E+002, 1.7243857E+002, 1.7845832E+002, 1.9015489E+002, 1.9667183E+002, 2.0117115E+002, 2.0323165E+002, 2.1185214E+002, 2.1884599E+002, 2.2185361E+002, 2.1846403E+002, 2.1526771E+002, 2.1360639E+002, 2.0715041E+002, 2.0008702E+002, 2.0548016E+002, 2.1158649E+002, 2.2024474E+002, 2.2727967E+002, 2.2812925E+002, 2.2768093E+002, 2.2676896E+002, 2.2629918E+002, 2.1511309E+002, 2.3757539E+002, 2.6996785E+002, 2.5001540E+002, 2.0432838E+002, 1.6362760E+002, 1.5139651E+002, 1.6342708E+002, 1.7486755E+002, 2.1802698E+002, 2.2248434E+002, 2.3477414E+002, 1.9906774E+002, 2.3830006E+002, 2.5369106E+002, 2.5582622E+002, 2.5300087E+002, 2.4232366E+002, 2.1539951E+002, 2.0255304E+002, 1.9458072E+002, 1.9842544E+002, 2.0343112E+002, 2.0444726E+002, 2.0689656E+002, 2.0876837E+002, 2.1124273E+002, 2.1173697E+002, 2.1099824E+002, 2.1255108E+002, 2.1556732E+002, 2.1017314E+002, 2.0276196E+002, 2.1358845E+002, 2.0271368E+002, 2.1459640E+002, 2.1751877E+002, 2.1777966E+002, 2.1813911E+002, 2.1926135E+002, 2.2226382E+002, 2.2361090E+002, 2.2696497E+002, 2.2751376E+002, 2.2466734E+002, 2.1925803E+002, 1.9633471E+002, 1.7813444E+002, 1.8535502E+002, 1.9164660E+002, 1.9335167E+002, 1.9402592E+002, 1.9437309E+002, 1.9439793E+002, 1.9433363E+002, 1.9442200E+002, 1.9392196E+002, 1.9326245E+002, 1.9236745E+002, 1.9195016E+002, 1.8928706E+002, 1.8231736E+002, 1.8191984E+002, 1.9069408E+002, 6.6501413E+001, 1.2405913E+002, 1.2466007E+002, 1.2269660E+002, 1.1751659E+002, 1.1540780E+002, 1.1371241E+002, 1.1365730E+002, 1.1206075E+002, 1.0926903E+002, 1.0258904E+002, 9.8792231E+001, 1.0439127E+002, 1.0839443E+002, 1.0743873E+002, 1.0567787E+002, 1.1776917E+002, 1.3429849E+002, 1.5840352E+002, 1.6652064E+002, 1.7009134E+002, 1.6910561E+002, 1.6545200E+002, 1.6247274E+002, 1.5730412E+002, 1.5345187E+002, 1.4646378E+002, 1.4130224E+002, 1.4422937E+002, 1.5256335E+002, 1.5866255E+002, 1.5301364E+002, 1.4127509E+002, 1.3418762E+002, 1.2513954E+002, 1.2143373E+002, 1.1734214E+002, 1.1362027E+002, 1.0847955E+002, 1.0880153E+002, 1.3006368E+002, 1.5337221E+002, 1.7310467E+002, 1.7436425E+002, 1.6886276E+002, 1.6315974E+002, 1.5346274E+002, 1.4486666E+002, 1.2917815E+002, 1.1992390E+002, 1.1053552E+002, 1.0765090E+002, 1.0649713E+002, 1.0798045E+002, 1.1171608E+002, 1.2004690E+002, 1.4178923E+002, 1.5677937E+002, 1.7334275E+002, 1.8380205E+002, 1.9392042E+002, 1.9262760E+002, 1.8074003E+002, 1.6999438E+002, 1.5517708E+002, 1.4950295E+002, 1.4670922E+002, 1.4408942E+002, 1.4138901E+002, 1.4413217E+002, 1.4804350E+002, 1.5030607E+002, 1.5091980E+002, 1.4901514E+002, 1.4965525E+002, 1.5083799E+002, 1.6124620E+002, 1.7641655E+002, 1.8844070E+002, 1.9695364E+002, 2.1555932E+002, 2.2119607E+002, 2.2791886E+002, 2.3502638E+002, 2.0449701E+002, 1.8698621E+002, 2.1092699E+002, 2.1986710E+002, 2.2814950E+002, 2.3799804E+002, 2.5178990E+002, 2.6414807E+002, 2.4283886E+002, 2.1156471E+002
 1.9700259E+002, 9.0396673E+001, 1.0456216E+002, 1.0898989E+002, 1.1086265E+002, 1.0607667E+002, 1.0565935E+002, 1.0425992E+002, 1.0234712E+002, 9.6698521E+001, 9.2144544E+001, 9.4205936E+001, 9.6144651E+001, 1.0098727E+002, 1.0923311E+002, 1.2896278E+002, 1.4201974E+002, 1.5608282E+002, 1.6063589E+002, 1.6088132E+002, 1.5865804E+002, 1.5536872E+002, 1.5343998E+002, 1.4985347E+002, 1.4670702E+002, 1.3750672E+002, 1.2676901E+002, 1.2246444E+002, 1.2736309E+002, 1.2950717E+002, 1.2631889E+002, 1.2105545E+002, 1.1803020E+002, 1.1398244E+002, 1.1178784E+002, 1.0901098E+002, 1.0770026E+002, 1.0664999E+002, 1.1197691E+002, 1.3942652E+002, 1.5418753E+002, 1.5955473E+002, 1.5722705E+002, 1.5027598E+002, 1.4499520E+002, 1.3706897E+002, 1.3155128E+002, 1.2320422E+002, 1.1891759E+002, 1.1527019E+002, 1.1426502E+002, 1.1292727E+002, 1.1212828E+002, 1.3095249E+002, 1.4771311E+002, 1.6857149E+002, 1.7558622E+002, 1.8078424E+002, 1.8154715E+002, 1.7826210E+002, 1.7387045E+002, 1.6647515E+002, 1.6309821E+002, 1.6128361E+002, 1.6119328E+002, 1.6051595E+002, 1.5806315E+002, 1.5102505E+002, 1.4588329E+002, 1.4625888E+002, 1.5164774E+002, 1.5998373E+002, 1.6412191E+002, 1.7122140E+002, 1.7686788E+002, 1.8660856E+002, 1.9103173E+002, 1.9519014E+002, 2.0154567E+002, 2.1092030E+002, 2.1437298E+002, 2.1500401E+002, 2.1465925E+002, 2.0759154E+002, 2.0435212E+002, 2.0048610E+002, 1.9889298E+002, 2.0009399E+002, 2.0352894E+002, 2.1239344E+002, 2.1181880E+002, 2.1548516E+002, 2.1827345E+002, 2.2207362E+002, 2.2181161E+002, 2.1907200E+002, 2.2191320E+002, 2.4569947E+002, 2.5887991E+002, 2.3765405E+002, 2.2915816E+002, 1.7458371E+002, 1.6712338E+002, 1.7435146E+002, 1.9563896E+002, 2.1112034E+002, 2.2949631E+002, 2.3636373E+002, 2.2480610E+002, 2.1779057E+002, 2.0266556E+002, 2.4331055E+002, 2.4379215E+002, 2.3575926E+002, 2.2794576E+002, 2.2319341E+002, 2.1784816E+002, 2.0928889E+002, 2.0348232E+002, 2.0271983E+002, 2.0640229E+002, 2.1053322E+002, 2.1235854E+002, 2.1429397E+002, 2.1487054E+002, 2.1411433E+002, 2.0918786E+002, 1.9919951E+002, 1.9809402E+002, 1.8539295E+002, 1.8660155E+002, 2.0751944E+002, 2.1074717E+002, 2.1323895E+002, 2.1421784E+002, 2.1515418E+002, 2.1526386E+002, 2.1482921E+002, 2.1545916E+002, 2.1852960E+002, 2.1845506E+002, 2.2018499E+002, 2.2152362E+002, 2.2312718E+002, 2.2169887E+002, 1.9742447E+002, 1.7669321E+002, 1.8540306E+002, 1.8840436E+002, 1.9024064E+002, 1.9065653E+002, 1.9056377E+002, 1.9039113E+002, 1.9022238E+002, 1.9026805E+002, 1.8966308E+002, 1.8986094E+002, 1.8965477E+002, 1.8895708E+002, 1.8671187E+002, 1.8008356E+002, 7.1515927E+001, 1.2028521E+002, 1.1716670E+002, 1.1259013E+002, 1.1060224E+002, 1.1184102E+002, 1.1286739E+002, 1.1258431E+002, 1.0475450E+002, 9.8924527E+001, 1.0124272E+002, 1.0460749E+002, 1.0579099E+002, 1.1106622E+002, 1.3116062E+002, 1.4579133E+002, 1.5967594E+002, 1.6452298E+002, 1.6646388E+002, 1.6465431E+002, 1.6033976E+002, 1.5682737E+002, 1.5040294E+002, 1.4627567E+002, 1.3989509E+002, 1.3583252E+002, 1.4164065E+002, 1.4882874E+002, 1.4867526E+002, 1.3949997E+002, 1.2745957E+002, 1.2149399E+002, 1.1481805E+002, 1.1275021E+002, 1.1155731E+002, 1.1098484E+002, 1.0937697E+002, 1.1157838E+002, 1.4132356E+002, 1.5991838E+002, 1.7018597E+002, 1.6767504E+002, 1.5985916E+002, 1.5432895E+002, 1.4533271E+002, 1.3827991E+002, 1.2560167E+002, 1.1753246E+002, 1.1022423E+002, 1.0766890E+002, 1.0754058E+002, 1.0891558E+002, 1.2478777E+002, 1.4027959E+002, 1.5967487E+002, 1.6776909E+002, 1.7368038E+002, 1.7648893E+002, 1.7937274E+002, 1.7783952E+002, 1.6980621E+002, 1.6158805E+002, 1.5078969E+002, 1.4721505E+002, 1.4262784E+002, 1.4018257E+002, 1.3960653E+002, 1.4005906E+002, 1.4428807E+002, 1.4755440E+002, 1.4950049E+002, 1.4979947E+002, 1.4992572E+002, 1.4936790E+002, 1.5768534E+002, 1.7286015E+002, 1.9113871E+002, 2.0110313E+002, 2.1400577E+002, 2.1563599E+002, 2.0943247E+002, 2.1361701E+002, 2.0879791E+002, 1.9462202E+002, 1.8601926E+002, 2.0585321E+002, 2.2719282E+002, 2.3512786E+002, 2.5592731E+002, 2.5160574E+002, 1.8255662E+002, 1.4026166E+002, 1.6925847E+002, 2.1008431E+002
 1.9800212E+002, 6.2615958E+001, 1.0284388E+002, 1.0508989E+002, 1.0099967E+002, 1.0119873E+002, 1.0095876E+002, 9.6279406E+001, 9.2944708E+001, 9.2640772E+001, 9.6262779E+001, 1.0955904E+002, 1.2247632E+002, 1.4091875E+002, 1.4961168E+002, 1.5677788E+002, 1.5848972E+002, 1.5771541E+002, 1.5534207E+002, 1.5102703E+002, 1.4862917E+002, 1.4521499E+002, 1.4226468E+002, 1.3256726E+002, 1.2296333E+002, 1.1955817E+002, 1.2251345E+002, 1.2374623E+002, 1.2064522E+002, 1.1544141E+002, 1.1275176E+002, 1.0968119E+002, 1.0823767E+002, 1.0661692E+002, 1.0583538E+002, 1.1315711E+002, 1.2642350E+002, 1.4509037E+002, 1.5504393E+002, 1.5542421E+002, 1.5163064E+002, 1.4384825E+002, 1.3900946E+002, 1.3235332E+002, 1.2772169E+002, 1.2053055E+002, 1.1646448E+002, 1.1275519E+002, 1.1146669E+002, 1.1003839E+002, 1.1854289E+002, 1.4267598E+002, 1.5861287E+002, 1.7180910E+002, 1.7386201E+002, 1.7315978E+002, 1.7042563E+002, 1.6526915E+002, 1.6214231E+002, 1.5844801E+002, 1.5679483E+002, 1.5570611E+002, 1.5539007E+002, 1.5319067E+002, 1.5014050E+002, 1.4403817E+002, 1.4215785E+002, 1.4700955E+002, 1.5196590E+002, 1.5930975E+002, 1.6316519E+002, 1.6956499E+002, 1.7425340E+002, 1.8102714E+002, 1.8563510E+002, 1.9401293E+002, 1.9974137E+002, 2.0635091E+002, 2.0770183E+002, 2.0701176E+002, 2.0574887E+002, 2.0162018E+002, 1.9704129E+002, 1.9484195E+002, 1.9619762E+002, 1.9205866E+002, 2.0543018E+002, 2.0455126E+002, 1.9577390E+002, 1.9388706E+002, 2.0641122E+002, 2.1397657E+002, 2.1583964E+002, 2.1323905E+002, 2.2171895E+002, 2.3986607E+002, 2.4772685E+002, 2.5229603E+002, 2.4516105E+002, 2.3437623E+002, 2.2578081E+002, 2.0505144E+002, 1.9080275E+002, 2.1761327E+002, 2.3187954E+002, 2.4854583E+002, 2.5620276E+002, 2.5507401E+002, 2.5101298E+002, 2.0617779E+002, 2.1037596E+002, 1.8746516E+002, 2.2788807E+002, 2.2220312E+002, 2.3089784E+002, 2.3293748E+002, 2.3304257E+002, 2.2839597E+002, 2.2422638E+002, 2.1475599E+002, 2.0849306E+002, 2.0312485E+002, 2.0172280E+002, 2.0096120E+002, 2.0087251E+002, 2.0109041E+002, 2.0234995E+002, 2.0467767E+002, 2.0522343E+002, 2.0398201E+002, 1.9665726E+002, 1.8445724E+002, 1.9226216E+002, 2.0888922E+002, 2.1097536E+002, 2.1170061E+002, 2.1159063E+002, 2.1186704E+002, 2.1271696E+002, 2.1246225E+002, 2.1128566E+002, 2.1104976E+002, 2.1152937E+002, 2.1247268E+002, 2.1352581E+002, 2.1557260E+002, 2.1496246E+002, 1.7951420E+002, 1.7818742E+002, 1.8402963E+002, 1.8549142E+002, 1.8608720E+002, 1.8646285E+002, 1.8684306E+002, 1.8695572E+002, 1.8708463E+002, 1.8720919E+002, 1.8705149E+002, 1.8717019E+002, 1.8698907E+002, 1.8598851E+002, 5.5407708E+001, 1.1810300E+002, 1.0917379E+002, 1.0659012E+002, 1.0916420E+002, 1.1109250E+002, 1.0676732E+002, 1.0155587E+002, 9.9138442E+001, 1.0135891E+002, 1.1225876E+002, 1.2373900E+002, 1.4050413E+002, 1.4855033E+002, 1.5211588E+002, 1.5553087E+002, 1.6098013E+002, 1.6032332E+002, 1.5591433E+002, 1.5202650E+002, 1.4541141E+002, 1.4180224E+002, 1.3503063E+002, 1.3224917E+002, 1.3693135E+002, 1.4137437E+002, 1.4055359E+002, 1.3475435E+002, 1.2207562E+002, 1.1596646E+002, 1.1088948E+002, 1.0969657E+002, 1.0915340E+002, 1.0870352E+002, 1.1312858E+002, 1.2691948E+002, 1.4724157E+002, 1.6006021E+002, 1.6362526E+002, 1.6057301E+002, 1.5291371E+002, 1.4753387E+002, 1.3959364E+002, 1.3374954E+002, 1.2477953E+002, 1.1874541E+002, 1.1108892E+002, 1.0889326E+002, 1.0775611E+002, 1.1479924E+002, 1.3877600E+002, 1.5383656E+002, 1.6841396E+002, 1.7073803E+002, 1.6936192E+002, 1.6515331E+002, 1.5702698E+002, 1.5295912E+002, 1.5042217E+002, 1.4932441E+002, 1.4651260E+002, 1.4395394E+002, 1.4112598E+002, 1.3942001E+002, 1.3771555E+002, 1.3889705E+002, 1.4430782E+002, 1.4686003E+002, 1.4903560E+002, 1.4955014E+002, 1.4813627E+002, 1.4712035E+002, 1.5548370E+002, 1.6873296E+002, 1.9155210E+002, 2.0258896E+002, 2.0853329E+002, 2.0530122E+002, 1.9839023E+002, 1.9554492E+002, 1.9924145E+002, 1.9754380E+002, 1.9086386E+002, 1.9580707E+002, 2.1740150E+002, 2.3974927E+002, 2.5663044E+002, 2.4722506E+002, 1.9892770E+002, 1.6019345E+002, 1.6675831E+002, 1.8688302E+002, 2.1973216E+002, 2.4334978E+002
 1.9900118E+002, 2.9030331E+001, 9.7606146E+001, 1.0422646E+002, 9.3338970E+001, 9.4997086E+001, 9.1813477E+001, 9.3426078E+001, 1.0337586E+002, 1.2428301E+002, 1.3771894E+002, 1.4935873E+002, 1.5237551E+002, 1.5361385E+002, 1.5387093E+002, 1.5331293E+002, 1.5146603E+002, 1.4706521E+002, 1.4439808E+002, 1.4127776E+002, 1.3906175E+002, 1.3121219E+002, 1.2083609E+002, 1.1395073E+002, 1.1694477E+002, 1.1852948E+002, 1.1603714E+002, 1.1182855E+002, 1.0922985E+002, 1.0686056E+002, 1.0587945E+002, 1.0451552E+002, 1.0756297E+002, 1.2575096E+002, 1.3836595E+002, 1.5298019E+002, 1.5343444E+002, 1.4956772E+002, 1.4473145E+002, 1.3727447E+002, 1.3327392E+002, 1.2821874E+002, 1.2424011E+002, 1.1815982E+002, 1.1442977E+002, 1.1059431E+002, 1.0916778E+002, 1.1012814E+002, 1.2402721E+002, 1.5067296E+002, 1.6472789E+002, 1.6902403E+002, 1.6808305E+002, 1.6262193E+002, 1.5842869E+002, 1.5344048E+002, 1.5128801E+002, 1.4976810E+002, 1.4950668E+002, 1.4932944E+002, 1.4859232E+002, 1.4609405E+002, 1.4320106E+002, 1.3921675E+002, 1.3992669E+002, 1.4656485E+002, 1.5232412E+002, 1.5814487E+002, 1.6189958E+002, 1.6755696E+002, 1.7135026E+002, 1.7873149E+002, 1.8497652E+002, 1.9417261E+002, 1.9888523E+002, 2.0088064E+002, 1.9985099E+002, 1.9788036E+002, 1.9660274E+002, 1.9307756E+002, 1.9048495E+002, 1.8709487E+002, 1.9030546E+002, 2.0172577E+002, 2.0228309E+002, 2.0912331E+002, 1.9961297E+002, 1.7431439E+002, 1.9106507E+002, 2.0560536E+002, 2.0640920E+002, 2.0890933E+002, 2.2997787E+002, 2.4050753E+002, 2.4584618E+002, 2.3741831E+002, 2.3092136E+002, 2.2429316E+002, 2.1600356E+002, 2.1275401E+002, 2.0636503E+002, 2.1995908E+002, 2.3598550E+002, 2.4342458E+002, 2.4525939E+002, 2.3533195E+002, 2.4350864E+002, 2.3001108E+002, 2.2142861E+002, 2.1242097E+002, 2.1422931E+002, 1.8679553E+002, 2.0371184E+002, 2.1627582E+002, 2.2833277E+002, 2.3156748E+002, 2.3095203E+002, 2.2957324E+002, 2.2949959E+002, 2.3082205E+002, 2.3079325E+002, 2.2820709E+002, 2.2565060E+002, 2.2197787E+002, 2.1941769E+002, 2.1501659E+002, 2.1153489E+002, 2.0651821E+002, 2.0220121E+002, 1.9445346E+002, 1.9245507E+002, 1.9121975E+002, 1.8604759E+002, 1.8565038E+002, 2.0492419E+002, 2.0868344E+002, 2.0955117E+002, 2.0988646E+002, 2.0986472E+002, 2.1023525E+002, 2.0971196E+002, 2.0918982E+002, 2.0996539E+002, 2.1038985E+002, 2.0946064E+002, 2.0765336E+002, 2.0756606E+002, 2.0850667E+002, 1.9840728E+002, 1.7400160E+002, 1.7670185E+002, 1.8048901E+002, 1.8459225E+002, 1.8904767E+002, 1.9094862E+002, 1.9303125E+002, 1.9278951E+002, 1.9092987E+002, 1.8765086E+002, 1.8414202E+002, 1.8334746E+002, 2.5174906E+001, 9.5975966E+001, 1.0297028E+002, 1.0265536E+002, 1.0306845E+002, 9.9087751E+001, 9.8352009E+001, 1.0614291E+002, 1.2488073E+002, 1.3706159E+002, 1.4745543E+002, 1.4736430E+002, 1.4539831E+002, 1.4568677E+002, 1.5105345E+002, 1.5433197E+002, 1.5184117E+002, 1.4804311E+002, 1.4197906E+002, 1.3883589E+002, 1.3236316E+002, 1.2818859E+002, 1.2918323E+002, 1.3278820E+002, 1.3334641E+002, 1.3150879E+002, 1.2432180E+002, 1.1676412E+002, 1.0907143E+002, 1.0824067E+002, 1.0773832E+002, 1.0918189E+002, 1.2660999E+002, 1.3892871E+002, 1.5583929E+002, 1.5712932E+002, 1.5512906E+002, 1.5214621E+002, 1.4537476E+002, 1.4093718E+002, 1.3415868E+002, 1.2947736E+002, 1.2240992E+002, 1.1781795E+002, 1.1151431E+002, 1.0883948E+002, 1.0869807E+002, 1.2121821E+002, 1.4763061E+002, 1.6345944E+002, 1.6959424E+002, 1.6863693E+002, 1.6162463E+002, 1.5542485E+002, 1.4612004E+002, 1.4028825E+002, 1.3349302E+002, 1.3127990E+002, 1.3133856E+002, 1.3189412E+002, 1.3234598E+002, 1.3338971E+002, 1.3579229E+002, 1.3871978E+002, 1.4446733E+002, 1.4789218E+002, 1.4994871E+002, 1.5108993E+002, 1.5160524E+002, 1.5175701E+002, 1.6045884E+002, 1.7350227E+002, 1.9388746E+002, 2.0234535E+002, 2.0284631E+002, 1.9599270E+002, 1.8509201E+002, 1.8422454E+002, 1.8832922E+002, 1.9120131E+002, 1.9232706E+002, 1.9797147E+002, 2.1934999E+002, 2.3171483E+002, 2.3303098E+002, 2.1361455E+002, 1.7733003E+002, 1.6765655E+002, 2.0041638E+002, 2.1594298E+002, 2.3616743E+002, 2.5852226E+002, 2.6203485E+002, 2.5789945E+002
 2.0001174E+002, 2.0828931E+001, 6.8655813E+001, 1.0496211E+002, 9.1932363E+001, 8.8671761E+001, 1.0436513E+002, 1.3355844E+002, 1.4500241E+002, 1.4840595E+002, 1.4842213E+002, 1.4829137E+002, 1.4841984E+002, 1.4813202E+002, 1.4689960E+002, 1.4329842E+002, 1.4060408E+002, 1.3803682E+002, 1.3657535E+002, 1.3228594E+002, 1.2462790E+002, 1.1041021E+002, 1.0944446E+002, 1.1408675E+002, 1.1407868E+002, 1.1204906E+002, 1.0897144E+002, 1.0528095E+002, 1.0435129E+002, 1.0359072E+002, 1.1042240E+002, 1.2990149E+002, 1.4586772E+002, 1.4972234E+002, 1.4792420E+002, 1.4255732E+002, 1.3786822E+002, 1.3148199E+002, 1.2844493E+002, 1.2436726E+002, 1.2114947E+002, 1.1637154E+002, 1.1329913E+002, 1.0929709E+002, 1.0746521E+002, 1.1043106E+002, 1.2245035E+002, 1.5241663E+002, 1.6318401E+002, 1.6454436E+002, 1.6197683E+002, 1.5541958E+002, 1.5123243E+002, 1.4639778E+002, 1.4447803E+002, 1.4323540E+002, 1.4288590E+002, 1.4198179E+002, 1.4086286E+002, 1.3823928E+002, 1.3655302E+002, 1.3600132E+002, 1.3833898E+002, 1.4568954E+002, 1.5102284E+002, 1.5575103E+002, 1.5898970E+002, 1.6389111E+002, 1.6780304E+002, 1.7668555E+002, 1.8411995E+002, 1.9304331E+002, 1.9508784E+002, 1.9333744E+002, 1.9114679E+002, 1.8883248E+002, 1.8784002E+002, 1.8594897E+002, 1.8391990E+002, 1.8899227E+002, 1.9406494E+002, 2.0356244E+002, 2.0782430E+002, 1.9802108E+002, 1.8845202E+002, 1.6960547E+002, 1.6766199E+002, 1.9403338E+002, 2.0124808E+002, 1.9648498E+002, 2.1259336E+002, 2.3728298E+002, 2.2748492E+002, 2.2225261E+002, 2.2018239E+002, 2.1812921E+002, 2.1766274E+002, 2.1692857E+002, 2.1478701E+002, 2.2690467E+002, 2.3401062E+002, 2.4037215E+002, 2.4108305E+002, 2.4148117E+002, 2.4114571E+002, 2.3582105E+002, 1.9958175E+002, 2.0726995E+002, 2.2067388E+002, 2.2699611E+002, 2.2342538E+002, 2.1614378E+002, 1.9460797E+002, 1.9735707E+002, 2.1287021E+002, 2.2068700E+002, 2.2537011E+002, 2.2761522E+002, 2.2746964E+002, 2.2240690E+002, 2.2254057E+002, 2.2453729E+002, 2.2637982E+002, 2.2816801E+002, 2.2833719E+002, 2.2780026E+002, 2.2670169E+002, 2.2285896E+002, 2.2009561E+002, 2.1556822E+002, 2.1001803E+002, 1.9486728E+002, 1.8647810E+002, 1.6768486E+002, 1.9303982E+002, 1.9937465E+002, 2.0300610E+002, 2.0933042E+002, 2.1271118E+002, 2.1538678E+002, 2.1632344E+002, 2.1504083E+002, 2.1210025E+002, 2.0854820E+002, 2.0792301E+002, 2.0819630E+002, 2.0714691E+002, 2.0433718E+002, 2.0396540E+002, 2.0119068E+002, 1.8627249E+002, 1.7239320E+002, 1.8470266E+002, 1.9317065E+002, 1.9488646E+002, 1.9613613E+002, 1.9617078E+002, 1.9643602E+002, 1.9546099E+002, 1.9380377E+002, 1.8860169E+002, 2.0392149E+001, 4.6151841E+001, 1.0353516E+002, 9.8495006E+001, 9.3384569E+001, 1.0770510E+002, 1.3378405E+002, 1.4551457E+002, 1.4673627E+002, 1.4432854E+002, 1.4042231E+002, 1.3959040E+002, 1.4247044E+002, 1.4590290E+002, 1.4765541E+002, 1.4434975E+002, 1.4016839E+002, 1.3784030E+002, 1.3273286E+002, 1.2760574E+002, 1.2178433E+002, 1.2342064E+002, 1.2742247E+002, 1.3052414E+002, 1.2940010E+002, 1.2284644E+002, 1.1138899E+002, 1.0750045E+002, 1.0683036E+002, 1.1239821E+002, 1.3047100E+002, 1.4769547E+002, 1.5333915E+002, 1.5148762E+002, 1.4735339E+002, 1.4450572E+002, 1.3924320E+002, 1.3513794E+002, 1.2877109E+002, 1.2503513E+002, 1.2026660E+002, 1.1696727E+002, 1.1197419E+002, 1.0919370E+002, 1.0946525E+002, 1.2035204E+002, 1.4966013E+002, 1.6464334E+002, 1.6749176E+002, 1.6481280E+002, 1.5696771E+002, 1.5106965E+002, 1.4326915E+002, 1.3900768E+002, 1.3290584E+002, 1.2946364E+002, 1.2501228E+002, 1.2259807E+002, 1.2183699E+002, 1.2374743E+002, 1.3075111E+002, 1.3626647E+002, 1.4408399E+002, 1.4729110E+002, 1.4794428E+002, 1.4856631E+002, 1.5104663E+002, 1.5472208E+002, 1.6741670E+002, 1.7961887E+002, 1.9371723E+002, 1.9626016E+002, 1.9093305E+002, 1.8360957E+002, 1.7340037E+002, 1.7176243E+002, 1.7873795E+002, 1.8574579E+002, 1.9352901E+002, 2.0168951E+002, 2.1716140E+002, 2.2733388E+002, 2.2461264E+002, 2.0982825E+002, 1.7585614E+002, 1.6945564E+002, 1.7307444E+002, 1.9867971E+002, 2.2891996E+002, 2.4894167E+002, 2.5573384E+002, 2.4630981E+002, 2.4516312E+002, 2.4750275E+002
 2.0100284E+002, 2.0893061E+001, 7.0250806E+001, 9.8438658E+001, 9.6596757E+001, 1.2772560E+002, 1.4350319E+002, 1.4418891E+002, 1.4356267E+002, 1.4339117E+002, 1.4347203E+002, 1.4289618E+002, 1.4159280E+002, 1.3852950E+002, 1.3655558E+002, 1.3497086E+002, 1.3422952E+002, 1.3157801E+002, 1.2607323E+002, 1.1042731E+002, 1.0529805E+002, 1.1037522E+002, 1.1347375E+002, 1.1399263E+002, 1.1057319E+002, 1.0548634E+002, 1.0321867E+002, 1.0254846E+002, 1.0912736E+002, 1.3589218E+002, 1.4626666E+002, 1.4535057E+002, 1.4237839E+002, 1.3566611E+002, 1.3093899E+002, 1.2578451E+002, 1.2359757E+002, 1.1967721E+002, 1.1710072E+002, 1.1359086E+002, 1.1117597E+002, 1.0753304E+002, 1.0568362E+002, 1.1330436E+002, 1.2792600E+002, 1.5681678E+002, 1.6122973E+002, 1.5938986E+002, 1.5578642E+002, 1.4948783E+002, 1.4574424E+002, 1.4162350E+002, 1.3996537E+002, 1.3860042E+002, 1.3791862E+002, 1.3574102E+002, 1.3367104E+002, 1.3125370E+002, 1.3114872E+002, 1.3482712E+002, 1.3975146E+002, 1.4732037E+002, 1.5033391E+002, 1.5390658E+002, 1.5641948E+002, 1.6094142E+002, 1.6574706E+002, 1.7640707E+002, 1.8386190E+002, 1.8938178E+002, 1.8800760E+002, 1.8389092E+002, 1.8162663E+002, 1.7956404E+002, 1.7896183E+002, 1.7984136E+002, 1.8318494E+002, 1.9211301E+002, 2.0140612E+002, 2.0155134E+002, 1.9731818E+002, 1.8921812E+002, 1.7970846E+002, 1.6498232E+002, 1.6265324E+002, 1.7856062E+002, 1.9460118E+002, 1.9376962E+002, 2.0166461E+002, 2.2506859E+002, 2.1622842E+002, 2.1358860E+002, 2.1336924E+002, 2.2204018E+002, 2.2008200E+002, 2.2524557E+002, 2.3278496E+002, 2.3629872E+002, 2.3952519E+002, 2.3395666E+002, 2.2626546E+002, 2.3568343E+002, 2.3350492E+002, 2.3347810E+002, 2.3660243E+002, 1.9026963E+002, 2.0437610E+002, 2.2322134E+002, 2.3214000E+002, 2.3468849E+002, 2.3541205E+002, 2.3408411E+002, 2.3356532E+002, 1.8434302E+002, 1.8163357E+002, 2.1092336E+002, 2.1599271E+002, 2.2796825E+002, 2.2753918E+002, 2.2923487E+002, 2.2526369E+002, 2.2711938E+002, 2.2621407E+002, 2.3034638E+002, 2.3156383E+002, 2.3109132E+002, 2.3023607E+002, 2.2819797E+002, 2.2626675E+002, 2.2249112E+002, 2.2020772E+002, 2.1526666E+002, 2.0720770E+002, 1.9407563E+002, 1.7793552E+002, 1.8269747E+002, 2.0421623E+002, 2.1493815E+002, 2.1638072E+002, 2.1764480E+002, 2.1834152E+002, 2.1853625E+002, 2.1863647E+002, 2.1758567E+002, 2.1505655E+002, 2.0871020E+002, 2.0409407E+002, 2.0104876E+002, 1.9913868E+002, 1.9911988E+002, 1.9939420E+002, 1.8783812E+002, 1.6707128E+002, 1.8856846E+002, 1.9085418E+002, 1.9104450E+002, 1.9079043E+002, 1.9025886E+002, 1.8980550E+002, 1.9003104E+002, 1.9104003E+002, 2.0250581E+001, 5.3033423E+001, 9.8050972E+001, 9.6393360E+001, 1.3262796E+002, 1.4632270E+002, 1.4425257E+002, 1.4170862E+002, 1.3785620E+002, 1.3710312E+002, 1.4025128E+002, 1.4240860E+002, 1.4242910E+002, 1.3994173E+002, 1.3719682E+002, 1.3616122E+002, 1.3271861E+002, 1.2583742E+002, 1.1729574E+002, 1.1649852E+002, 1.2369698E+002, 1.3168010E+002, 1.3535812E+002, 1.2793618E+002, 1.1610256E+002, 1.0933497E+002, 1.0605818E+002, 1.1153058E+002, 1.3683167E+002, 1.5033230E+002, 1.4994470E+002, 1.4676714E+002, 1.4163200E+002, 1.3849532E+002, 1.3299024E+002, 1.2878125E+002, 1.2208499E+002, 1.1880416E+002, 1.1600543E+002, 1.1416208E+002, 1.1076613E+002, 1.0831183E+002, 1.1236955E+002, 1.2436576E+002, 1.5501885E+002, 1.6391157E+002, 1.6383542E+002, 1.5987151E+002, 1.5262278E+002, 1.4765126E+002, 1.4102224E+002, 1.3754594E+002, 1.3363162E+002, 1.3152467E+002, 1.2791261E+002, 1.2496401E+002, 1.2219099E+002, 1.2362140E+002, 1.3118749E+002, 1.3748300E+002, 1.4414385E+002, 1.4488949E+002, 1.4465034E+002, 1.4466451E+002, 1.4625920E+002, 1.5192876E+002, 1.7099665E+002, 1.8313846E+002, 1.9237299E+002, 1.9082298E+002, 1.7996332E+002, 1.7362056E+002, 1.6667236E+002, 1.6409721E+002, 1.7120638E+002, 1.8111126E+002, 1.9622836E+002, 2.0760163E+002, 2.1986215E+002, 2.1955356E+002, 2.0336420E+002, 1.7872766E+002, 1.5547179E+002, 1.6273712E+002, 1.6779232E+002, 1.8359317E+002, 2.2331192E+002, 2.4422943E+002, 2.4725167E+002, 2.3836370E+002, 2.3447247E+002, 2.4380942E+002, 2.4823434E+002, 2.4533946E+002
 2.0200854E+002, 3.9382336E+001, 8.8914872E+001, 9.7236219E+001, 1.1431284E+002, 1.3927327E+002, 1.3931304E+002, 1.3894536E+002, 1.3868422E+002, 1.3746363E+002, 1.3598405E+002, 1.3361789E+002, 1.3268332E+002, 1.3227536E+002, 1.3169583E+002, 1.2786091E+002, 1.2176453E+002, 1.0817265E+002, 1.0388026E+002, 1.0984387E+002, 1.1453649E+002, 1.1456369E+002, 1.1101702E+002, 1.0569879E+002, 1.0264815E+002, 1.0417261E+002, 1.1449366E+002, 1.3926668E+002, 1.4332265E+002, 1.4063199E+002, 1.3706500E+002, 1.2992798E+002, 1.2524760E+002, 1.2046510E+002, 1.1807630E+002, 1.1456058E+002, 1.1261889E+002, 1.1003846E+002, 1.0818775E+002, 1.0531867E+002, 1.0840839E+002, 1.2938062E+002, 1.4740401E+002, 1.5697987E+002, 1.5606946E+002, 1.5191961E+002, 1.4844105E+002, 1.4347031E+002, 1.4054193E+002, 1.3730366E+002, 1.3602965E+002, 1.3477906E+002, 1.3367151E+002, 1.3089502E+002, 1.2880565E+002, 1.2769493E+002, 1.3031458E+002, 1.3874433E+002, 1.4361209E+002, 1.4745540E+002, 1.4915053E+002, 1.5231627E+002, 1.5563819E+002, 1.6375215E+002, 1.7074844E+002, 1.8031436E+002, 1.8320122E+002, 1.8164157E+002, 1.7892201E+002, 1.7524655E+002, 1.7352760E+002, 1.7241268E+002, 1.7466796E+002, 1.8364551E+002, 1.9160889E+002, 1.9753871E+002, 1.9634402E+002, 1.9018794E+002, 1.8188792E+002, 1.6490717E+002, 1.5532155E+002, 1.5524655E+002, 1.6239623E+002, 1.8167823E+002, 1.9160459E+002, 2.0241398E+002, 2.1244590E+002, 2.1517722E+002, 2.1144661E+002, 2.0736772E+002, 2.1550162E+002, 2.2095681E+002, 2.2581673E+002, 2.3910655E+002, 2.3568092E+002, 2.2974441E+002, 2.2780587E+002, 2.1159477E+002, 2.0224996E+002, 2.1243823E+002, 2.2901979E+002, 2.2767436E+002, 2.3236977E+002, 2.3633768E+002, 2.1813947E+002, 1.9608352E+002, 2.2354826E+002, 2.3261980E+002, 2.3680338E+002, 2.4029943E+002, 2.4107491E+002, 2.4162661E+002, 2.4117577E+002, 2.3390123E+002, 2.1002296E+002, 1.8460090E+002, 1.9585041E+002, 2.1417503E+002, 2.1126725E+002, 2.2357615E+002, 2.2136649E+002, 2.1638225E+002, 2.0990951E+002, 2.0682293E+002, 2.0876504E+002, 2.1287171E+002, 2.1554191E+002, 2.1796034E+002, 2.1874287E+002, 2.1888419E+002, 2.1885306E+002, 2.1844969E+002, 2.1754201E+002, 2.1197555E+002, 2.0329287E+002, 1.7713434E+002, 1.8281803E+002, 2.1193211E+002, 2.1232942E+002, 2.1189863E+002, 2.1135715E+002, 2.0976346E+002, 2.0803405E+002, 2.0520943E+002, 2.0572744E+002, 2.1092503E+002, 2.1418056E+002, 2.1442691E+002, 2.0770510E+002, 1.9436751E+002, 1.8776010E+002, 1.9429567E+002, 1.9518624E+002, 1.6812979E+002, 1.7990046E+002, 1.8271894E+002, 1.8569558E+002, 1.8837534E+002, 1.8922651E+002, 1.8874358E+002, 1.9180270E+002, 3.1174892E+001, 8.1837220E+001, 1.0517244E+002, 1.3385318E+002, 1.4157685E+002, 1.3973544E+002, 1.3728209E+002, 1.3649774E+002, 1.3762966E+002, 1.3860968E+002, 1.3677064E+002, 1.3481787E+002, 1.3392128E+002, 1.3307571E+002, 1.2822316E+002, 1.2238899E+002, 1.1395429E+002, 1.1433783E+002, 1.2568695E+002, 1.3460114E+002, 1.3670777E+002, 1.2911886E+002, 1.1705010E+002, 1.1052733E+002, 1.0743427E+002, 1.1583155E+002, 1.4243054E+002, 1.4806130E+002, 1.4531659E+002, 1.4180724E+002, 1.3651007E+002, 1.3275804E+002, 1.2627327E+002, 1.2208722E+002, 1.1637578E+002, 1.1387260E+002, 1.1150679E+002, 1.1040707E+002, 1.0832095E+002, 1.0986706E+002, 1.2660890E+002, 1.4526520E+002, 1.5809266E+002, 1.5829378E+002, 1.5585907E+002, 1.5198865E+002, 1.4681974E+002, 1.4322692E+002, 1.3814354E+002, 1.3532571E+002, 1.3180116E+002, 1.3017580E+002, 1.2751818E+002, 1.2565922E+002, 1.2533155E+002, 1.2860002E+002, 1.3753692E+002, 1.4188056E+002, 1.4344455E+002, 1.4264790E+002, 1.4082316E+002, 1.4128802E+002, 1.4880439E+002, 1.5957404E+002, 1.7762726E+002, 1.8450210E+002, 1.8344812E+002, 1.7858205E+002, 1.7099832E+002, 1.6835720E+002, 1.6745675E+002, 1.6979010E+002, 1.8095682E+002, 1.9168756E+002, 2.0642196E+002, 2.1148193E+002, 2.0824440E+002, 1.9818306E+002, 1.6621947E+002, 1.4070585E+002, 1.2756587E+002, 1.4938959E+002, 1.7333537E+002, 1.8493793E+002, 2.1191876E+002, 2.3771103E+002, 2.3604653E+002, 2.2927551E+002, 2.3521715E+002, 2.4877407E+002, 2.4505116E+002, 2.3692900E+002, 2.5902724E+002, 2.8733475E+002
 2.0300008E+002, 7.1680147E+001, 9.2538013E+001, 1.2531859E+002, 1.3413245E+002, 1.3499811E+002, 1.3418276E+002, 1.3217530E+002, 1.3072015E+002, 1.2979713E+002, 1.2979566E+002, 1.2966174E+002, 1.2838537E+002, 1.2325788E+002, 1.1674907E+002, 1.0346510E+002, 1.0132418E+002, 1.1126308E+002, 1.1558459E+002, 1.1397916E+002, 1.1091920E+002, 1.0550319E+002, 1.0172887E+002, 1.0386400E+002, 1.2386042E+002, 1.4029977E+002, 1.3958897E+002, 1.3595382E+002, 1.3204257E+002, 1.2589766E+002, 1.2174723E+002, 1.1652633E+002, 1.1395233E+002, 1.1086527E+002, 1.0930188E+002, 1.0707066E+002, 1.0525590E+002, 1.0411934E+002, 1.1557038E+002, 1.4738357E+002, 1.5288833E+002, 1.5091880E+002, 1.4825831E+002, 1.4354587E+002, 1.4052390E+002, 1.3717733E+002, 1.3539287E+002, 1.3323314E+002, 1.3235130E+002, 1.3109585E+002, 1.2986480E+002, 1.2728872E+002, 1.2534967E+002, 1.2469391E+002, 1.2967031E+002, 1.4056389E+002, 1.4344977E+002, 1.4518120E+002, 1.4705843E+002, 1.5328159E+002, 1.6014450E+002, 1.7145917E+002, 1.7639849E+002, 1.7730349E+002, 1.7522077E+002, 1.7130755E+002, 1.6918949E+002, 1.6728265E+002, 1.6661283E+002, 1.6890626E+002, 1.7816399E+002, 1.9183880E+002, 1.9224446E+002, 1.8637583E+002, 1.8502675E+002, 1.6838203E+002, 1.5637272E+002, 1.4384608E+002, 1.4105934E+002, 1.5174602E+002, 1.6733781E+002, 1.8452283E+002, 1.9386843E+002, 2.1400837E+002, 2.2003732E+002, 2.1729939E+002, 2.0484258E+002, 2.0346430E+002, 2.1803006E+002, 2.3253392E+002, 2.4678390E+002, 2.4595433E+002, 2.1939740E+002, 2.2257542E+002, 2.2355515E+002, 1.9820704E+002, 2.0772185E+002, 2.2832316E+002, 2.3023873E+002, 2.2290770E+002, 2.3038529E+002, 2.3208057E+002, 2.4348307E+002, 2.3874286E+002, 1.8928928E+002, 2.1859756E+002, 2.3478503E+002, 2.4251737E+002, 2.4500724E+002, 2.4389262E+002, 2.4224560E+002, 2.3818349E+002, 2.3537723E+002, 2.3099895E+002, 2.2959639E+002, 2.3735241E+002, 2.2644657E+002, 2.0237522E+002, 1.9139154E+002, 1.9425370E+002, 2.0102331E+002, 2.1763273E+002, 2.2464922E+002, 2.2537369E+002, 2.2497940E+002, 2.2056400E+002, 2.1554901E+002, 2.0910178E+002, 2.0631228E+002, 2.0404578E+002, 2.0294292E+002, 2.0260615E+002, 2.0419397E+002, 2.0856446E+002, 2.1019700E+002, 2.0430350E+002, 1.9056539E+002, 1.8791607E+002, 2.0143643E+002, 2.0218897E+002, 2.0115136E+002, 1.9885569E+002, 1.9758386E+002, 1.9729190E+002, 1.9677721E+002, 1.9724102E+002, 2.0089693E+002, 2.0673600E+002, 2.1171633E+002, 2.1454452E+002, 2.1187831E+002, 1.9485456E+002, 1.8656319E+002, 1.8909090E+002, 1.7036150E+002, 1.6644052E+002, 1.8241521E+002, 1.8776956E+002, 1.8944136E+002, 1.9167757E+002, 1.9267621E+002, 7.3923232E+001, 1.1700347E+002, 1.3882535E+002, 1.3758287E+002, 1.3635122E+002, 1.3599875E+002, 1.3587145E+002, 1.3449453E+002, 1.3156795E+002, 1.3021109E+002, 1.3004093E+002, 1.2916454E+002, 1.2354488E+002, 1.1932522E+002, 1.1170103E+002, 1.1427677E+002, 1.3077279E+002, 1.3557185E+002, 1.3480475E+002, 1.2860785E+002, 1.1765659E+002, 1.1035509E+002, 1.0665345E+002, 1.2457828E+002, 1.4490942E+002, 1.4497456E+002, 1.4050147E+002, 1.3696717E+002, 1.3248067E+002, 1.2916033E+002, 1.2164466E+002, 1.1779165E+002, 1.1325934E+002, 1.1141421E+002, 1.0926601E+002, 1.0797241E+002, 1.0638632E+002, 1.1349472E+002, 1.4736481E+002, 1.5502830E+002, 1.5385161E+002, 1.5109411E+002, 1.4665599E+002, 1.4281980E+002, 1.3735296E+002, 1.3609175E+002, 1.3349682E+002, 1.3159546E+002, 1.2906237E+002, 1.2765838E+002, 1.2548039E+002, 1.2434541E+002, 1.2499458E+002, 1.3101876E+002, 1.4126724E+002, 1.4325574E+002, 1.4299575E+002, 1.4209545E+002, 1.4311547E+002, 1.4874874E+002, 1.6315384E+002, 1.7110249E+002, 1.7398856E+002, 1.7188814E+002, 1.6471964E+002, 1.6097009E+002, 1.5934802E+002, 1.6136810E+002, 1.6771900E+002, 1.7706505E+002, 1.9439698E+002, 2.0297950E+002, 2.0617284E+002, 2.0282282E+002, 1.8339129E+002, 1.6316678E+002, 1.3504103E+002, 1.2284528E+002, 1.2191208E+002, 1.4939245E+002, 1.7807401E+002, 1.8788629E+002, 2.2512854E+002, 2.3523887E+002, 2.2378185E+002, 2.2155761E+002, 2.3947844E+002, 2.4432781E+002, 2.3489907E+002, 2.3991510E+002, 2.4935459E+002, 2.6595960E+002, 2.8417665E+002, 2.8659631E+002
 2.0400928E+002, 6.5891915E+001, 1.0168643E+002, 1.2986645E+002, 1.3026495E+002, 1.2798849E+002, 1.2706413E+002, 1.2704974E+002, 1.2708005E+002, 1.2627345E+002, 1.2451781E+002, 1.1885005E+002, 1.1254508E+002, 1.0207325E+002, 1.0036760E+002, 1.1023937E+002, 1.1384808E+002, 1.1405820E+002, 1.1181675E+002, 1.0610215E+002, 1.0174645E+002, 1.0686974E+002, 1.2474270E+002, 1.3743474E+002, 1.3659168E+002, 1.3228643E+002, 1.2850122E+002, 1.2317205E+002, 1.2003645E+002, 1.1466849E+002, 1.1169330E+002, 1.0904485E+002, 1.0770008E+002, 1.0558759E+002, 1.0346898E+002, 1.0598140E+002, 1.2756607E+002, 1.4755364E+002, 1.4815334E+002, 1.4475603E+002, 1.4186629E+002, 1.3737488E+002, 1.3480023E+002, 1.3205639E+002, 1.3085895E+002, 1.2952774E+002, 1.2879044E+002, 1.2752562E+002, 1.2643981E+002, 1.2437389E+002, 1.2294265E+002, 1.2241813E+002, 1.2647380E+002, 1.3720771E+002, 1.4038013E+002, 1.4235561E+002, 1.4581840E+002, 1.5642603E+002, 1.6484934E+002, 1.7120750E+002, 1.7086758E+002, 1.6712566E+002, 1.6439104E+002, 1.6146714E+002, 1.6052089E+002, 1.6066316E+002, 1.6360865E+002, 1.7527328E+002, 1.8352289E+002, 1.8720236E+002, 1.8197577E+002, 1.7432317E+002, 1.6825002E+002, 1.5182211E+002, 1.4207128E+002, 1.3552017E+002, 1.3801528E+002, 1.5719493E+002, 1.7178266E+002, 1.8887240E+002, 2.0095064E+002, 2.1638774E+002, 2.1938175E+002, 1.9920089E+002, 1.8689652E+002, 2.1797126E+002, 2.3165504E+002, 2.4097857E+002, 2.4538275E+002, 2.3421608E+002, 2.1595578E+002, 2.4124030E+002, 2.5215419E+002, 2.0863420E+002, 2.1183804E+002, 2.3200142E+002, 2.3694492E+002, 2.1476171E+002, 2.2323509E+002, 2.2518130E+002, 2.3351524E+002, 2.3672537E+002, 2.4648545E+002, 2.3117268E+002, 1.9089371E+002, 2.4255429E+002, 2.4982389E+002, 2.4854417E+002, 2.4163202E+002, 2.3342670E+002, 2.2931894E+002, 2.2494763E+002, 2.2532653E+002, 2.2486441E+002, 2.2297960E+002, 2.3848983E+002, 2.4170683E+002, 2.3964057E+002, 2.3242839E+002, 2.1617050E+002, 1.9982797E+002, 1.8813337E+002, 2.1117379E+002, 2.2903937E+002, 2.3318113E+002, 2.3398408E+002, 2.3523149E+002, 2.3658256E+002, 2.3671877E+002, 2.3473579E+002, 2.3209502E+002, 2.2555275E+002, 2.1904351E+002, 2.0697161E+002, 2.0124280E+002, 1.9601976E+002, 1.9486604E+002, 1.8949565E+002, 1.8432994E+002, 1.8968945E+002, 1.8818209E+002, 1.9285940E+002, 1.9638765E+002, 1.9705452E+002, 1.9695402E+002, 1.9904120E+002, 2.0012306E+002, 1.9942859E+002, 2.0103318E+002, 2.0378837E+002, 2.0434621E+002, 2.0432983E+002, 2.0485166E+002, 1.9440166E+002, 1.8820113E+002, 1.7369051E+002, 1.6196857E+002, 1.8671891E+002, 1.8955712E+002, 1.9077049E+002, 1.9102536E+002, 8.2769176E+001, 1.3291143E+002, 1.3460367E+002, 1.3465300E+002, 1.3296421E+002, 1.3099575E+002, 1.2798962E+002, 1.2647811E+002, 1.2637067E+002, 1.2514358E+002, 1.2032016E+002, 1.1695380E+002, 1.1336360E+002, 1.1868432E+002, 1.2861936E+002, 1.3139308E+002, 1.3350407E+002, 1.3014515E+002, 1.1977437E+002, 1.1165887E+002, 1.0883031E+002, 1.2611417E+002, 1.4153423E+002, 1.4179915E+002, 1.3718977E+002, 1.3372522E+002, 1.2966712E+002, 1.2700603E+002, 1.2069997E+002, 1.1647742E+002, 1.1301415E+002, 1.1038135E+002, 1.0833414E+002, 1.0683700E+002, 1.0700459E+002, 1.2554498E+002, 1.4981394E+002, 1.5223142E+002, 1.4862896E+002, 1.4517604E+002, 1.4037369E+002, 1.3664610E+002, 1.3080983E+002, 1.2867779E+002, 1.2773520E+002, 1.2673310E+002, 1.2459719E+002, 1.2391431E+002, 1.2275394E+002, 1.2220314E+002, 1.2365039E+002, 1.2969626E+002, 1.4011777E+002, 1.4227454E+002, 1.4251649E+002, 1.4367426E+002, 1.5182734E+002, 1.6014485E+002, 1.6842217E+002, 1.6881942E+002, 1.6310967E+002, 1.5767503E+002, 1.5012100E+002, 1.4655915E+002, 1.4887925E+002, 1.5609627E+002, 1.7300077E+002, 1.8506413E+002, 1.9716956E+002, 1.9989253E+002, 1.9635976E+002, 1.8848571E+002, 1.6323920E+002, 1.4688797E+002, 1.2559232E+002, 1.1960229E+002, 1.3102494E+002, 1.5236824E+002, 1.7551763E+002, 1.9331547E+002, 2.2213333E+002, 2.2534113E+002, 2.1856653E+002, 2.2425313E+002, 2.2984653E+002, 2.2558037E+002, 2.2630454E+002, 2.1988879E+002, 2.3618542E+002, 2.5389900E+002, 2.8293680E+002, 2.9255407E+002, 2.6776001E+002, 2.2892151E+002
 2.0500659E+002, 6.9409324E+001, 1.0972435E+002, 1.2082006E+002, 1.2292317E+002, 1.2416872E+002, 1.2404909E+002, 1.2287226E+002, 1.2086567E+002, 1.1467230E+002, 1.0852026E+002, 1.0091412E+002, 1.0074919E+002, 1.0859579E+002, 1.1232381E+002, 1.1436435E+002, 1.1239696E+002, 1.0622562E+002, 1.0219509E+002, 1.1273092E+002, 1.2524646E+002, 1.3457182E+002, 1.3404185E+002, 1.2988786E+002, 1.2579820E+002, 1.2092685E+002, 1.1812825E+002, 1.1312069E+002, 1.0969303E+002, 1.0748465E+002, 1.0652832E+002, 1.0444402E+002, 1.0235550E+002, 1.0989417E+002, 1.2947305E+002, 1.4416488E+002, 1.4296979E+002, 1.3943124E+002, 1.3667502E+002, 1.3266902E+002, 1.3034592E+002, 1.2784091E+002, 1.2681274E+002, 1.2582486E+002, 1.2515490E+002, 1.2386785E+002, 1.2285987E+002, 1.2121887E+002, 1.2035845E+002, 1.2134497E+002, 1.2573384E+002, 1.3417123E+002, 1.3709737E+002, 1.4049974E+002, 1.4524866E+002, 1.5700488E+002, 1.6361502E+002, 1.6577271E+002, 1.6318624E+002, 1.5821911E+002, 1.5568600E+002, 1.5353758E+002, 1.5503104E+002, 1.6401650E+002, 1.7214960E+002, 1.8115132E+002, 1.8263973E+002, 1.7740147E+002, 1.7214273E+002, 1.6227136E+002, 1.5603898E+002, 1.4458660E+002, 1.3607665E+002, 1.3126412E+002, 1.3933758E+002, 1.6344717E+002, 1.7817132E+002, 1.9794406E+002, 2.0745422E+002, 2.1465862E+002, 2.1427380E+002, 1.9121762E+002, 2.0335001E+002, 2.1834375E+002, 2.1926212E+002, 2.0346484E+002, 2.0529345E+002, 2.1872773E+002, 2.3285019E+002, 2.5701931E+002, 2.7517122E+002, 2.2793440E+002, 2.1298445E+002, 2.3167521E+002, 2.4334310E+002, 2.1917651E+002, 2.2308523E+002, 2.1797860E+002, 2.1845649E+002, 2.0951136E+002, 2.0576319E+002, 2.2746269E+002, 2.4265356E+002, 2.2618255E+002, 1.5664581E+002, 2.3860837E+002, 2.3300431E+002, 2.2238389E+002, 2.1814939E+002, 2.1980118E+002, 2.2457775E+002, 2.2867418E+002, 2.2853037E+002, 2.2808949E+002, 2.2467566E+002, 2.2359094E+002, 2.2578689E+002, 2.3082005E+002, 2.2530751E+002, 2.0536289E+002, 2.0919076E+002, 2.1904712E+002, 2.0362403E+002, 2.0439327E+002, 2.2402351E+002, 2.3488717E+002, 2.3865176E+002, 2.3976601E+002, 2.3931288E+002, 2.3957854E+002, 2.4027137E+002, 2.4067351E+002, 2.3996753E+002, 2.3700419E+002, 2.3290429E+002, 2.2269318E+002, 2.0921556E+002, 1.9116800E+002, 1.7303816E+002, 1.7419253E+002, 1.7530858E+002, 1.8138473E+002, 1.9179576E+002, 1.9915839E+002, 2.0078040E+002, 2.0150861E+002, 2.0115131E+002, 1.9957988E+002, 1.9948396E+002, 1.9955886E+002, 1.9946904E+002, 1.9844579E+002, 1.9832902E+002, 1.9761909E+002, 1.9746296E+002, 1.9184449E+002, 1.8413472E+002, 1.7058277E+002, 1.8124120E+002, 1.8943799E+002, 1.8817231E+002, 5.4165173E+001, 1.2747645E+002, 1.2990046E+002, 1.2811110E+002, 1.2542393E+002, 1.2402022E+002, 1.2321781E+002, 1.2189372E+002, 1.1696853E+002, 1.1396273E+002, 1.1534381E+002, 1.1924280E+002, 1.2544912E+002, 1.2868846E+002, 1.3204818E+002, 1.2950054E+002, 1.2056766E+002, 1.1271465E+002, 1.1362267E+002, 1.2674012E+002, 1.3793979E+002, 1.3806252E+002, 1.3477780E+002, 1.3108628E+002, 1.2738141E+002, 1.2479107E+002, 1.1910298E+002, 1.1516796E+002, 1.1330512E+002, 1.1168200E+002, 1.0761437E+002, 1.0577374E+002, 1.0958488E+002, 1.3015525E+002, 1.4804897E+002, 1.4844287E+002, 1.4378517E+002, 1.4021018E+002, 1.3546159E+002, 1.3246311E+002, 1.2743840E+002, 1.2452308E+002, 1.2254256E+002, 1.2252700E+002, 1.2144639E+002, 1.2038821E+002, 1.1973873E+002, 1.1975716E+002, 1.2278196E+002, 1.2882091E+002, 1.3834394E+002, 1.4082895E+002, 1.4154943E+002, 1.4426005E+002, 1.5558817E+002, 1.6313084E+002, 1.6609054E+002, 1.6306086E+002, 1.5594469E+002, 1.5133731E+002, 1.4608963E+002, 1.4590607E+002, 1.5530062E+002, 1.6608821E+002, 1.8264680E+002, 1.8946047E+002, 1.9272480E+002, 1.9097142E+002, 1.8480214E+002, 1.7753207E+002, 1.5958792E+002, 1.4519508E+002, 1.2717154E+002, 1.2531473E+002, 1.4759647E+002, 1.6434672E+002, 1.8632754E+002, 2.0104063E+002, 2.1544295E+002, 2.1605576E+002, 2.1568303E+002, 2.1888519E+002, 2.1072839E+002, 1.9910615E+002, 1.5266244E+002, 1.2860465E+002, 1.9107909E+002, 2.5123944E+002, 2.7938353E+002, 2.7583778E+002, 2.5180256E+002, 2.3160645E+002, 2.3998396E+002, 2.5248667E+002
 2.0601562E+002, 6.3585893E+001, 1.1168312E+002, 1.1445976E+002, 1.2068800E+002, 1.1974157E+002, 1.1728373E+002, 1.1122281E+002, 1.0663993E+002, 1.0122377E+002, 1.0030734E+002, 1.0645015E+002, 1.1082916E+002, 1.1222890E+002, 1.1047583E+002, 1.0546849E+002, 1.0744268E+002, 1.1790978E+002, 1.2572269E+002, 1.3203411E+002, 1.3145639E+002, 1.2797558E+002, 1.2410193E+002, 1.1912087E+002, 1.1656921E+002, 1.1203931E+002, 1.0858967E+002, 1.0594875E+002, 1.0542011E+002, 1.0350032E+002, 1.0164916E+002, 1.1256309E+002, 1.2580426E+002, 1.4014956E+002, 1.3921119E+002, 1.3504705E+002, 1.3252146E+002, 1.2891494E+002, 1.2691041E+002, 1.2456946E+002, 1.2349316E+002, 1.2238998E+002, 1.2177909E+002, 1.2067395E+002, 1.1976853E+002, 1.1848768E+002, 1.1818200E+002, 1.2174661E+002, 1.2628663E+002, 1.3251131E+002, 1.3541045E+002, 1.4049156E+002, 1.4607058E+002, 1.5570792E+002, 1.5996883E+002, 1.6056112E+002, 1.5786927E+002, 1.5275728E+002, 1.5011689E+002, 1.5207659E+002, 1.5892303E+002, 1.7032350E+002, 1.7551093E+002, 1.7625327E+002, 1.7284146E+002, 1.6575321E+002, 1.6037356E+002, 1.5280406E+002, 1.4730744E+002, 1.3838486E+002, 1.3328599E+002, 1.3188902E+002, 1.4074400E+002, 1.6434704E+002, 1.8067390E+002, 1.9864102E+002, 2.0549877E+002, 2.0825427E+002, 2.0011798E+002, 2.0079290E+002, 1.9601398E+002, 1.9262379E+002, 1.8338717E+002, 1.7350089E+002, 1.7293777E+002, 1.9710135E+002, 2.3145669E+002, 2.5821428E+002, 2.5484873E+002, 2.3639212E+002, 2.2235226E+002, 2.2531231E+002, 2.3952858E+002, 2.2812690E+002, 2.2551399E+002, 2.2599665E+002, 2.0852583E+002, 1.8920435E+002, 1.9188520E+002, 2.1235151E+002, 2.2896546E+002, 2.3574245E+002, 2.2869354E+002, 2.2057579E+002, 1.9554212E+002, 2.1174128E+002, 2.1124368E+002, 2.1531874E+002, 2.2287005E+002, 2.3025681E+002, 2.2988411E+002, 2.2910274E+002, 2.2373947E+002, 2.2770619E+002, 2.3449595E+002, 2.2843596E+002, 2.2950910E+002, 2.3796221E+002, 2.3399633E+002, 2.2313821E+002, 2.1917899E+002, 2.1300629E+002, 2.0792644E+002, 2.0483471E+002, 1.9974218E+002, 2.1541476E+002, 2.2815455E+002, 2.3466884E+002, 2.3469343E+002, 2.3348989E+002, 2.3312829E+002, 2.3300139E+002, 2.3288744E+002, 2.3257274E+002, 2.3190719E+002, 2.2975785E+002, 2.2827640E+002, 2.1982370E+002, 2.0982867E+002, 1.8231485E+002, 1.5896181E+002, 1.6215881E+002, 1.8519509E+002, 1.9491201E+002, 1.9755517E+002, 1.9984117E+002, 2.0076520E+002, 2.0147240E+002, 2.0179092E+002, 2.0089977E+002, 1.9975992E+002, 1.9980879E+002, 1.9916944E+002, 1.9626673E+002, 1.9417532E+002, 1.9239537E+002, 1.9217023E+002, 1.8705316E+002, 1.7540310E+002, 1.7584463E+002, 1.8557048E+002, 4.5858871E+001, 1.1988099E+002, 1.2271873E+002, 1.2296727E+002, 1.2101026E+002, 1.1881748E+002, 1.1493969E+002, 1.1352669E+002, 1.1441996E+002, 1.1638662E+002, 1.2213207E+002, 1.2540121E+002, 1.2728146E+002, 1.2502113E+002, 1.1676013E+002, 1.1322170E+002, 1.1925688E+002, 1.2576623E+002, 1.3461365E+002, 1.3466322E+002, 1.3236751E+002, 1.2934719E+002, 1.2531580E+002, 1.2310531E+002, 1.1829121E+002, 1.1461256E+002, 1.1190390E+002, 1.1177064E+002, 1.0894498E+002, 1.0588638E+002, 1.1319811E+002, 1.2733099E+002, 1.4414587E+002, 1.4498725E+002, 1.4028508E+002, 1.3679103E+002, 1.3212562E+002, 1.2939415E+002, 1.2538892E+002, 1.2272338E+002, 1.1938623E+002, 1.1844267E+002, 1.1895788E+002, 1.1882710E+002, 1.1809720E+002, 1.1848017E+002, 1.2354695E+002, 1.2902473E+002, 1.3636798E+002, 1.3905816E+002, 1.4188747E+002, 1.4590284E+002, 1.5507645E+002, 1.6035325E+002, 1.6234936E+002, 1.5948853E+002, 1.5308445E+002, 1.4949741E+002, 1.4961017E+002, 1.5543346E+002, 1.6821452E+002, 1.7611048E+002, 1.8310932E+002, 1.8428747E+002, 1.8114282E+002, 1.7706134E+002, 1.6837642E+002, 1.5998289E+002, 1.4684094E+002, 1.3879625E+002, 1.2866232E+002, 1.2819434E+002, 1.4819872E+002, 1.6886116E+002, 1.9230607E+002, 2.0051114E+002, 2.0893678E+002, 2.0761098E+002, 2.0901889E+002, 2.0696330E+002, 1.9302856E+002, 1.7468433E+002, 1.4699765E+002, 1.2578687E+002, 1.0563349E+002, 1.5677727E+002, 2.6256643E+002, 2.4381935E+002, 2.3061806E+002, 2.3112256E+002, 2.4292314E+002, 2.4679413E+002, 2.4674908E+002, 2.4431935E+002
 2.0700400E+002, 4.6121449E+001, 1.1088752E+002, 1.0642065E+002, 1.1621922E+002, 1.0858874E+002, 1.0446792E+002, 1.0092168E+002, 1.0135429E+002, 1.0500846E+002, 1.0906076E+002, 1.0926286E+002, 1.0772615E+002, 1.0727304E+002, 1.1240308E+002, 1.2312378E+002, 1.2899641E+002, 1.2968652E+002, 1.2870265E+002, 1.2584716E+002, 1.2254642E+002, 1.1728987E+002, 1.1480890E+002, 1.1114016E+002, 1.0769375E+002, 1.0434574E+002, 1.0406417E+002, 1.0282378E+002, 1.0132420E+002, 1.1201227E+002, 1.2402750E+002, 1.3832016E+002, 1.3682621E+002, 1.3178501E+002, 1.2955740E+002, 1.2602170E+002, 1.2412387E+002, 1.2177261E+002, 1.2062802E+002, 1.1931990E+002, 1.1861893E+002, 1.1770312E+002, 1.1708641E+002, 1.1619851E+002, 1.1663048E+002, 1.2133230E+002, 1.2625733E+002, 1.3234547E+002, 1.3554831E+002, 1.4216654E+002, 1.4812341E+002, 1.5533263E+002, 1.5753380E+002, 1.5608331E+002, 1.5336843E+002, 1.4864764E+002, 1.4648589E+002, 1.5095169E+002, 1.5887666E+002, 1.7068800E+002, 1.7229725E+002, 1.6676594E+002, 1.6128148E+002, 1.5303534E+002, 1.4797184E+002, 1.3987349E+002, 1.3497154E+002, 1.2944227E+002, 1.2870042E+002, 1.3638918E+002, 1.4765768E+002, 1.7051926E+002, 1.8430562E+002, 1.9682309E+002, 2.0165874E+002, 2.0202928E+002, 1.9748513E+002, 1.8472807E+002, 1.7963676E+002, 1.6917702E+002, 1.6060650E+002, 1.5891237E+002, 1.6641805E+002, 1.9263237E+002, 2.1266608E+002, 2.3095689E+002, 2.2593353E+002, 2.1283070E+002, 2.1637136E+002, 2.2487294E+002, 2.3216159E+002, 2.2489880E+002, 2.2190883E+002, 2.2429196E+002, 2.1736605E+002, 1.9333899E+002, 1.8715489E+002, 2.1167430E+002, 2.2425815E+002, 2.3676834E+002, 2.4003468E+002, 2.2773719E+002, 2.2137853E+002, 2.0672854E+002, 2.1049594E+002, 2.1354673E+002, 2.1837116E+002, 2.2175224E+002, 2.2229172E+002, 2.1735570E+002, 2.1004892E+002, 1.9511052E+002, 1.9255682E+002, 2.0938150E+002, 2.2430622E+002, 2.1380062E+002, 2.0947119E+002, 2.1346186E+002, 2.2762759E+002, 2.4601744E+002, 2.4363069E+002, 2.3001056E+002, 2.2338705E+002, 2.1222094E+002, 2.0306504E+002, 1.9674201E+002, 2.0580293E+002, 2.1994219E+002, 2.2406217E+002, 2.2641163E+002, 2.2601102E+002, 2.2459055E+002, 2.2367421E+002, 2.2279539E+002, 2.2273859E+002, 2.2304251E+002, 2.2325766E+002, 2.2321297E+002, 2.2148676E+002, 2.1446392E+002, 2.0778071E+002, 1.6822594E+002, 1.5304750E+002, 1.8388116E+002, 1.9241089E+002, 2.0122898E+002, 2.0351047E+002, 2.0500027E+002, 2.0560899E+002, 2.0690887E+002, 2.0519459E+002, 2.0042711E+002, 2.0082617E+002, 2.0216828E+002, 2.0143082E+002, 1.9740166E+002, 1.9379459E+002, 1.8794236E+002, 1.8666709E+002, 1.8025553E+002, 1.7252571E+002, 3.7059649E+001, 1.1234914E+002, 1.1992037E+002, 1.1735910E+002, 1.1229387E+002, 1.1170778E+002, 1.1303100E+002, 1.1519224E+002, 1.1878167E+002, 1.2202750E+002, 1.2299920E+002, 1.2040933E+002, 1.1420956E+002, 1.1530962E+002, 1.2154417E+002, 1.2821776E+002, 1.3126557E+002, 1.3103610E+002, 1.2939956E+002, 1.2749001E+002, 1.2363580E+002, 1.2153198E+002, 1.1787933E+002, 1.1438282E+002, 1.1050511E+002, 1.1050917E+002, 1.0933551E+002, 1.0636477E+002, 1.1317643E+002, 1.2436555E+002, 1.4223963E+002, 1.4229319E+002, 1.3764367E+002, 1.3433768E+002, 1.2999282E+002, 1.2750921E+002, 1.2385493E+002, 1.2143654E+002, 1.1805313E+002, 1.1614701E+002, 1.1473822E+002, 1.1550999E+002, 1.1674557E+002, 1.1800229E+002, 1.2375144E+002, 1.2956631E+002, 1.3592138E+002, 1.3858357E+002, 1.4317747E+002, 1.4739947E+002, 1.5400977E+002, 1.5700649E+002, 1.5750289E+002, 1.5574461E+002, 1.5079116E+002, 1.4793182E+002, 1.5123432E+002, 1.5944474E+002, 1.7330026E+002, 1.7803662E+002, 1.7750055E+002, 1.7454688E+002, 1.6802260E+002, 1.6142033E+002, 1.4700051E+002, 1.3662274E+002, 1.2542355E+002, 1.2283369E+002, 1.2319281E+002, 1.2602338E+002, 1.4556062E+002, 1.6598637E+002, 1.8858159E+002, 1.9363655E+002, 1.9918325E+002, 2.0051062E+002, 1.9793799E+002, 1.9503171E+002, 1.7713848E+002, 1.6079590E+002, 1.3917558E+002, 1.2768736E+002, 1.1937735E+002, 1.4464302E+002, 1.9668307E+002, 2.1888532E+002, 2.0485391E+002, 2.2009034E+002, 2.4113905E+002, 2.4234242E+002, 2.3528348E+002, 2.3501690E+002, 2.3883856E+002, 2.2728882E+002
 2.0800695E+002, 4.5799074E+001, 1.1192617E+002, 1.0167620E+002, 1.0591620E+002, 9.7727262E+001, 9.9804067E+001, 1.0454946E+002, 1.0696961E+002, 1.0642267E+002, 1.0667111E+002, 1.1093425E+002, 1.1745736E+002, 1.2679209E+002, 1.2750564E+002, 1.2663155E+002, 1.2557802E+002, 1.2291763E+002, 1.1997591E+002, 1.1493791E+002, 1.1275740E+002, 1.0975310E+002, 1.0674378E+002, 1.0312380E+002, 1.0267385E+002, 1.0192057E+002, 1.0148392E+002, 1.1319296E+002, 1.2764097E+002, 1.3605354E+002, 1.3404619E+002, 1.2903437E+002, 1.2657561E+002, 1.2380611E+002, 1.2216916E+002, 1.1972508E+002, 1.1840394E+002, 1.1683749E+002, 1.1594005E+002, 1.1491479E+002, 1.1444912E+002, 1.1420214E+002, 1.1554807E+002, 1.2125339E+002, 1.2627725E+002, 1.3214151E+002, 1.3635718E+002, 1.4543624E+002, 1.5053540E+002, 1.5378790E+002, 1.5310049E+002, 1.5032194E+002, 1.4793281E+002, 1.4444520E+002, 1.4424942E+002, 1.5131273E+002, 1.6025035E+002, 1.6858508E+002, 1.6652358E+002, 1.5813411E+002, 1.5200988E+002, 1.4264751E+002, 1.3616191E+002, 1.2786661E+002, 1.2415781E+002, 1.2605251E+002, 1.3301701E+002, 1.5056598E+002, 1.6423386E+002, 1.8148054E+002, 1.8872043E+002, 1.9413704E+002, 1.9504033E+002, 1.9540000E+002, 1.9223046E+002, 1.7199268E+002, 1.6195410E+002, 1.5353530E+002, 1.5397816E+002, 1.5985100E+002, 1.7107328E+002, 1.9965518E+002, 2.1348538E+002, 2.0935777E+002, 2.0191893E+002, 2.0683028E+002, 2.1781369E+002, 2.2761436E+002, 2.2067280E+002, 2.1756090E+002, 2.1942858E+002, 2.2578295E+002, 2.1679454E+002, 2.0246494E+002, 1.8856992E+002, 2.1347147E+002, 2.2819236E+002, 2.3076673E+002, 2.3773845E+002, 2.2440900E+002, 2.1995737E+002, 2.1422284E+002, 2.0018373E+002, 2.1270017E+002, 2.1533219E+002, 2.2133871E+002, 2.2563395E+002, 2.2585281E+002, 2.2264833E+002, 2.1344283E+002, 2.0299301E+002, 1.8955705E+002, 1.8912289E+002, 1.9813163E+002, 1.9257003E+002, 1.8916692E+002, 1.8828617E+002, 1.8834173E+002, 1.8890219E+002, 1.9450063E+002, 2.0200423E+002, 2.2325015E+002, 2.3720924E+002, 2.4128365E+002, 2.3551246E+002, 2.2352684E+002, 2.0659189E+002, 1.9983245E+002, 2.0384320E+002, 2.1403898E+002, 2.1639790E+002, 2.1968806E+002, 2.2132984E+002, 2.2249456E+002, 2.2210947E+002, 2.1950110E+002, 2.1707563E+002, 2.1446054E+002, 2.1361387E+002, 2.1432099E+002, 2.1349865E+002, 2.1277315E+002, 2.0687962E+002, 1.6461175E+002, 1.8006548E+002, 2.0085439E+002, 2.0474452E+002, 2.0703694E+002, 2.0756522E+002, 2.0828089E+002, 2.0880466E+002, 2.0765731E+002, 2.0503643E+002, 2.0421641E+002, 2.0478529E+002, 2.0383340E+002, 2.0233254E+002, 1.9950171E+002, 1.9457977E+002, 1.8608411E+002, 1.8151241E+002, 4.2097883E+001, 1.1549415E+002, 1.1428772E+002, 1.0776295E+002, 1.0923982E+002, 1.1189890E+002, 1.1655708E+002, 1.1906052E+002, 1.1989923E+002, 1.1843052E+002, 1.1521672E+002, 1.1753545E+002, 1.2637294E+002, 1.2878772E+002, 1.2825422E+002, 1.2746059E+002, 1.2591220E+002, 1.2466809E+002, 1.2138944E+002, 1.1962548E+002, 1.1738836E+002, 1.1468116E+002, 1.1009877E+002, 1.0909597E+002, 1.0880258E+002, 1.0671920E+002, 1.1379758E+002, 1.2675973E+002, 1.3954555E+002, 1.3899565E+002, 1.3479829E+002, 1.3170782E+002, 1.2832893E+002, 1.2594523E+002, 1.2271991E+002, 1.2070781E+002, 1.1746067E+002, 1.1558785E+002, 1.1371670E+002, 1.1341687E+002, 1.1466718E+002, 1.1726119E+002, 1.2456264E+002, 1.3017830E+002, 1.3589857E+002, 1.3902298E+002, 1.4606835E+002, 1.5026727E+002, 1.5286598E+002, 1.5220320E+002, 1.5084014E+002, 1.4964736E+002, 1.4721002E+002, 1.4650603E+002, 1.5329035E+002, 1.6281826E+002, 1.7435738E+002, 1.7477194E+002, 1.7022442E+002, 1.6577441E+002, 1.5592991E+002, 1.4664818E+002, 1.2984540E+002, 1.2027965E+002, 1.1654119E+002, 1.2082631E+002, 1.2614023E+002, 1.2993532E+002, 1.4909141E+002, 1.6733614E+002, 1.8219104E+002, 1.7962254E+002, 1.8218455E+002, 1.8816614E+002, 1.8706074E+002, 1.8203181E+002, 1.6700894E+002, 1.5322754E+002, 1.3990481E+002, 1.3184347E+002, 1.3338901E+002, 1.5348527E+002, 2.0008629E+002, 1.9734817E+002, 1.6944074E+002, 1.7344164E+002, 2.3694653E+002, 2.3763306E+002, 2.2924989E+002, 2.2092393E+002, 2.2641197E+002, 2.2598986E+002, 2.0237226E+002, 1.7875066E+002
 2.0900756E+002, 6.2391709E+001, 1.1242529E+002, 9.8776638E+001, 8.9323701E+001, 9.9909346E+001, 1.0213207E+002, 1.0624424E+002, 1.1044241E+002, 1.1854033E+002, 1.2319574E+002, 1.2517059E+002, 1.2476823E+002, 1.2355595E+002, 1.2238728E+002, 1.1970836E+002, 1.1707124E+002, 1.1237136E+002, 1.1028615E+002, 1.0775152E+002, 1.0531330E+002, 1.0223203E+002, 1.0155078E+002, 1.0074674E+002, 1.0233231E+002, 1.1883407E+002, 1.3083110E+002, 1.3285273E+002, 1.3067256E+002, 1.2591772E+002, 1.2312658E+002, 1.2142942E+002, 1.2011751E+002, 1.1792351E+002, 1.1670648E+002, 1.1492580E+002, 1.1385667E+002, 1.1265903E+002, 1.1221555E+002, 1.1247440E+002, 1.1500433E+002, 1.2250671E+002, 1.2688629E+002, 1.3322165E+002, 1.3954372E+002, 1.4789979E+002, 1.5007154E+002, 1.4902368E+002, 1.4723916E+002, 1.4418567E+002, 1.4219903E+002, 1.4192186E+002, 1.4609036E+002, 1.5783668E+002, 1.6407005E+002, 1.6419603E+002, 1.5998272E+002, 1.5186551E+002, 1.4595529E+002, 1.3520188E+002, 1.2770767E+002, 1.2036565E+002, 1.2059954E+002, 1.3336203E+002, 1.4784532E+002, 1.6779911E+002, 1.7689516E+002, 1.8389162E+002, 1.8531854E+002, 1.8534520E+002, 1.8585645E+002, 1.8747281E+002, 1.8285448E+002, 1.5777856E+002, 1.4737669E+002, 1.5188865E+002, 1.5552891E+002, 1.6362565E+002, 1.7337199E+002, 1.9587125E+002, 2.0074921E+002, 1.9405614E+002, 1.9717135E+002, 2.0189521E+002, 2.0401848E+002, 2.1556797E+002, 2.1590185E+002, 2.1504187E+002, 2.2115320E+002, 2.1938342E+002, 2.1149013E+002, 1.9910385E+002, 1.9732820E+002, 2.2075611E+002, 2.3535623E+002, 2.3158406E+002, 2.3055805E+002, 2.1641282E+002, 2.1669424E+002, 2.1932563E+002, 2.1662077E+002, 1.8365605E+002, 2.1334903E+002, 2.2061442E+002, 2.2298736E+002, 2.2095042E+002, 2.1938344E+002, 2.1661714E+002, 2.1268165E+002, 2.0362606E+002, 1.9929387E+002, 1.9875919E+002, 1.9056967E+002, 1.7967766E+002, 1.8078732E+002, 1.7879285E+002, 1.7828105E+002, 1.7964457E+002, 1.8122796E+002, 1.8311585E+002, 1.8379476E+002, 1.8440286E+002, 1.8564343E+002, 1.9824423E+002, 2.1498959E+002, 2.3962114E+002, 2.4381630E+002, 2.3740934E+002, 2.2708511E+002, 2.0622730E+002, 1.9947264E+002, 2.0123397E+002, 2.0771141E+002, 2.0990535E+002, 2.1078700E+002, 2.1247278E+002, 2.1310129E+002, 2.1137806E+002, 2.0915900E+002, 2.0562411E+002, 2.0463371E+002, 2.0002462E+002, 2.1397777E+002, 2.1535743E+002, 1.9795378E+002, 1.9111112E+002, 2.0085855E+002, 2.0429185E+002, 2.0511084E+002, 2.0558590E+002, 2.0565732E+002, 2.0581056E+002, 2.0578937E+002, 2.0560911E+002, 2.0528675E+002, 2.0510906E+002, 2.0482935E+002, 2.0361767E+002, 2.0154308E+002, 1.9565099E+002, 1.9120197E+002, 5.8714255E+001, 1.1452000E+002, 1.0481066E+002, 1.0026692E+002, 1.1091517E+002, 1.1340563E+002, 1.1652733E+002, 1.1770407E+002, 1.1967669E+002, 1.2272849E+002, 1.2592323E+002, 1.2589308E+002, 1.2531244E+002, 1.2397652E+002, 1.2276768E+002, 1.2191230E+002, 1.1872077E+002, 1.1722012E+002, 1.1592086E+002, 1.1394232E+002, 1.0972592E+002, 1.0815513E+002, 1.0796373E+002, 1.0657423E+002, 1.1774849E+002, 1.3129806E+002, 1.3637240E+002, 1.3539504E+002, 1.3136055E+002, 1.2848229E+002, 1.2602230E+002, 1.2401405E+002, 1.2131544E+002, 1.1968176E+002, 1.1698731E+002, 1.1509682E+002, 1.1302827E+002, 1.1255148E+002, 1.1364744E+002, 1.1752510E+002, 1.2640972E+002, 1.3119120E+002, 1.3669425E+002, 1.4188885E+002, 1.4932219E+002, 1.5120581E+002, 1.4964027E+002, 1.4786715E+002, 1.4541810E+002, 1.4407754E+002, 1.4409585E+002, 1.4800765E+002, 1.6028510E+002, 1.6807446E+002, 1.7089388E+002, 1.6861348E+002, 1.6313775E+002, 1.5820765E+002, 1.4606612E+002, 1.3510099E+002, 1.2037506E+002, 1.1671985E+002, 1.2486525E+002, 1.3525236E+002, 1.4689828E+002, 1.5236544E+002, 1.6499595E+002, 1.6876522E+002, 1.6205391E+002, 1.5844636E+002, 1.6864056E+002, 1.7724374E+002, 1.7301955E+002, 1.7144071E+002, 1.6026081E+002, 1.4902833E+002, 1.4438902E+002, 1.4198630E+002, 1.4113044E+002, 1.7002261E+002, 1.8827059E+002, 1.8620641E+002, 1.7469198E+002, 1.5037083E+002, 1.8787665E+002, 2.2254997E+002, 2.1416083E+002, 2.0513260E+002, 2.0548287E+002, 2.1214326E+002, 1.9904094E+002, 1.8445807E+002, 2.0155672E+002, 2.4783330E+002
 2.1000803E+002, 5.3789268E+001, 1.0808604E+002, 9.7546491E+001, 8.9242634E+001, 1.0742263E+002, 1.1628432E+002, 1.2183652E+002, 1.2287588E+002, 1.2256506E+002, 1.2190503E+002, 1.2049018E+002, 1.1929992E+002, 1.1710444E+002, 1.1502549E+002, 1.1052405E+002, 1.0802444E+002, 1.0615707E+002, 1.0437099E+002, 1.0169119E+002, 1.0035040E+002, 9.9879135E+001, 1.0545079E+002, 1.2327168E+002, 1.3026618E+002, 1.2997136E+002, 1.2819497E+002, 1.2348992E+002, 1.1996944E+002, 1.1906459E+002, 1.1823881E+002, 1.1624467E+002, 1.1520127E+002, 1.1347655E+002, 1.1230342E+002, 1.1094283E+002, 1.1041795E+002, 1.1063413E+002, 1.1360631E+002, 1.2162811E+002, 1.2624670E+002, 1.3510579E+002, 1.4181044E+002, 1.4685354E+002, 1.4665838E+002, 1.4430826E+002, 1.4232271E+002, 1.3931707E+002, 1.3854650E+002, 1.4482725E+002, 1.5285745E+002, 1.6146134E+002, 1.6201870E+002, 1.5764714E+002, 1.5337066E+002, 1.4623844E+002, 1.4046541E+002, 1.2979755E+002, 1.2274772E+002, 1.1760654E+002, 1.2177207E+002, 1.4158120E+002, 1.5714447E+002, 1.7240197E+002, 1.7670084E+002, 1.7690596E+002, 1.7552331E+002, 1.7565055E+002, 1.7743314E+002, 1.7697176E+002, 1.6525124E+002, 1.4867638E+002, 1.4857536E+002, 1.5483388E+002, 1.5799501E+002, 1.6311180E+002, 1.6749564E+002, 1.8080457E+002, 1.8671036E+002, 1.9082864E+002, 1.9167740E+002, 1.8522706E+002, 1.8677205E+002, 2.0381457E+002, 2.1080583E+002, 2.1281909E+002, 2.1142998E+002, 2.0888957E+002, 2.0216000E+002, 1.9411649E+002, 2.0616594E+002, 2.2988804E+002, 2.3952533E+002, 2.3648205E+002, 2.2636934E+002, 2.1281355E+002, 2.1157819E+002, 2.1931554E+002, 2.2276503E+002, 2.1637169E+002, 2.0972121E+002, 2.1374127E+002, 2.2029531E+002, 2.1580094E+002, 2.1234865E+002, 2.0996373E+002, 2.0598666E+002, 2.0033053E+002, 2.0070743E+002, 2.0694991E+002, 2.0904524E+002, 2.0046519E+002, 1.7552066E+002, 1.7348023E+002, 1.7396843E+002, 1.7461726E+002, 1.7543835E+002, 1.7686790E+002, 1.8366796E+002, 1.9590241E+002, 1.9432121E+002, 1.8970247E+002, 1.8869396E+002, 1.8569058E+002, 1.8308649E+002, 1.8223964E+002, 1.9445225E+002, 2.2106403E+002, 2.3621972E+002, 2.4117885E+002, 2.4092665E+002, 2.3051203E+002, 2.2032743E+002, 2.1368069E+002, 2.0937060E+002, 2.0261765E+002, 1.9990271E+002, 2.0395418E+002, 2.0556552E+002, 2.0388694E+002, 2.0229107E+002, 1.9777889E+002, 1.8859310E+002, 2.0754059E+002, 2.1494282E+002, 1.9997176E+002, 1.8776882E+002, 1.9723443E+002, 1.9933373E+002, 2.0173169E+002, 2.0263066E+002, 2.0272163E+002, 2.0212416E+002, 2.0240283E+002, 2.0127999E+002, 2.0096307E+002, 2.0133219E+002, 2.0186715E+002, 2.0161534E+002, 1.9908250E+002, 1.9462276E+002, 4.3800175E+001, 1.0538168E+002, 1.0058234E+002, 9.8655230E+001, 1.1335368E+002, 1.1959455E+002, 1.2351209E+002, 1.2422527E+002, 1.2383588E+002, 1.2370018E+002, 1.2226083E+002, 1.2073365E+002, 1.1955283E+002, 1.1943438E+002, 1.1673588E+002, 1.1493368E+002, 1.1455245E+002, 1.1313177E+002, 1.0956415E+002, 1.0710463E+002, 1.0604709E+002, 1.0736888E+002, 1.2188028E+002, 1.3148356E+002, 1.3321303E+002, 1.3231752E+002, 1.2883756E+002, 1.2557826E+002, 1.2369956E+002, 1.2219147E+002, 1.1994424E+002, 1.1859137E+002, 1.1639344E+002, 1.1479193E+002, 1.1254569E+002, 1.1177381E+002, 1.1257341E+002, 1.1684978E+002, 1.2628364E+002, 1.3113534E+002, 1.3871541E+002, 1.4466970E+002, 1.4948293E+002, 1.4911669E+002, 1.4629431E+002, 1.4427978E+002, 1.4168015E+002, 1.4083566E+002, 1.4648652E+002, 1.5476571E+002, 1.6467226E+002, 1.6641628E+002, 1.6441363E+002, 1.6167360E+002, 1.5617914E+002, 1.5139743E+002, 1.4088085E+002, 1.3095510E+002, 1.1960483E+002, 1.1825976E+002, 1.3107438E+002, 1.4408588E+002, 1.6000357E+002, 1.6772980E+002, 1.7029700E+002, 1.6434549E+002, 1.5159072E+002, 1.4793414E+002, 1.5707207E+002, 1.6287306E+002, 1.6758586E+002, 1.6973486E+002, 1.5816366E+002, 1.5141113E+002, 1.5201322E+002, 1.5288723E+002, 1.4933508E+002, 1.6562293E+002, 1.8943493E+002, 1.8989029E+002, 1.6916288E+002, 1.4961312E+002, 1.7274834E+002, 2.0484926E+002, 2.0179719E+002, 1.7994919E+002, 1.8565749E+002, 1.9016860E+002, 1.9611231E+002, 1.9468524E+002, 2.1060960E+002, 2.4319962E+002, 2.4778303E+002, 2.3109955E+002
 2.1100717E+002, 4.6377620E+001, 9.9744778E+001, 9.0692284E+001, 1.1276240E+002, 1.2067237E+002, 1.2058543E+002, 1.1985134E+002, 1.1912198E+002, 1.1748585E+002, 1.1629657E+002, 1.1442304E+002, 1.1266545E+002, 1.0863446E+002, 1.0627145E+002, 1.0462213E+002, 1.0342306E+002, 1.0093808E+002, 9.9108438E+001, 1.0255577E+002, 1.1266597E+002, 1.2567033E+002, 1.2836968E+002, 1.2718409E+002, 1.2562926E+002, 1.2128074E+002, 1.1771827E+002, 1.1649450E+002, 1.1618359E+002, 1.1450159E+002, 1.1359280E+002, 1.1197998E+002, 1.1082965E+002, 1.0935640E+002, 1.0884522E+002, 1.0955269E+002, 1.1289933E+002, 1.2059330E+002, 1.2632684E+002, 1.3672194E+002, 1.4188237E+002, 1.4383746E+002, 1.4265209E+002, 1.3987458E+002, 1.3783664E+002, 1.3645849E+002, 1.4003231E+002, 1.5080092E+002, 1.5661004E+002, 1.5780279E+002, 1.5513535E+002, 1.4977486E+002, 1.4572547E+002, 1.3858148E+002, 1.3294044E+002, 1.2340288E+002, 1.1841936E+002, 1.2032135E+002, 1.3031419E+002, 1.5094303E+002, 1.6206355E+002, 1.7056135E+002, 1.7186050E+002, 1.6949985E+002, 1.6807346E+002, 1.6902789E+002, 1.7019650E+002, 1.5904822E+002, 1.4986625E+002, 1.4956642E+002, 1.5413942E+002, 1.5735066E+002, 1.5903855E+002, 1.6211896E+002, 1.6570773E+002, 1.7582060E+002, 1.8171728E+002, 1.8230145E+002, 1.7977559E+002, 1.8008938E+002, 1.8779461E+002, 2.0068612E+002, 2.0422927E+002, 2.0119396E+002, 1.9853722E+002, 1.9569308E+002, 1.9229931E+002, 1.9714766E+002, 2.1701477E+002, 2.3534380E+002, 2.3506799E+002, 2.2946130E+002, 2.2012368E+002, 2.0818724E+002, 2.1143523E+002, 2.2119782E+002, 2.2576954E+002, 2.2511931E+002, 2.2223924E+002, 1.9454153E+002, 2.0503110E+002, 2.1100476E+002, 2.0853035E+002, 2.0587967E+002, 1.9940617E+002, 1.9333265E+002, 1.9740672E+002, 2.0524007E+002, 2.0347694E+002, 1.8921731E+002, 1.7893400E+002, 1.7010122E+002, 1.7198692E+002, 1.7434251E+002, 1.7475683E+002, 1.7278638E+002, 1.7194322E+002, 1.8408532E+002, 1.9736301E+002, 1.9978681E+002, 1.9624516E+002, 1.9076020E+002, 1.9029061E+002, 1.9160405E+002, 1.9320968E+002, 1.9254572E+002, 1.8905686E+002, 1.8289694E+002, 1.8116025E+002, 1.9910494E+002, 2.1433674E+002, 2.3076299E+002, 2.3088746E+002, 2.2755924E+002, 2.2669407E+002, 2.2735333E+002, 2.2722758E+002, 2.1840871E+002, 2.1187282E+002, 2.0308666E+002, 1.9685699E+002, 1.9689940E+002, 1.9537876E+002, 1.8756517E+002, 1.9719697E+002, 2.1238539E+002, 2.0611755E+002, 1.7673455E+002, 1.9460047E+002, 1.9670443E+002, 1.9808731E+002, 2.0007947E+002, 1.9984942E+002, 1.9850078E+002, 2.0004987E+002, 1.9726772E+002, 1.9698579E+002, 1.9668191E+002, 1.9705073E+002, 1.9739588E+002, 1.9617079E+002, 3.5672198E+001, 9.1828000E+001, 1.0007212E+002, 1.1544359E+002, 1.2345564E+002, 1.2294203E+002, 1.2184309E+002, 1.2120734E+002, 1.1978853E+002, 1.1853619E+002, 1.1752403E+002, 1.1719662E+002, 1.1479158E+002, 1.1325702E+002, 1.1288352E+002, 1.1186135E+002, 1.0866314E+002, 1.0586541E+002, 1.0512109E+002, 1.1190730E+002, 1.2519062E+002, 1.3012749E+002, 1.3002219E+002, 1.2895191E+002, 1.2633060E+002, 1.2331525E+002, 1.2151468E+002, 1.2040275E+002, 1.1840609E+002, 1.1724221E+002, 1.1537193E+002, 1.1402861E+002, 1.1192338E+002, 1.1105676E+002, 1.1232552E+002, 1.1684112E+002, 1.2599513E+002, 1.3175985E+002, 1.4109998E+002, 1.4572149E+002, 1.4738145E+002, 1.4599625E+002, 1.4289331E+002, 1.4074626E+002, 1.3888378E+002, 1.4190619E+002, 1.5309208E+002, 1.5961998E+002, 1.6230185E+002, 1.6070179E+002, 1.5684498E+002, 1.5354077E+002, 1.4733559E+002, 1.4248702E+002, 1.3400930E+002, 1.2714964E+002, 1.2042653E+002, 1.2293490E+002, 1.3507815E+002, 1.4589388E+002, 1.6088586E+002, 1.6749352E+002, 1.6699795E+002, 1.6179237E+002, 1.5309901E+002, 1.4986187E+002, 1.5241394E+002, 1.5589379E+002, 1.6265567E+002, 1.6231795E+002, 1.5888404E+002, 1.5872573E+002, 1.5778542E+002, 1.5474210E+002, 1.6086059E+002, 1.7350599E+002, 1.8819165E+002, 1.8222860E+002, 1.6371453E+002, 1.5870591E+002, 1.6668340E+002, 1.8365111E+002, 1.8262836E+002, 1.7643212E+002, 1.6116448E+002, 1.6369367E+002, 1.9995399E+002, 2.1441267E+002, 2.2327630E+002, 2.3615668E+002, 2.3584019E+002, 2.2774246E+002, 2.2499170E+002, 2.3372859E+002
 2.1200077E+002, 6.6351307E+001, 9.7730623E+001, 1.1429477E+002, 1.1730734E+002, 1.1712658E+002, 1.1664040E+002, 1.1513758E+002, 1.1405173E+002, 1.1235141E+002, 1.1058484E+002, 1.0646147E+002, 1.0439810E+002, 1.0355144E+002, 1.0268583E+002, 1.0008767E+002, 9.8492166E+001, 1.0694793E+002, 1.1689338E+002, 1.2596454E+002, 1.2591787E+002, 1.2443868E+002, 1.2313518E+002, 1.1956230E+002, 1.1603998E+002, 1.1392583E+002, 1.1419809E+002, 1.1305907E+002, 1.1223720E+002, 1.1081849E+002, 1.0966479E+002, 1.0800997E+002, 1.0731195E+002, 1.0839258E+002, 1.1201683E+002, 1.2037633E+002, 1.2711624E+002, 1.3694612E+002, 1.4056037E+002, 1.4069289E+002, 1.3922309E+002, 1.3622082E+002, 1.3429284E+002, 1.3693263E+002, 1.4383890E+002, 1.5359564E+002, 1.5565040E+002, 1.5270017E+002, 1.4912068E+002, 1.4298239E+002, 1.3828440E+002, 1.3031699E+002, 1.2472482E+002, 1.1815962E+002, 1.1872978E+002, 1.2996149E+002, 1.4124774E+002, 1.5632456E+002, 1.6247186E+002, 1.6612174E+002, 1.6603131E+002, 1.6386479E+002, 1.6269813E+002, 1.6293312E+002, 1.6212625E+002, 1.5143252E+002, 1.4566103E+002, 1.5096672E+002, 1.5530764E+002, 1.5748738E+002, 1.5894272E+002, 1.6327171E+002, 1.6830927E+002, 1.7492207E+002, 1.7609362E+002, 1.7383171E+002, 1.7354945E+002, 1.8023656E+002, 1.8651347E+002, 1.9190594E+002, 1.9255258E+002, 1.9020811E+002, 1.8728632E+002, 1.8565194E+002, 1.8389910E+002, 2.0411042E+002, 2.2143477E+002, 2.2771296E+002, 2.2365843E+002, 2.1831124E+002, 2.0875229E+002, 2.0583356E+002, 2.1126284E+002, 2.2180868E+002, 2.2448359E+002, 2.2636818E+002, 2.2655566E+002, 2.2221615E+002, 2.1728449E+002, 2.0080411E+002, 2.0559765E+002, 2.0349507E+002, 1.9653331E+002, 1.9112348E+002, 1.9279354E+002, 1.9831424E+002, 1.9783518E+002, 1.7513917E+002, 1.6633960E+002, 1.7140132E+002, 1.7421695E+002, 1.7674010E+002, 1.7736001E+002, 1.7684304E+002, 1.7612786E+002, 1.7235278E+002, 1.7046659E+002, 1.8831414E+002, 1.9340355E+002, 1.9221236E+002, 1.9196570E+002, 1.8593713E+002, 1.8519558E+002, 1.8655206E+002, 1.8841347E+002, 1.9123848E+002, 1.9166775E+002, 1.9586612E+002, 1.9811805E+002, 1.9443398E+002, 1.8967505E+002, 1.8596965E+002, 1.9207472E+002, 2.0355407E+002, 2.1201634E+002, 2.2101034E+002, 2.2108460E+002, 2.1682396E+002, 2.1446531E+002, 2.1338167E+002, 2.1433753E+002, 2.0723136E+002, 1.9960985E+002, 1.8876300E+002, 1.8048609E+002, 2.1073130E+002, 2.1121422E+002, 1.9569435E+002, 1.7587341E+002, 1.9363172E+002, 1.9542801E+002, 2.0036024E+002, 2.0362862E+002, 2.0434629E+002, 2.0234719E+002, 2.0235386E+002, 1.9820385E+002, 1.9878060E+002, 1.9524760E+002, 1.9251140E+002, 1.9256875E+002, 5.2720946E+001, 9.5861814E+001, 1.1510239E+002, 1.2112460E+002, 1.2035565E+002, 1.1955996E+002, 1.1788528E+002, 1.1698447E+002, 1.1624348E+002, 1.1548492E+002, 1.1259535E+002, 1.1127703E+002, 1.1143407E+002, 1.1079417E+002, 1.0759740E+002, 1.0488987E+002, 1.0777333E+002, 1.1629425E+002, 1.2699766E+002, 1.2835959E+002, 1.2680314E+002, 1.2557281E+002, 1.2394745E+002, 1.2162143E+002, 1.1923769E+002, 1.1902805E+002, 1.1689536E+002, 1.1575344E+002, 1.1440170E+002, 1.1335272E+002, 1.1142559E+002, 1.1040726E+002, 1.1201695E+002, 1.1669838E+002, 1.2623368E+002, 1.3291846E+002, 1.4195655E+002, 1.4510905E+002, 1.4480640E+002, 1.4313057E+002, 1.3997077E+002, 1.3786630E+002, 1.3943362E+002, 1.4606853E+002, 1.5639797E+002, 1.5930410E+002, 1.5777787E+002, 1.5521025E+002, 1.5023434E+002, 1.4601419E+002, 1.3860111E+002, 1.3337457E+002, 1.2614894E+002, 1.2320988E+002, 1.2420750E+002, 1.2871879E+002, 1.3811401E+002, 1.4433856E+002, 1.5383701E+002, 1.5915314E+002, 1.6190274E+002, 1.5868371E+002, 1.5097272E+002, 1.4633485E+002, 1.4780290E+002, 1.5067902E+002, 1.5723637E+002, 1.5947511E+002, 1.5910794E+002, 1.5725718E+002, 1.5192781E+002, 1.5379240E+002, 1.6861601E+002, 1.7768983E+002, 1.7809699E+002, 1.7206792E+002, 1.6352812E+002, 1.6486325E+002, 1.6824220E+002, 1.6569225E+002, 1.7022584E+002, 1.6217464E+002, 1.6387273E+002, 1.7495116E+002, 2.0223145E+002, 2.1623015E+002, 2.2755357E+002, 2.2753662E+002, 2.2748542E+002, 2.2254978E+002, 2.2557143E+002, 2.3269870E+002, 2.3851005E+002, 2.4037467E+002
 2.1300751E+002, 9.2776242E+001, 1.1010318E+002, 1.1307268E+002, 1.1359232E+002, 1.1304576E+002, 1.1230759E+002, 1.1087831E+002, 1.0912667E+002, 1.0480607E+002, 1.0231252E+002, 1.0202721E+002, 1.0161991E+002, 9.8972709E+001, 1.0055384E+002, 1.1141993E+002, 1.1977201E+002, 1.2411287E+002, 1.2336202E+002, 1.2170487E+002, 1.2051038E+002, 1.1741393E+002, 1.1444321E+002, 1.1189449E+002, 1.1210751E+002, 1.1165369E+002, 1.1081297E+002, 1.0960878E+002, 1.0859254E+002, 1.0701857E+002, 1.0619231E+002, 1.0712991E+002, 1.1070113E+002, 1.2019147E+002, 1.2791911E+002, 1.3661532E+002, 1.3860966E+002, 1.3745064E+002, 1.3586071E+002, 1.3308563E+002, 1.3266174E+002, 1.3933658E+002, 1.4615895E+002, 1.5244782E+002, 1.5171402E+002, 1.4728809E+002, 1.4357480E+002, 1.3736393E+002, 1.3250834E+002, 1.2397592E+002, 1.1870245E+002, 1.1928633E+002, 1.2700927E+002, 1.4198474E+002, 1.4992917E+002, 1.5657197E+002, 1.5871474E+002, 1.5994069E+002, 1.5955280E+002, 1.5841005E+002, 1.5781993E+002, 1.5650332E+002, 1.5348754E+002, 1.4606708E+002, 1.4437772E+002, 1.5018307E+002, 1.5364049E+002, 1.5498017E+002, 1.5744528E+002, 1.6504187E+002, 1.6895926E+002, 1.6999358E+002, 1.6907339E+002, 1.7037392E+002, 1.7389516E+002, 1.7990498E+002, 1.8223506E+002, 1.8184636E+002, 1.8089038E+002, 1.7897250E+002, 1.7663523E+002, 1.7484973E+002, 1.8206652E+002, 2.0439736E+002, 2.1902173E+002, 2.2080651E+002, 2.1743168E+002, 2.0764187E+002, 2.0316294E+002, 2.0509152E+002, 2.0964432E+002, 2.1899663E+002, 2.2673607E+002, 2.2984545E+002, 2.2778786E+002, 2.2723568E+002, 2.2810034E+002, 2.2102042E+002, 1.8985687E+002, 1.9604815E+002, 1.9255317E+002, 1.9143106E+002, 1.9649906E+002, 2.0021897E+002, 1.9941425E+002, 1.8569580E+002, 1.6426191E+002, 1.6864519E+002, 1.7526252E+002, 1.7809542E+002, 1.8055612E+002, 1.8701115E+002, 1.9398056E+002, 1.9981438E+002, 1.9867068E+002, 1.8653953E+002, 1.8424564E+002, 1.7909181E+002, 1.8823472E+002, 1.8272299E+002, 1.8478620E+002, 1.8443048E+002, 1.8068644E+002, 1.8314612E+002, 1.8851287E+002, 1.9162020E+002, 1.8169715E+002, 1.9706122E+002, 2.0033989E+002, 2.0168860E+002, 2.0257486E+002, 2.0353165E+002, 2.0339087E+002, 2.0077703E+002, 1.9660224E+002, 1.9080982E+002, 1.9092826E+002, 1.9466434E+002, 1.9732322E+002, 2.0108882E+002, 2.0595798E+002, 2.0907438E+002, 2.0566439E+002, 2.0582372E+002, 1.9913393E+002, 1.9175033E+002, 2.0631634E+002, 2.0773171E+002, 1.9356592E+002, 1.8183913E+002, 1.9934990E+002, 1.9867056E+002, 1.9963684E+002, 2.0239241E+002, 2.0277408E+002, 2.0220612E+002, 2.0226262E+002, 2.0435640E+002, 2.0348102E+002, 1.9834129E+002, 1.9327306E+002, 8.7434127E+001, 1.1138709E+002, 1.1858167E+002, 1.1811732E+002, 1.1649804E+002, 1.1569328E+002, 1.1500223E+002, 1.1409428E+002, 1.1080742E+002, 1.0896134E+002, 1.0953328E+002, 1.0914402E+002, 1.0580463E+002, 1.0467381E+002, 1.1224182E+002, 1.1921408E+002, 1.2569642E+002, 1.2589256E+002, 1.2435355E+002, 1.2311946E+002, 1.2134367E+002, 1.1965397E+002, 1.1758587E+002, 1.1753877E+002, 1.1588825E+002, 1.1432098E+002, 1.1301864E+002, 1.1235315E+002, 1.1098460E+002, 1.1004651E+002, 1.1168359E+002, 1.1631033E+002, 1.2679791E+002, 1.3417138E+002, 1.4189014E+002, 1.4352413E+002, 1.4201179E+002, 1.4012495E+002, 1.3707608E+002, 1.3632260E+002, 1.4246856E+002, 1.4905569E+002, 1.5594028E+002, 1.5587483E+002, 1.5265795E+002, 1.4961674E+002, 1.4406771E+002, 1.3966071E+002, 1.3161927E+002, 1.2618318E+002, 1.2264128E+002, 1.2505549E+002, 1.3136135E+002, 1.3514337E+002, 1.3965488E+002, 1.4246131E+002, 1.4702053E+002, 1.4998180E+002, 1.5322144E+002, 1.5347109E+002, 1.4770522E+002, 1.4278687E+002, 1.4259864E+002, 1.4706338E+002, 1.5460689E+002, 1.5771666E+002, 1.5695867E+002, 1.5501559E+002, 1.5875647E+002, 1.6526347E+002, 1.7198400E+002, 1.7093838E+002, 1.6316373E+002, 1.6002244E+002, 1.6355008E+002, 1.6737482E+002, 1.6523968E+002, 1.5982653E+002, 1.5398463E+002, 1.5201573E+002, 1.4970793E+002, 1.7175028E+002, 2.0599071E+002, 2.1629551E+002, 2.1860501E+002, 2.1731275E+002, 2.1804904E+002, 2.1821213E+002, 2.2548862E+002, 2.3405225E+002, 2.3924068E+002, 2.3848463E+002, 2.3948378E+002, 2.2025174E+002
 2.1400200E+002, 1.0954598E+002, 1.1141298E+002, 1.0987254E+002, 1.1000529E+002, 1.0958328E+002, 1.0792843E+002, 1.0384958E+002, 1.0106871E+002, 1.0017927E+002, 1.0002882E+002, 9.9050012E+001, 1.0403949E+002, 1.1561018E+002, 1.2126141E+002, 1.2157990E+002, 1.2071342E+002, 1.1929370E+002, 1.1825875E+002, 1.1568008E+002, 1.1298260E+002, 1.0962563E+002, 1.0984213E+002, 1.1022067E+002, 1.0947764E+002, 1.0846581E+002, 1.0759145E+002, 1.0601548E+002, 1.0511979E+002, 1.0591191E+002, 1.0993035E+002, 1.2093863E+002, 1.2862018E+002, 1.3586407E+002, 1.3636544E+002, 1.3426223E+002, 1.3249655E+002, 1.3065870E+002, 1.3295395E+002, 1.4171472E+002, 1.4764497E+002, 1.4960553E+002, 1.4763753E+002, 1.4261745E+002, 1.3862094E+002, 1.3208932E+002, 1.2709757E+002, 1.1905362E+002, 1.1679504E+002, 1.2529447E+002, 1.3548899E+002, 1.4782921E+002, 1.5107639E+002, 1.5296233E+002, 1.5351816E+002, 1.5345729E+002, 1.5325642E+002, 1.5306981E+002, 1.5261104E+002, 1.4918800E+002, 1.4540040E+002, 1.4160808E+002, 1.4311556E+002, 1.4875984E+002, 1.5065586E+002, 1.5290466E+002, 1.5668592E+002, 1.6413629E+002, 1.6584336E+002, 1.6417017E+002, 1.6505996E+002, 1.7020257E+002, 1.7336660E+002, 1.7493573E+002, 1.7394220E+002, 1.7140379E+002, 1.6983314E+002, 1.6768215E+002, 1.6619790E+002, 1.7192754E+002, 1.8360981E+002, 2.0428709E+002, 2.1280134E+002, 2.1172137E+002, 2.0788190E+002, 2.0314863E+002, 2.0612305E+002, 2.0609687E+002, 2.0799151E+002, 2.1584892E+002, 2.2687901E+002, 2.2567266E+002, 2.1746433E+002, 2.1473675E+002, 2.1713252E+002, 2.1932621E+002, 2.1875889E+002, 1.9568226E+002, 1.8384648E+002, 1.8880034E+002, 2.0086432E+002, 2.0440625E+002, 2.0044357E+002, 1.9230046E+002, 1.7230723E+002, 1.6707069E+002, 1.7398126E+002, 1.7947624E+002, 1.8450309E+002, 1.9377968E+002, 1.9780790E+002, 1.9944187E+002, 1.9843235E+002, 1.9653289E+002, 1.9480200E+002, 1.9284464E+002, 1.8829448E+002, 1.8880238E+002, 1.9960950E+002, 1.9677321E+002, 1.8932303E+002, 1.7509632E+002, 1.7718071E+002, 1.7536372E+002, 1.8510674E+002, 1.9216640E+002, 1.6879385E+002, 2.0273315E+002, 2.0105222E+002, 1.9837887E+002, 2.0202724E+002, 2.0198080E+002, 2.0510054E+002, 2.0694768E+002, 2.0849375E+002, 2.0899527E+002, 2.0828968E+002, 2.0618851E+002, 2.0439033E+002, 2.0070950E+002, 1.9553046E+002, 1.9036119E+002, 1.9165488E+002, 1.9107655E+002, 1.9471302E+002, 1.9996168E+002, 1.8314174E+002, 2.0481504E+002, 2.0428608E+002, 1.7434964E+002, 1.8494989E+002, 1.9376151E+002, 1.9586752E+002, 1.9781216E+002, 1.9889219E+002, 1.9992950E+002, 2.0034559E+002, 1.9986932E+002, 1.9959254E+002, 2.0017988E+002, 2.0022688E+002, 1.0063254E+002, 1.1549807E+002, 1.1506732E+002, 1.1436184E+002, 1.1387752E+002, 1.1302380E+002, 1.0985518E+002, 1.0755814E+002, 1.0739286E+002, 1.0707594E+002, 1.0390844E+002, 1.0652065E+002, 1.1579507E+002, 1.2198694E+002, 1.2331430E+002, 1.2274851E+002, 1.2153121E+002, 1.2043189E+002, 1.1916612E+002, 1.1799308E+002, 1.1550285E+002, 1.1565700E+002, 1.1525706E+002, 1.1329392E+002, 1.1153210E+002, 1.1100365E+002, 1.1014174E+002, 1.0932085E+002, 1.1142962E+002, 1.1659502E+002, 1.2799983E+002, 1.3497014E+002, 1.4111257E+002, 1.4143998E+002, 1.3925801E+002, 1.3716089E+002, 1.3476456E+002, 1.3684018E+002, 1.4524237E+002, 1.5101170E+002, 1.5322872E+002, 1.5181453E+002, 1.4796733E+002, 1.4451136E+002, 1.3848775E+002, 1.3383212E+002, 1.2607124E+002, 1.2221922E+002, 1.2505201E+002, 1.3100779E+002, 1.3890059E+002, 1.4088409E+002, 1.4163130E+002, 1.4192283E+002, 1.4258461E+002, 1.4340922E+002, 1.4524233E+002, 1.4614399E+002, 1.4335012E+002, 1.3918605E+002, 1.3922324E+002, 1.4498377E+002, 1.5313429E+002, 1.5567253E+002, 1.5410746E+002, 1.5491550E+002, 1.6137867E+002, 1.6894803E+002, 1.6894626E+002, 1.6470231E+002, 1.6027860E+002, 1.6041132E+002, 1.6214248E+002, 1.6047226E+002, 1.5286854E+002, 1.4642462E+002, 1.4091362E+002, 1.4010389E+002, 1.5322092E+002, 1.7356742E+002, 2.0789363E+002, 2.1328829E+002, 2.1350097E+002, 2.1131528E+002, 2.0291823E+002, 2.0516676E+002, 2.2526770E+002, 2.3120199E+002, 2.2932466E+002, 2.1776864E+002, 2.0953002E+002, 2.0578200E+002, 1.8994550E+002, 2.0646927E+002
 2.1500022E+002, 1.0550118E+002, 1.0601767E+002, 1.0654505E+002, 1.0710868E+002, 1.0329744E+002, 1.0004679E+002, 9.8258301E+001, 9.8593957E+001, 9.9759068E+001, 1.0639024E+002, 1.1826006E+002, 1.1972591E+002, 1.1880555E+002, 1.1796282E+002, 1.1674351E+002, 1.1584246E+002, 1.1407683E+002, 1.1219301E+002, 1.0810823E+002, 1.0735487E+002, 1.0874530E+002, 1.0817816E+002, 1.0716932E+002, 1.0657054E+002, 1.0528196E+002, 1.0432641E+002, 1.0420916E+002, 1.0822989E+002, 1.2132945E+002, 1.2950160E+002, 1.3474056E+002, 1.3411935E+002, 1.3141169E+002, 1.2957907E+002, 1.2959217E+002, 1.3401484E+002, 1.4386274E+002, 1.4717542E+002, 1.4606301E+002, 1.4376259E+002, 1.3905734E+002, 1.3502901E+002, 1.2812425E+002, 1.2290354E+002, 1.1565942E+002, 1.1783777E+002, 1.3238435E+002, 1.4187111E+002, 1.4697974E+002, 1.4792790E+002, 1.4844146E+002, 1.4819313E+002, 1.4785051E+002, 1.4785287E+002, 1.4747850E+002, 1.4602117E+002, 1.4149921E+002, 1.3852272E+002, 1.3959460E+002, 1.4316270E+002, 1.4731168E+002, 1.4869847E+002, 1.5305915E+002, 1.5728517E+002, 1.6133787E+002, 1.6132044E+002, 1.6056682E+002, 1.6345410E+002, 1.6820445E+002, 1.6894968E+002, 1.6696024E+002, 1.6447245E+002, 1.6089108E+002, 1.5906421E+002, 1.5777031E+002, 1.6234704E+002, 1.7911248E+002, 1.9280596E+002, 2.0546233E+002, 2.0582117E+002, 2.0291653E+002, 2.0001110E+002, 1.9914584E+002, 2.0517521E+002, 2.1599995E+002, 2.1256072E+002, 2.0503333E+002, 2.1250263E+002, 2.0877410E+002, 2.0484388E+002, 2.1035254E+002, 2.1627274E+002, 2.1482992E+002, 2.1260534E+002, 2.0694291E+002, 1.8735170E+002, 1.8111170E+002, 1.9784412E+002, 2.0406651E+002, 1.9898047E+002, 1.9123178E+002, 1.7397504E+002, 1.6691064E+002, 1.7415854E+002, 1.8032205E+002, 1.8850105E+002, 1.9478204E+002, 1.9678345E+002, 1.9650789E+002, 1.9465446E+002, 1.9039058E+002, 1.8743181E+002, 1.8713372E+002, 1.9241486E+002, 2.0034729E+002, 2.0616181E+002, 2.1224541E+002, 2.0691784E+002, 1.9708548E+002, 1.9315158E+002, 1.8845041E+002, 1.7428726E+002, 1.6988452E+002, 1.7428574E+002, 1.8819771E+002, 1.7367795E+002, 2.0004445E+002, 1.9249696E+002, 1.9749323E+002, 1.9901769E+002, 1.9892676E+002, 2.0179352E+002, 2.0303567E+002, 2.0327697E+002, 2.0587320E+002, 2.0743024E+002, 2.0875396E+002, 2.0903939E+002, 2.0882184E+002, 2.0832075E+002, 2.0681491E+002, 2.0523493E+002, 1.9969787E+002, 1.9122025E+002, 1.8345586E+002, 1.8459298E+002, 1.8313874E+002, 1.9907218E+002, 1.8974338E+002, 1.6097448E+002, 1.8615031E+002, 1.9168849E+002, 1.9601324E+002, 1.9792549E+002, 1.9934401E+002, 1.9969699E+002, 1.9913974E+002, 1.9641365E+002, 1.9924933E+002, 1.9824177E+002, 8.3747031E+001, 1.1008871E+002, 1.1236068E+002, 1.1218113E+002, 1.0907709E+002, 1.0631599E+002, 1.0530657E+002, 1.0553418E+002, 1.0361124E+002, 1.0783478E+002, 1.1939262E+002, 1.2196980E+002, 1.2144180E+002, 1.2057450E+002, 1.1825723E+002, 1.1677031E+002, 1.1613293E+002, 1.1633095E+002, 1.1423823E+002, 1.1350772E+002, 1.1483269E+002, 1.1287692E+002, 1.1035337E+002, 1.0967942E+002, 1.0913766E+002, 1.0868229E+002, 1.1040024E+002, 1.1645439E+002, 1.2929544E+002, 1.3591395E+002, 1.3964533E+002, 1.3906951E+002, 1.3654620E+002, 1.3443626E+002, 1.3389025E+002, 1.3818147E+002, 1.4778462E+002, 1.5084152E+002, 1.4970001E+002, 1.4782585E+002, 1.4393934E+002, 1.4042373E+002, 1.3416349E+002, 1.2926038E+002, 1.2158318E+002, 1.2066261E+002, 1.2978250E+002, 1.3724366E+002, 1.4136322E+002, 1.4184683E+002, 1.4317374E+002, 1.4314110E+002, 1.4163045E+002, 1.4032163E+002, 1.3883394E+002, 1.3867062E+002, 1.3809127E+002, 1.3598645E+002, 1.3800347E+002, 1.4472581E+002, 1.5239629E+002, 1.5360354E+002, 1.5313088E+002, 1.5501965E+002, 1.5896536E+002, 1.6056600E+002, 1.6423097E+002, 1.6229535E+002, 1.6334248E+002, 1.6353894E+002, 1.6104732E+002, 1.5627770E+002, 1.4430078E+002, 1.3806596E+002, 1.3371408E+002, 1.3800750E+002, 1.6378804E+002, 1.8661942E+002, 2.0757699E+002, 2.0718146E+002, 2.0122411E+002, 2.0165947E+002, 1.9757541E+002, 1.9481778E+002, 2.1308822E+002, 2.2102602E+002, 2.1890759E+002, 2.0349837E+002, 1.9269720E+002, 1.9984606E+002, 1.9304360E+002, 2.0739753E+002, 2.3108900E+002, 2.3939584E+002
 2.1600255E+002, 7.1558428E+001, 1.0424207E+002, 1.0215257E+002, 1.0052454E+002, 9.5422910E+001, 9.5705901E+001, 1.0181111E+002, 1.0944306E+002, 1.1743591E+002, 1.1730630E+002, 1.1606555E+002, 1.1523849E+002, 1.1393998E+002, 1.1308889E+002, 1.1183612E+002, 1.1066175E+002, 1.0738030E+002, 1.0574725E+002, 1.0699930E+002, 1.0710365E+002, 1.0592435E+002, 1.0547019E+002, 1.0435727E+002, 1.0352863E+002, 1.0313491E+002, 1.0719105E+002, 1.2146113E+002, 1.2923194E+002, 1.3262346E+002, 1.3153860E+002, 1.2840956E+002, 1.2687988E+002, 1.3130575E+002, 1.3732886E+002, 1.4397856E+002, 1.4435634E+002, 1.4216909E+002, 1.3997518E+002, 1.3560858E+002, 1.3177847E+002, 1.2476618E+002, 1.1933328E+002, 1.1510827E+002, 1.2238789E+002, 1.3745097E+002, 1.4247238E+002, 1.4399665E+002, 1.4431078E+002, 1.4416641E+002, 1.4384013E+002, 1.4346206E+002, 1.4286157E+002, 1.4050050E+002, 1.3808459E+002, 1.3527729E+002, 1.3623060E+002, 1.4095814E+002, 1.4378454E+002, 1.4634840E+002, 1.4922447E+002, 1.5429374E+002, 1.5628959E+002, 1.5633539E+002, 1.5630673E+002, 1.5928436E+002, 1.6203193E+002, 1.6405430E+002, 1.6326915E+002, 1.5984356E+002, 1.5668324E+002, 1.5284192E+002, 1.5111678E+002, 1.5911180E+002, 1.7295291E+002, 1.9213589E+002, 1.9852318E+002, 1.9850527E+002, 1.9626050E+002, 1.9316851E+002, 1.9423695E+002, 2.0029599E+002, 2.0607322E+002, 2.0809736E+002, 2.0216112E+002, 1.9810063E+002, 1.9758560E+002, 1.9546275E+002, 1.9684733E+002, 2.0704565E+002, 2.1485886E+002, 2.1009355E+002, 2.0484713E+002, 2.0498695E+002, 1.9263630E+002, 1.8748685E+002, 1.9290472E+002, 2.1927695E+002, 2.4503533E+002, 2.0948396E+002, 1.8035982E+002, 1.6736945E+002, 1.7862616E+002, 1.8461941E+002, 1.8942561E+002, 1.9224107E+002, 1.9507605E+002, 1.9609388E+002, 1.9431169E+002, 1.8829545E+002, 1.8149786E+002, 1.8360481E+002, 1.9699256E+002, 2.1311701E+002, 2.1598965E+002, 2.1659496E+002, 2.1372441E+002, 2.0621974E+002, 1.9846288E+002, 1.8919186E+002, 1.8368355E+002, 1.8242766E+002, 1.8502442E+002, 1.7952382E+002, 1.6519926E+002, 1.6731395E+002, 1.8398487E+002, 1.8407916E+002, 1.8821732E+002, 1.8866643E+002, 1.8787350E+002, 1.9690664E+002, 1.9719189E+002, 1.9715030E+002, 1.9725297E+002, 1.9849525E+002, 1.9996453E+002, 2.0148280E+002, 2.0200790E+002, 2.0226209E+002, 2.0206138E+002, 2.0160650E+002, 2.0153724E+002, 2.0194911E+002, 2.0223348E+002, 2.0122438E+002, 1.9738595E+002, 1.8340506E+002, 1.7434936E+002, 1.8209877E+002, 1.6853597E+002, 1.7815868E+002, 1.8563796E+002, 1.9674898E+002, 1.9915446E+002, 2.0021079E+002, 1.9984397E+002, 1.9933088E+002, 2.0056730E+002, 2.0601686E+002, 2.0475656E+002, 4.9644500E+001, 1.0698304E+002, 1.0910408E+002, 1.0570598E+002, 1.0207156E+002, 1.0219711E+002, 1.0462649E+002, 1.1076335E+002, 1.1987868E+002, 1.2070058E+002, 1.1955835E+002, 1.1827156E+002, 1.1563378E+002, 1.1404287E+002, 1.1288978E+002, 1.1324819E+002, 1.1322594E+002, 1.1215941E+002, 1.1369824E+002, 1.1305604E+002, 1.0962462E+002, 1.0872486E+002, 1.0806909E+002, 1.0779953E+002, 1.0993857E+002, 1.1662103E+002, 1.3035965E+002, 1.3583901E+002, 1.3747506E+002, 1.3645593E+002, 1.3354776E+002, 1.3192021E+002, 1.3586121E+002, 1.4163094E+002, 1.4795613E+002, 1.4805638E+002, 1.4567766E+002, 1.4369486E+002, 1.4008826E+002, 1.3684894E+002, 1.3055776E+002, 1.2576458E+002, 1.1946809E+002, 1.2294236E+002, 1.3518998E+002, 1.4052953E+002, 1.4146916E+002, 1.4122991E+002, 1.4187609E+002, 1.4207156E+002, 1.4048556E+002, 1.3850606E+002, 1.3515993E+002, 1.3373453E+002, 1.3372252E+002, 1.3473026E+002, 1.4049933E+002, 1.4613770E+002, 1.5114343E+002, 1.5239692E+002, 1.5506686E+002, 1.5639296E+002, 1.5532844E+002, 1.5434806E+002, 1.5899621E+002, 1.6156567E+002, 1.6069735E+002, 1.6012261E+002, 1.5787929E+002, 1.5178724E+002, 1.4220553E+002, 1.4007603E+002, 1.4576171E+002, 1.6065264E+002, 1.8573761E+002, 1.9656076E+002, 1.9838475E+002, 1.9621401E+002, 1.8992102E+002, 1.9087834E+002, 1.9447523E+002, 1.9294157E+002, 2.0016931E+002, 2.0893389E+002, 2.1512947E+002, 2.1665581E+002, 1.8840610E+002, 1.9522135E+002, 1.9233432E+002, 2.0071198E+002, 2.3342197E+002, 2.4006665E+002, 2.3493153E+002, 2.1573493E+002
 2.1700071E+002, 2.4545669E+001, 9.7855581E+001, 9.6890785E+001, 9.2536173E+001, 9.8917348E+001, 1.0922054E+002, 1.1587775E+002, 1.1530542E+002, 1.1379127E+002, 1.1288998E+002, 1.1152700E+002, 1.1075352E+002, 1.0969831E+002, 1.0874068E+002, 1.0634748E+002, 1.0496290E+002, 1.0553055E+002, 1.0605706E+002, 1.0496464E+002, 1.0447302E+002, 1.0367097E+002, 1.0285492E+002, 1.0228755E+002, 1.0608149E+002, 1.1986887E+002, 1.2753269E+002, 1.3043314E+002, 1.2924377E+002, 1.2611494E+002, 1.2570263E+002, 1.3257880E+002, 1.3852327E+002, 1.4190002E+002, 1.4090444E+002, 1.3818472E+002, 1.3609252E+002, 1.3222320E+002, 1.2875434E+002, 1.2177053E+002, 1.1681536E+002, 1.1724407E+002, 1.2473433E+002, 1.3781523E+002, 1.4029549E+002, 1.4083124E+002, 1.4083563E+002, 1.4057115E+002, 1.4036917E+002, 1.3946240E+002, 1.3798396E+002, 1.3444180E+002, 1.3258942E+002, 1.3389362E+002, 1.3696876E+002, 1.4154884E+002, 1.4334073E+002, 1.4728379E+002, 1.5042606E+002, 1.5302947E+002, 1.5270634E+002, 1.5289118E+002, 1.5445701E+002, 1.5801920E+002, 1.5952428E+002, 1.5884294E+002, 1.5723134E+002, 1.5384467E+002, 1.5101666E+002, 1.4727939E+002, 1.4778345E+002, 1.6395968E+002, 1.7862856E+002, 1.9213129E+002, 1.9215652E+002, 1.8892185E+002, 1.8748770E+002, 1.9015233E+002, 1.9375088E+002, 1.9955773E+002, 2.0043798E+002, 1.9629477E+002, 1.9281767E+002, 1.9219213E+002, 1.9371803E+002, 1.9173083E+002, 1.9380711E+002, 2.0063194E+002, 2.1142041E+002, 2.1019761E+002, 2.0059556E+002, 1.9728942E+002, 1.9019143E+002, 1.8986739E+002, 2.1557166E+002, 2.4258340E+002, 2.6255431E+002, 2.6933587E+002, 2.6961072E+002, 1.8912815E+002, 1.7239276E+002, 1.8583208E+002, 1.8848157E+002, 1.9042754E+002, 1.9166005E+002, 1.9388277E+002, 1.9714075E+002, 1.9658410E+002, 1.8576827E+002, 1.7836141E+002, 1.9378045E+002, 2.1156584E+002, 2.1341949E+002, 2.1428790E+002, 2.1455019E+002, 2.1103214E+002, 2.0572321E+002, 1.9631889E+002, 1.8970506E+002, 1.8012944E+002, 1.7809268E+002, 1.8050308E+002, 1.8555091E+002, 1.9369763E+002, 1.9353213E+002, 1.7139972E+002, 1.5384845E+002, 1.7295182E+002, 1.7905765E+002, 1.7947212E+002, 1.6917893E+002, 1.9131778E+002, 1.9523633E+002, 1.9734315E+002, 1.9673414E+002, 2.0652111E+002, 2.0548967E+002, 2.0602199E+002, 2.0665550E+002, 2.0738908E+002, 2.0778717E+002, 2.0761018E+002, 2.0644755E+002, 2.0292647E+002, 1.9958167E+002, 1.9463686E+002, 1.9307380E+002, 1.9431431E+002, 1.9425587E+002, 1.8413090E+002, 1.7439200E+002, 1.5862267E+002, 1.6185917E+002, 1.9298326E+002, 1.9466462E+002, 1.9859319E+002, 2.0065957E+002, 2.0290308E+002, 2.0351361E+002, 2.0561048E+002, 2.0341471E+002, 2.3847075E+001, 1.0346364E+002, 1.0299570E+002, 9.8377233E+001, 1.0269095E+002, 1.1113421E+002, 1.1911656E+002, 1.1926717E+002, 1.1782172E+002, 1.1634983E+002, 1.1386335E+002, 1.1254449E+002, 1.1168360E+002, 1.1167830E+002, 1.1150183E+002, 1.1127041E+002, 1.1253203E+002, 1.1293343E+002, 1.0959518E+002, 1.0807636E+002, 1.0710298E+002, 1.0687013E+002, 1.0910841E+002, 1.1601110E+002, 1.2970996E+002, 1.3474006E+002, 1.3536287E+002, 1.3407601E+002, 1.3128285E+002, 1.3116992E+002, 1.3767327E+002, 1.4312491E+002, 1.4605425E+002, 1.4490160E+002, 1.4193198E+002, 1.3975069E+002, 1.3631139E+002, 1.3352403E+002, 1.2777445E+002, 1.2359602E+002, 1.2041648E+002, 1.2487638E+002, 1.3687620E+002, 1.4062772E+002, 1.4072584E+002, 1.4021331E+002, 1.3989140E+002, 1.3983306E+002, 1.3856666E+002, 1.3659697E+002, 1.3301106E+002, 1.3148570E+002, 1.3291126E+002, 1.3627907E+002, 1.4297511E+002, 1.4710319E+002, 1.5141848E+002, 1.5338776E+002, 1.5560556E+002, 1.5507273E+002, 1.5255401E+002, 1.5205466E+002, 1.5755246E+002, 1.6003872E+002, 1.5724697E+002, 1.5333281E+002, 1.5009521E+002, 1.4726927E+002, 1.4160302E+002, 1.4085718E+002, 1.5568799E+002, 1.7213894E+002, 1.9198255E+002, 1.9338130E+002, 1.8965239E+002, 1.8734676E+002, 1.8667492E+002, 1.8701761E+002, 1.9071810E+002, 1.9272394E+002, 1.9696784E+002, 2.0395199E+002, 2.1190389E+002, 2.1278051E+002, 2.0387256E+002, 1.9715350E+002, 1.9693688E+002, 1.9251018E+002, 2.1917394E+002, 2.3450300E+002, 2.2082700E+002, 2.0739202E+002, 2.1588961E+002, 2.4984631E+002
 2.1801156E+002, 2.0331154E+001, 5.3124778E+001, 9.0106032E+001, 8.8572528E+001, 1.1327686E+002, 1.1310744E+002, 1.1175172E+002, 1.1103941E+002, 1.0953518E+002, 1.0889603E+002, 1.0811323E+002, 1.0730989E+002, 1.0477319E+002, 1.0312254E+002, 1.0437039E+002, 1.0549155E+002, 1.0417078E+002, 1.0350921E+002, 1.0298185E+002, 1.0226465E+002, 1.0134767E+002, 1.0411409E+002, 1.1781089E+002, 1.2588469E+002, 1.2837832E+002, 1.2712348E+002, 1.2424510E+002, 1.2440341E+002, 1.3272162E+002, 1.3845929E+002, 1.3932970E+002, 1.3782234E+002, 1.3495772E+002, 1.3286515E+002, 1.2922866E+002, 1.2596808E+002, 1.1865727E+002, 1.1412334E+002, 1.1934836E+002, 1.2837219E+002, 1.3713316E+002, 1.3792426E+002, 1.3794807E+002, 1.3779132E+002, 1.3751325E+002, 1.3730417E+002, 1.3605559E+002, 1.3410200E+002, 1.3043109E+002, 1.2943253E+002, 1.3329698E+002, 1.3742624E+002, 1.4076988E+002, 1.4254511E+002, 1.4745095E+002, 1.5028199E+002, 1.4989218E+002, 1.4941441E+002, 1.5154336E+002, 1.5393679E+002, 1.5607631E+002, 1.5575318E+002, 1.5337983E+002, 1.5117752E+002, 1.4782415E+002, 1.4556548E+002, 1.4257196E+002, 1.4574234E+002, 1.6596980E+002, 1.8119517E+002, 1.8700731E+002, 1.8536634E+002, 1.8180495E+002, 1.8241829E+002, 1.8855212E+002, 1.9249463E+002, 1.9328662E+002, 1.9080794E+002, 1.8643943E+002, 1.8622274E+002, 1.9011454E+002, 1.9185720E+002, 1.9108655E+002, 1.9295634E+002, 1.9881200E+002, 2.0313646E+002, 2.1290016E+002, 2.0591777E+002, 1.9646347E+002, 1.8801322E+002, 1.9075888E+002, 2.2992445E+002, 2.5371222E+002, 2.5137189E+002, 2.3416656E+002, 2.1979274E+002, 2.2800154E+002, 2.4445328E+002, 1.6260290E+002, 1.8410480E+002, 1.8708133E+002, 1.9003502E+002, 1.9418073E+002, 1.9670689E+002, 1.9445935E+002, 1.9013022E+002, 1.8483713E+002, 1.8877682E+002, 2.0629289E+002, 2.0960697E+002, 2.1208985E+002, 2.1337826E+002, 2.1470606E+002, 2.1440152E+002, 2.1065954E+002, 2.0616929E+002, 2.0005686E+002, 1.8884133E+002, 1.7379725E+002, 1.7063095E+002, 1.8128342E+002, 1.8657308E+002, 1.9568420E+002, 1.9997596E+002, 1.9532687E+002, 1.8981841E+002, 1.6408633E+002, 1.5949308E+002, 1.7987036E+002, 1.5816802E+002, 1.8427733E+002, 1.9455122E+002, 1.9784281E+002, 1.9893001E+002, 2.0406240E+002, 2.0407923E+002, 2.0431720E+002, 2.0482231E+002, 2.0529606E+002, 2.0540416E+002, 2.0563814E+002, 2.0576034E+002, 2.0561232E+002, 2.0516842E+002, 2.0303671E+002, 1.9918447E+002, 1.9130945E+002, 1.8718681E+002, 1.8563453E+002, 1.8656616E+002, 1.7980727E+002, 1.5578662E+002, 1.6876975E+002, 1.9010809E+002, 1.9910489E+002, 2.0082662E+002, 2.0204606E+002, 2.0302171E+002, 2.0478163E+002, 2.0140135E+002, 2.0251588E+001, 7.1187794E+001, 9.8717334E+001, 9.5771159E+001, 1.1768056E+002, 1.1803866E+002, 1.1640955E+002, 1.1492947E+002, 1.1258549E+002, 1.1136193E+002, 1.1059262E+002, 1.1069055E+002, 1.1007418E+002, 1.0932177E+002, 1.1140573E+002, 1.1271091E+002, 1.0989126E+002, 1.0776379E+002, 1.0646567E+002, 1.0592411E+002, 1.0728563E+002, 1.1376603E+002, 1.2885938E+002, 1.3361985E+002, 1.3342212E+002, 1.3191987E+002, 1.2952104E+002, 1.3040955E+002, 1.3844885E+002, 1.4334598E+002, 1.4371207E+002, 1.4215285E+002, 1.3909286E+002, 1.3681243E+002, 1.3331183E+002, 1.3056122E+002, 1.2440627E+002, 1.2020447E+002, 1.2091699E+002, 1.2719846E+002, 1.3772027E+002, 1.3977778E+002, 1.3962962E+002, 1.3893642E+002, 1.3816105E+002, 1.3800547E+002, 1.3640827E+002, 1.3435170E+002, 1.3099492E+002, 1.2990892E+002, 1.3302376E+002, 1.3772486E+002, 1.4440942E+002, 1.4792971E+002, 1.5202381E+002, 1.5356559E+002, 1.5354149E+002, 1.5251899E+002, 1.5086421E+002, 1.5072985E+002, 1.5557613E+002, 1.5737355E+002, 1.5309792E+002, 1.4839399E+002, 1.4171686E+002, 1.4106740E+002, 1.3796782E+002, 1.3990762E+002, 1.5778949E+002, 1.7656524E+002, 1.8963049E+002, 1.8893766E+002, 1.8435360E+002, 1.8372529E+002, 1.8778175E+002, 1.8957731E+002, 1.8977838E+002, 1.9201905E+002, 1.9929698E+002, 2.0397282E+002, 2.0595622E+002, 2.0255006E+002, 1.9307958E+002, 1.9148781E+002, 1.9286445E+002, 1.8614324E+002, 2.0400073E+002, 2.2716448E+002, 2.1292898E+002, 2.0001931E+002, 2.1530327E+002, 2.5405067E+002, 2.6863035E+002, 2.4765309E+002
 2.1900698E+002, 2.0136522E+001, 5.0583939E+001, 8.1947413E+001, 1.0078724E+002, 1.0832052E+002, 1.0882053E+002, 1.0772851E+002, 1.0720454E+002, 1.0680357E+002, 1.0617974E+002, 1.0368332E+002, 1.0163615E+002, 1.0250165E+002, 1.0393292E+002, 1.0322787E+002, 1.0262830E+002, 1.0218973E+002, 1.0149757E+002, 1.0088729E+002, 1.0533268E+002, 1.1823030E+002, 1.2425483E+002, 1.2595788E+002, 1.2463309E+002, 1.2247230E+002, 1.2525225E+002, 1.3339060E+002, 1.3698564E+002, 1.3645387E+002, 1.3488716E+002, 1.3215506E+002, 1.3016375E+002, 1.2672322E+002, 1.2346053E+002, 1.1603701E+002, 1.1338122E+002, 1.2342430E+002, 1.3129514E+002, 1.3537066E+002, 1.3550567E+002, 1.3530579E+002, 1.3510152E+002, 1.3473468E+002, 1.3426205E+002, 1.3263437E+002, 1.3066341E+002, 1.2758656E+002, 1.2777030E+002, 1.3303681E+002, 1.3656825E+002, 1.3953276E+002, 1.4175809E+002, 1.4559634E+002, 1.4678402E+002, 1.4696714E+002, 1.4813643E+002, 1.5089546E+002, 1.5211430E+002, 1.5160175E+002, 1.5006666E+002, 1.4685044E+002, 1.4455786E+002, 1.4148788E+002, 1.3983703E+002, 1.4139796E+002, 1.5128282E+002, 1.7083223E+002, 1.7981610E+002, 1.8072728E+002, 1.7880692E+002, 1.7813108E+002, 1.8099813E+002, 1.8613742E+002, 1.8775823E+002, 1.8535280E+002, 1.8153149E+002, 1.8002996E+002, 1.8214202E+002, 1.8554746E+002, 1.8692610E+002, 1.8968552E+002, 1.9207363E+002, 1.9436058E+002, 1.9680805E+002, 2.0632366E+002, 2.1057410E+002, 1.9763356E+002, 1.8506402E+002, 2.0926039E+002, 2.3430866E+002, 2.4609765E+002, 2.3449153E+002, 2.1571571E+002, 2.0188871E+002, 1.9910876E+002, 2.0436651E+002, 2.2046564E+002, 2.1628696E+002, 1.7987559E+002, 1.8819497E+002, 1.9337580E+002, 1.9261759E+002, 1.8822083E+002, 1.8496404E+002, 1.8733925E+002, 1.9463718E+002, 2.0352498E+002, 2.0763997E+002, 2.1166477E+002, 2.1299307E+002, 2.1421956E+002, 2.1438142E+002, 2.1254513E+002, 2.0992084E+002, 2.0829935E+002, 2.1086246E+002, 2.1552326E+002, 2.1438077E+002, 2.0596690E+002, 1.8739267E+002, 1.6290954E+002, 1.7348543E+002, 1.9999081E+002, 2.1206985E+002, 2.1037543E+002, 1.9732947E+002, 1.9119946E+002, 1.8043442E+002, 1.5175499E+002, 1.7005381E+002, 1.8237087E+002, 1.8745333E+002, 1.9556085E+002, 1.9692218E+002, 1.9806650E+002, 1.9776556E+002, 1.9681574E+002, 1.9745589E+002, 1.9873982E+002, 1.9928914E+002, 1.9903796E+002, 1.9856949E+002, 1.9799643E+002, 1.9774174E+002, 1.9750345E+002, 1.9732060E+002, 1.9612430E+002, 1.9427235E+002, 1.8794727E+002, 1.8194040E+002, 1.7703128E+002, 1.8151526E+002, 1.4204043E+002, 1.8219682E+002, 1.9586610E+002, 1.9875357E+002, 2.0071498E+002, 2.0106858E+002, 2.0060357E+002, 1.9855466E+002, 2.0057172E+001, 4.5305753E+001, 9.5046941E+001, 1.1301712E+002, 1.1462345E+002, 1.1349929E+002, 1.1148724E+002, 1.1041755E+002, 1.0965387E+002, 1.0948267E+002, 1.0864025E+002, 1.0767891E+002, 1.0934748E+002, 1.1084465E+002, 1.0875510E+002, 1.0728005E+002, 1.0611946E+002, 1.0522550E+002, 1.0729536E+002, 1.1464963E+002, 1.2775605E+002, 1.3176010E+002, 1.3123433E+002, 1.2962170E+002, 1.2818844E+002, 1.3178535E+002, 1.3921761E+002, 1.4177363E+002, 1.4071125E+002, 1.3915478E+002, 1.3635575E+002, 1.3417173E+002, 1.3065419E+002, 1.2789797E+002, 1.2152635E+002, 1.1777702E+002, 1.2397305E+002, 1.3128787E+002, 1.3778600E+002, 1.3846052E+002, 1.3798904E+002, 1.3721794E+002, 1.3561825E+002, 1.3459483E+002, 1.3304888E+002, 1.3170171E+002, 1.2940393E+002, 1.2911233E+002, 1.3360212E+002, 1.3808682E+002, 1.4441798E+002, 1.4822067E+002, 1.5087845E+002, 1.5065078E+002, 1.5016731E+002, 1.5043613E+002, 1.5065771E+002, 1.5089623E+002, 1.5198203E+002, 1.5105937E+002, 1.4617641E+002, 1.4229012E+002, 1.3631146E+002, 1.3441899E+002, 1.3614100E+002, 1.4279434E+002, 1.6461834E+002, 1.7747249E+002, 1.8446007E+002, 1.8336306E+002, 1.8168392E+002, 1.8332390E+002, 1.8712360E+002, 1.8825942E+002, 1.8925400E+002, 1.9273418E+002, 1.9836531E+002, 1.9697264E+002, 1.8910624E+002, 1.8637669E+002, 1.8590766E+002, 1.8466963E+002, 1.6989236E+002, 1.5547070E+002, 1.5494637E+002, 1.8310864E+002, 2.0430037E+002, 1.9472116E+002, 2.2839807E+002, 2.6418645E+002, 2.7297698E+002, 2.3950949E+002, 2.1708683E+002, 1.8974253E+002
 2.2001444E+002, 2.0156342E+001, 5.1922472E+001, 7.8337274E+001, 1.0055426E+002, 1.0527164E+002, 1.0528916E+002, 1.0545208E+002, 1.0541734E+002, 1.0386459E+002, 1.0147128E+002, 9.9406644E+001, 1.0107939E+002, 1.0209122E+002, 1.0153638E+002, 1.0134951E+002, 1.0080586E+002, 1.0070270E+002, 1.0522609E+002, 1.1719349E+002, 1.2310030E+002, 1.2389077E+002, 1.2281376E+002, 1.2190263E+002, 1.2455458E+002, 1.3163030E+002, 1.3457366E+002, 1.3365186E+002, 1.3221865E+002, 1.2990915E+002, 1.2816143E+002, 1.2495178E+002, 1.2196822E+002, 1.1567133E+002, 1.1384511E+002, 1.2187957E+002, 1.3029776E+002, 1.3310370E+002, 1.3294051E+002, 1.3270402E+002, 1.3252057E+002, 1.3191026E+002, 1.3115102E+002, 1.2926780E+002, 1.2766247E+002, 1.2570071E+002, 1.2614627E+002, 1.3057048E+002, 1.3442775E+002, 1.3795142E+002, 1.3973873E+002, 1.4177840E+002, 1.4289833E+002, 1.4488787E+002, 1.4646300E+002, 1.4855399E+002, 1.4854098E+002, 1.4671617E+002, 1.4459625E+002, 1.4104329E+002, 1.3876446E+002, 1.3597046E+002, 1.3653538E+002, 1.4559779E+002, 1.5552002E+002, 1.7169423E+002, 1.7620226E+002, 1.7534191E+002, 1.7418742E+002, 1.7565225E+002, 1.7834449E+002, 1.8251546E+002, 1.8288472E+002, 1.8018269E+002, 1.7769070E+002, 1.7511989E+002, 1.7640791E+002, 1.8023943E+002, 1.8272821E+002, 1.8612159E+002, 1.8620990E+002, 1.8484979E+002, 1.8554101E+002, 1.9109275E+002, 1.9565184E+002, 1.9714408E+002, 2.0135941E+002, 2.1335670E+002, 2.3710209E+002, 2.3483412E+002, 2.2780315E+002, 2.1079389E+002, 1.9321017E+002, 1.8947978E+002, 1.9248570E+002, 1.9674819E+002, 2.0243482E+002, 2.0724558E+002, 1.8534172E+002, 1.8563307E+002, 1.8834808E+002, 1.8473465E+002, 1.8391681E+002, 1.8776148E+002, 1.9525093E+002, 2.0222995E+002, 2.0777359E+002, 2.1097573E+002, 2.1186304E+002, 2.1239835E+002, 2.1247839E+002, 2.1209886E+002, 2.1146105E+002, 2.0950805E+002, 2.0801200E+002, 2.0851065E+002, 2.0885950E+002, 2.0525739E+002, 2.0366964E+002, 2.0410348E+002, 2.0527779E+002, 2.0593175E+002, 1.8260483E+002, 1.7155147E+002, 2.0574685E+002, 2.2027559E+002, 2.2308912E+002, 2.0112028E+002, 1.9044696E+002, 1.7703754E+002, 1.6093001E+002, 1.7998320E+002, 1.8330770E+002, 1.8619240E+002, 1.9003338E+002, 1.9066605E+002, 1.9126378E+002, 1.9079219E+002, 1.8941987E+002, 1.9112280E+002, 1.9259274E+002, 1.9421905E+002, 1.9456343E+002, 1.9409208E+002, 1.9365703E+002, 1.9319027E+002, 1.9282334E+002, 1.9193250E+002, 1.9118160E+002, 1.8968702E+002, 1.8844433E+002, 1.8369890E+002, 1.7479378E+002, 1.6777256E+002, 1.5704278E+002, 1.9207413E+002, 1.9435078E+002, 1.9619633E+002, 1.9688105E+002, 1.9888038E+002, 1.9530576E+002, 2.0054015E+001, 3.7870646E+001, 9.2528565E+001, 1.1112607E+002, 1.1009660E+002, 1.0947218E+002, 1.0898839E+002, 1.0872838E+002, 1.0807570E+002, 1.0699671E+002, 1.0610523E+002, 1.0791947E+002, 1.0791306E+002, 1.0653219E+002, 1.0576602E+002, 1.0493534E+002, 1.0670729E+002, 1.1323029E+002, 1.2590176E+002, 1.3002257E+002, 1.2941108E+002, 1.2790871E+002, 1.2760318E+002, 1.3100050E+002, 1.3809709E+002, 1.3993638E+002, 1.3829440E+002, 1.3670524E+002, 1.3411544E+002, 1.3218111E+002, 1.2881601E+002, 1.2614397E+002, 1.2115056E+002, 1.1821422E+002, 1.2325965E+002, 1.3091266E+002, 1.3676748E+002, 1.3697185E+002, 1.3635294E+002, 1.3553127E+002, 1.3379869E+002, 1.3237281E+002, 1.3000529E+002, 1.2854177E+002, 1.2742268E+002, 1.2816942E+002, 1.3201478E+002, 1.3586423E+002, 1.4177716E+002, 1.4586297E+002, 1.4859995E+002, 1.4829547E+002, 1.4844458E+002, 1.4934834E+002, 1.4991658E+002, 1.4954237E+002, 1.4842117E+002, 1.4649143E+002, 1.4116095E+002, 1.3777631E+002, 1.3266649E+002, 1.3068774E+002, 1.3556074E+002, 1.4501968E+002, 1.6392327E+002, 1.7515096E+002, 1.7919437E+002, 1.7895432E+002, 1.7996866E+002, 1.8174977E+002, 1.8462220E+002, 1.8562499E+002, 1.8716889E+002, 1.8988595E+002, 1.9301139E+002, 1.8990946E+002, 1.7998684E+002, 1.7745935E+002, 1.8365160E+002, 1.8099726E+002, 1.5916248E+002, 1.4015777E+002, 1.3606294E+002, 1.5139331E+002, 1.8660243E+002, 2.0089325E+002, 2.3284317E+002, 2.6184070E+002, 2.5807050E+002, 2.3822994E+002, 2.1962808E+002, 2.1650603E+002, 2.0141891E+002, 1.9912235E+002
 2.2101222E+002, 3.8397938E+001, 7.8720438E+001, 9.4027638E+001, 1.0026536E+002, 1.0348893E+002, 1.0409739E+002, 1.0302311E+002, 1.0094044E+002, 9.8136885E+001, 9.8698634E+001, 1.0030988E+002, 1.0033615E+002, 9.9976157E+001, 9.9693239E+001, 1.0504458E+002, 1.1154220E+002, 1.2056922E+002, 1.2250516E+002, 1.2106971E+002, 1.2082698E+002, 1.2460591E+002, 1.2795290E+002, 1.3184637E+002, 1.3185318E+002, 1.3004400E+002, 1.2868486E+002, 1.2647446E+002, 1.2462149E+002, 1.2068332E+002, 1.1720745E+002, 1.1468431E+002, 1.1816118E+002, 1.2605534E+002, 1.3045262E+002, 1.3098312E+002, 1.3067697E+002, 1.3018245E+002, 1.2968699E+002, 1.2839352E+002, 1.2713454E+002, 1.2499937E+002, 1.2404056E+002, 1.2526567E+002, 1.2769163E+002, 1.3226637E+002, 1.3518252E+002, 1.3846470E+002, 1.3972453E+002, 1.3990122E+002, 1.4094586E+002, 1.4364672E+002, 1.4503560E+002, 1.4478551E+002, 1.4338331E+002, 1.4017418E+002, 1.3785863E+002, 1.3440448E+002, 1.3335936E+002, 1.3923004E+002, 1.4720235E+002, 1.5999350E+002, 1.6706231E+002, 1.7108401E+002, 1.7106540E+002, 1.7159605E+002, 1.7305802E+002, 1.7602935E+002, 1.7779241E+002, 1.7803928E+002, 1.7711163E+002, 1.7585953E+002, 1.7485063E+002, 1.7403807E+002, 1.7522627E+002, 1.7792375E+002, 1.7964906E+002, 1.7894310E+002, 1.7703309E+002, 1.7710637E+002, 1.8011590E+002, 1.8549782E+002, 1.9441127E+002, 2.1171898E+002, 2.2115958E+002, 2.3118640E+002, 2.3040272E+002, 2.2002471E+002, 2.0668748E+002, 1.9562577E+002, 1.8644549E+002, 1.8839298E+002, 1.9175937E+002, 1.9539519E+002, 1.9701039E+002, 1.9760347E+002, 1.9756608E+002, 1.8479950E+002, 1.8463174E+002, 1.8526221E+002, 1.8648739E+002, 1.9031911E+002, 1.9594655E+002, 2.0213098E+002, 2.0722528E+002, 2.1002083E+002, 2.1189001E+002, 2.1305551E+002, 2.1323091E+002, 2.1309148E+002, 2.1165682E+002, 2.0680841E+002, 2.0302351E+002, 1.9954649E+002, 2.0059573E+002, 2.0168889E+002, 2.0220493E+002, 2.0278506E+002, 1.9354546E+002, 1.9058763E+002, 1.9378452E+002, 2.0028068E+002, 1.9962240E+002, 1.9294482E+002, 1.6837170E+002, 2.0593944E+002, 2.2076726E+002, 2.2680771E+002, 2.2020366E+002, 1.9560503E+002, 1.8389445E+002, 1.7405586E+002, 1.7923192E+002, 1.8000692E+002, 1.8577660E+002, 1.8688887E+002, 1.9011645E+002, 1.9033544E+002, 1.8799497E+002, 1.8504509E+002, 1.8658730E+002, 1.8875583E+002, 1.8901069E+002, 1.8946235E+002, 1.8951273E+002, 1.8920325E+002, 1.8890299E+002, 1.8844542E+002, 1.8798362E+002, 1.8702535E+002, 1.8620505E+002, 1.8396271E+002, 1.8178101E+002, 1.7541861E+002, 1.6070143E+002, 1.8066388E+002, 1.8453207E+002, 1.9211475E+002, 1.9629831E+002, 2.0072260E+002, 1.9701450E+002, 3.0017852E+001, 7.7998683E+001, 1.0210335E+002, 1.0616974E+002, 1.0759011E+002, 1.0775958E+002, 1.0712239E+002, 1.0616924E+002, 1.0452272E+002, 1.0502578E+002, 1.0576231E+002, 1.0516915E+002, 1.0444634E+002, 1.0462323E+002, 1.1164045E+002, 1.1844364E+002, 1.2674071E+002, 1.2783979E+002, 1.2635235E+002, 1.2619510E+002, 1.3031774E+002, 1.3373159E+002, 1.3734318E+002, 1.3691480E+002, 1.3467755E+002, 1.3304475E+002, 1.3039310E+002, 1.2832896E+002, 1.2457450E+002, 1.2171328E+002, 1.1852460E+002, 1.2102124E+002, 1.2804824E+002, 1.3320519E+002, 1.3527966E+002, 1.3498289E+002, 1.3395533E+002, 1.3290879E+002, 1.3086054E+002, 1.2926357E+002, 1.2695570E+002, 1.2607288E+002, 1.2730732E+002, 1.2961135E+002, 1.3352746E+002, 1.3605122E+002, 1.4064135E+002, 1.4390999E+002, 1.4629865E+002, 1.4675416E+002, 1.4796832E+002, 1.4858121E+002, 1.4779617E+002, 1.4611381E+002, 1.4221315E+002, 1.3939116E+002, 1.3495824E+002, 1.3293381E+002, 1.3423244E+002, 1.3923223E+002, 1.5058337E+002, 1.5868915E+002, 1.6843718E+002, 1.7208356E+002, 1.7493919E+002, 1.7704891E+002, 1.7957664E+002, 1.8074524E+002, 1.8162673E+002, 1.8314854E+002, 1.8651983E+002, 1.8760942E+002, 1.8476474E+002, 1.8145673E+002, 1.7590338E+002, 1.7539290E+002, 1.7562527E+002, 1.7065764E+002, 1.5667799E+002, 1.5429197E+002, 1.6225616E+002, 1.8016792E+002, 2.1388862E+002, 2.2683378E+002, 2.3847082E+002, 2.3771973E+002, 2.2362620E+002, 2.0890551E+002, 2.0600949E+002, 2.0003430E+002, 1.9985198E+002, 2.0303440E+002, 2.0969625E+002, 2.0659460E+002
 2.2201209E+002, 8.2479914E+001, 9.0052607E+001, 9.8634448E+001, 1.0159587E+002, 1.0190472E+002, 1.0032784E+002, 9.7360038E+001, 9.7009010E+001, 9.8730556E+001, 9.9035850E+001, 9.8753750E+001, 1.0093625E+002, 1.0977700E+002, 1.1679068E+002, 1.2139781E+002, 1.2053002E+002, 1.1987935E+002, 1.2212021E+002, 1.2729987E+002, 1.2999222E+002, 1.2976886E+002, 1.2850953E+002, 1.2662550E+002, 1.2537066E+002, 1.2293251E+002, 1.2065987E+002, 1.1610414E+002, 1.1381202E+002, 1.1681297E+002, 1.2169196E+002, 1.2856070E+002, 1.2920609E+002, 1.2876032E+002, 1.2838234E+002, 1.2750205E+002, 1.2654060E+002, 1.2466252E+002, 1.2333739E+002, 1.2222864E+002, 1.2297855E+002, 1.2642843E+002, 1.2968180E+002, 1.3405474E+002, 1.3624957E+002, 1.3843330E+002, 1.3882368E+002, 1.3943750E+002, 1.4021739E+002, 1.4218765E+002, 1.4222447E+002, 1.4024121E+002, 1.3810250E+002, 1.3427358E+002, 1.3188295E+002, 1.3258899E+002, 1.3846419E+002, 1.5096488E+002, 1.5939269E+002, 1.6585117E+002, 1.6656713E+002, 1.6753723E+002, 1.6889517E+002, 1.7168571E+002, 1.7340965E+002, 1.7439301E+002, 1.7411404E+002, 1.7383945E+002, 1.7378997E+002, 1.7327888E+002, 1.7268873E+002, 1.7253923E+002, 1.7291853E+002, 1.7407725E+002, 1.7312567E+002, 1.7041202E+002, 1.6975961E+002, 1.7291683E+002, 1.7913871E+002, 1.9825759E+002, 2.0926170E+002, 2.1979348E+002, 2.2022999E+002, 2.1255435E+002, 2.0538453E+002, 1.9734541E+002, 1.9461264E+002, 1.8547805E+002, 1.8751390E+002, 1.9150337E+002, 1.9371036E+002, 1.9552662E+002, 1.9576545E+002, 1.9471112E+002, 1.9419479E+002, 1.8745719E+002, 1.8495870E+002, 1.8770959E+002, 1.8908382E+002, 1.9484484E+002, 1.9794980E+002, 2.0095044E+002, 2.0572596E+002, 2.0960274E+002, 2.1140675E+002, 2.1242407E+002, 2.1391226E+002, 2.1416896E+002, 2.1141120E+002, 2.0270450E+002, 1.9701522E+002, 1.9694506E+002, 2.0079009E+002, 2.0551024E+002, 2.0578467E+002, 2.0647833E+002, 2.0206485E+002, 1.8939685E+002, 1.8956420E+002, 1.9894596E+002, 2.0384646E+002, 2.0948666E+002, 2.1240545E+002, 2.0836508E+002, 2.0022811E+002, 1.7459951E+002, 1.9239900E+002, 2.2099656E+002, 2.1970208E+002, 2.1623475E+002, 2.1171988E+002, 1.7954123E+002, 1.7226708E+002, 1.8370208E+002, 1.8476244E+002, 1.8702755E+002, 1.8868956E+002, 1.8979479E+002, 1.8845458E+002, 1.8410630E+002, 1.7861508E+002, 1.8708731E+002, 1.8967549E+002, 1.8878129E+002, 1.8834046E+002, 1.8860882E+002, 1.8927875E+002, 1.8941292E+002, 1.8933209E+002, 1.8906130E+002, 1.8817685E+002, 1.8503536E+002, 1.8220826E+002, 1.7802010E+002, 1.7532189E+002, 1.5708855E+002, 1.6633895E+002, 1.8936665E+002, 1.9558134E+002, 2.0012341E+002, 1.9885362E+002, 7.9236024E+001, 9.9276197E+001, 1.0412833E+002, 1.0596504E+002, 1.0633029E+002, 1.0556015E+002, 1.0364136E+002, 1.0314211E+002, 1.0408451E+002, 1.0381771E+002, 1.0344721E+002, 1.0665082E+002, 1.1612179E+002, 1.2275928E+002, 1.2589024E+002, 1.2519562E+002, 1.2520422E+002, 1.2759737E+002, 1.3272867E+002, 1.3529557E+002, 1.3479255E+002, 1.3332692E+002, 1.3095571E+002, 1.2928459E+002, 1.2644596E+002, 1.2416912E+002, 1.2017438E+002, 1.1787693E+002, 1.1981881E+002, 1.2422075E+002, 1.3184013E+002, 1.3356508E+002, 1.3324202E+002, 1.3264018E+002, 1.3121534E+002, 1.2992015E+002, 1.2756824E+002, 1.2600543E+002, 1.2473508E+002, 1.2543856E+002, 1.2886924E+002, 1.3177378E+002, 1.3539038E+002, 1.3730184E+002, 1.4049771E+002, 1.4271465E+002, 1.4529066E+002, 1.4606005E+002, 1.4711827E+002, 1.4654180E+002, 1.4396138E+002, 1.4136159E+002, 1.3673312E+002, 1.3380570E+002, 1.3280416E+002, 1.3634764E+002, 1.4609620E+002, 1.5382021E+002, 1.6263158E+002, 1.6553532E+002, 1.6832662E+002, 1.7057793E+002, 1.7401060E+002, 1.7601226E+002, 1.7742345E+002, 1.7751017E+002, 1.7857161E+002, 1.8065385E+002, 1.8293010E+002, 1.8188060E+002, 1.7831679E+002, 1.7582509E+002, 1.7384301E+002, 1.7119563E+002, 1.6539212E+002, 1.6182153E+002, 1.6165051E+002, 1.7130271E+002, 1.9772819E+002, 2.1310719E+002, 2.2471922E+002, 2.2349577E+002, 2.0739494E+002, 1.9658648E+002, 1.9568267E+002, 2.0160197E+002, 1.9648891E+002, 1.9542878E+002, 1.9663850E+002, 2.0534198E+002, 2.0823557E+002, 2.0754092E+002, 2.0518167E+002, 1.9882710E+002
 2.2300064E+002, 9.3317904E+001, 9.3775563E+001, 9.9900501E+001, 9.9611040E+001, 9.6465070E+001, 9.5177691E+001, 9.7016819E+001, 9.7886929E+001, 9.8306084E+001, 1.0241598E+002, 1.1401905E+002, 1.1927205E+002, 1.1919197E+002, 1.1783700E+002, 1.2097856E+002, 1.2518149E+002, 1.2946515E+002, 1.2898717E+002, 1.2645044E+002, 1.2507978E+002, 1.2343266E+002, 1.2209168E+002, 1.1919826E+002, 1.1645572E+002, 1.1227603E+002, 1.1284270E+002, 1.2025660E+002, 1.2549064E+002, 1.2704373E+002, 1.2680953E+002, 1.2641796E+002, 1.2585177E+002, 1.2437909E+002, 1.2314388E+002, 1.2118947E+002, 1.2033209E+002, 1.2141398E+002, 1.2377752E+002, 1.2842215E+002, 1.3110832E+002, 1.3448567E+002, 1.3618892E+002, 1.3702180E+002, 1.3668903E+002, 1.3847399E+002, 1.3980465E+002, 1.3922715E+002, 1.3796420E+002, 1.3525928E+002, 1.3299160E+002, 1.2945280E+002, 1.2828990E+002, 1.3664152E+002, 1.4716377E+002, 1.5974107E+002, 1.6184034E+002, 1.6245013E+002, 1.6385633E+002, 1.6732937E+002, 1.6939116E+002, 1.7066341E+002, 1.7040053E+002, 1.7003073E+002, 1.7033744E+002, 1.7133992E+002, 1.7159731E+002, 1.7043976E+002, 1.6933715E+002, 1.6913317E+002, 1.6929565E+002, 1.6695788E+002, 1.6460591E+002, 1.6318861E+002, 1.6470620E+002, 1.7198052E+002, 1.8451325E+002, 2.0841230E+002, 2.1552521E+002, 2.0741595E+002, 2.0080910E+002, 1.9309027E+002, 1.8644174E+002, 1.8271141E+002, 1.8333585E+002, 1.8907312E+002, 1.9206491E+002, 1.9231323E+002, 1.9294913E+002, 1.9367127E+002, 1.9188320E+002, 1.9190182E+002, 1.9196004E+002, 1.9051688E+002, 1.9595949E+002, 1.9085969E+002, 1.8715671E+002, 1.9720772E+002, 2.0165829E+002, 1.9918416E+002, 2.0307250E+002, 2.0886214E+002, 2.1173358E+002, 2.1236093E+002, 2.1140076E+002, 2.0875809E+002, 2.0481059E+002, 1.9964671E+002, 1.9664603E+002, 1.9852609E+002, 2.0304648E+002, 2.0714596E+002, 2.0787680E+002, 2.0732348E+002, 2.0009165E+002, 1.8630396E+002, 1.8816777E+002, 1.9830952E+002, 2.0039312E+002, 2.0118786E+002, 2.0184666E+002, 2.0411144E+002, 2.0601540E+002, 2.1176831E+002, 2.1151012E+002, 2.0851661E+002, 1.9649295E+002, 1.8639361E+002, 1.9320670E+002, 2.0769236E+002, 2.0702776E+002, 2.0806897E+002, 1.9176232E+002, 1.8034206E+002, 1.8286044E+002, 1.8744859E+002, 1.9163672E+002, 1.9161890E+002, 1.8917853E+002, 1.8892994E+002, 1.8435618E+002, 1.7509604E+002, 1.8210113E+002, 1.8771582E+002, 1.8703822E+002, 1.8758297E+002, 1.8816460E+002, 1.8928158E+002, 1.8990782E+002, 1.9015370E+002, 1.9006974E+002, 1.8995397E+002, 1.8924239E+002, 1.8557598E+002, 1.8077322E+002, 1.7427497E+002, 1.6538661E+002, 1.6387560E+002, 1.8915907E+002, 1.9790465E+002, 1.9824710E+002, 9.9691212E+001, 9.9727539E+001, 1.0497725E+002, 1.0526547E+002, 1.0262816E+002, 1.0126975E+002, 1.0237035E+002, 1.0258310E+002, 1.0306345E+002, 1.0846695E+002, 1.2035487E+002, 1.2417485E+002, 1.2359201E+002, 1.2287099E+002, 1.2639178E+002, 1.3012507E+002, 1.3400209E+002, 1.3369241E+002, 1.3153954E+002, 1.2998867E+002, 1.2756428E+002, 1.2573312E+002, 1.2250255E+002, 1.1999440E+002, 1.1634875E+002, 1.1603621E+002, 1.2247573E+002, 1.2830208E+002, 1.3198683E+002, 1.3181412E+002, 1.3096967E+002, 1.3007451E+002, 1.2820991E+002, 1.2667385E+002, 1.2426392E+002, 1.2321460E+002, 1.2409276E+002, 1.2637391E+002, 1.3091128E+002, 1.3348215E+002, 1.3629567E+002, 1.3797851E+002, 1.4114530E+002, 1.4292117E+002, 1.4493051E+002, 1.4543007E+002, 1.4418592E+002, 1.4248382E+002, 1.3874981E+002, 1.3600073E+002, 1.3193934E+002, 1.3011804E+002, 1.3576792E+002, 1.4523222E+002, 1.5768500E+002, 1.6131127E+002, 1.6345356E+002, 1.6533906E+002, 1.6942432E+002, 1.7161163E+002, 1.7300826E+002, 1.7295109E+002, 1.7315374E+002, 1.7353387E+002, 1.7431482E+002, 1.7563916E+002, 1.7656985E+002, 1.7547929E+002, 1.7397643E+002, 1.7401786E+002, 1.6927855E+002, 1.6317611E+002, 1.5435307E+002, 1.5298596E+002, 1.6924061E+002, 1.9091536E+002, 2.1850607E+002, 2.2310859E+002, 2.0816253E+002, 1.9443764E+002, 1.8844836E+002, 1.9105797E+002, 1.9639401E+002, 1.9107115E+002, 1.7347145E+002, 1.7060840E+002, 1.9471618E+002, 2.0056368E+002, 2.0411156E+002, 2.0732906E+002, 2.0811755E+002, 2.0163374E+002, 2.1876537E+002, 2.4199803E+002
 2.2401576E+002, 9.1271899E+001, 9.3488641E+001, 9.7641675E+001, 9.5380681E+001, 9.3601769E+001, 9.5059832E+001, 9.8261729E+001, 1.0314138E+002, 1.1344316E+002, 1.1767104E+002, 1.1731535E+002, 1.1639514E+002, 1.2063672E+002, 1.2554150E+002, 1.2803561E+002, 1.2695740E+002, 1.2435441E+002, 1.2288433E+002, 1.2116526E+002, 1.1967609E+002, 1.1651482E+002, 1.1370582E+002, 1.1110534E+002, 1.1344045E+002, 1.2121546E+002, 1.2497728E+002, 1.2507772E+002, 1.2458304E+002, 1.2415707E+002, 1.2340372E+002, 1.2166933E+002, 1.2032333E+002, 1.1883557E+002, 1.1897988E+002, 1.2148124E+002, 1.2431907E+002, 1.2844863E+002, 1.3071583E+002, 1.3334776E+002, 1.3460355E+002, 1.3536226E+002, 1.3506625E+002, 1.3562412E+002, 1.3656124E+002, 1.3478188E+002, 1.3298587E+002, 1.3045665E+002, 1.2847219E+002, 1.2730300E+002, 1.3044254E+002, 1.4112015E+002, 1.5036518E+002, 1.5763905E+002, 1.5823284E+002, 1.5984429E+002, 1.6213445E+002, 1.6575250E+002, 1.6675028E+002, 1.6639816E+002, 1.6609469E+002, 1.6651911E+002, 1.6719100E+002, 1.6761439E+002, 1.6730693E+002, 1.6614525E+002, 1.6530438E+002, 1.6440352E+002, 1.6330737E+002, 1.6021167E+002, 1.5821948E+002, 1.5817733E+002, 1.6178997E+002, 1.7507880E+002, 1.8777727E+002, 2.0452383E+002, 2.0592476E+002, 1.9532172E+002, 1.9000929E+002, 1.8211449E+002, 1.7650576E+002, 1.7442984E+002, 1.7690708E+002, 1.8091440E+002, 1.8571166E+002, 1.9096633E+002, 1.9281001E+002, 1.8911258E+002, 1.8851142E+002, 1.8859401E+002, 1.9180353E+002, 2.0686680E+002, 2.1332759E+002, 2.0646424E+002, 1.8591149E+002, 1.9297095E+002, 2.0089797E+002, 1.9896295E+002, 1.9733357E+002, 2.0158035E+002, 2.0570110E+002, 2.0657466E+002, 2.0372640E+002, 1.9891986E+002, 1.9585633E+002, 1.9538563E+002, 1.9865002E+002, 2.0373877E+002, 2.0714531E+002, 2.1072341E+002, 2.1180869E+002, 2.1212791E+002, 2.0797923E+002, 1.8667322E+002, 1.7849141E+002, 1.9465863E+002, 1.9543062E+002, 1.9630165E+002, 1.9717582E+002, 1.9916723E+002, 1.9862728E+002, 1.9394920E+002, 1.9139947E+002, 1.9379906E+002, 1.9800776E+002, 2.0380855E+002, 2.0212925E+002, 1.9968177E+002, 1.9664937E+002, 1.8013725E+002, 1.8176451E+002, 1.9932412E+002, 2.0149128E+002, 1.6919078E+002, 1.8605154E+002, 1.9720838E+002, 2.0137707E+002, 2.0083591E+002, 1.9836693E+002, 1.9451827E+002, 1.9272603E+002, 1.8693615E+002, 1.7785493E+002, 1.7551225E+002, 1.8121372E+002, 1.8390525E+002, 1.8365567E+002, 1.8595025E+002, 1.8687578E+002, 1.8666333E+002, 1.8654334E+002, 1.8638923E+002, 1.8634768E+002, 1.8596403E+002, 1.8530119E+002, 1.8295035E+002, 1.8002530E+002, 1.7225748E+002, 1.6615855E+002, 1.8454158E+002, 1.9616271E+002, 8.9292719E+001, 1.0084512E+002, 1.0377905E+002, 1.0142978E+002, 9.9489999E+001, 1.0034411E+002, 1.0283978E+002, 1.0809944E+002, 1.1915768E+002, 1.2263092E+002, 1.2203060E+002, 1.2219480E+002, 1.2681003E+002, 1.3078198E+002, 1.3211134E+002, 1.3138528E+002, 1.2944947E+002, 1.2800682E+002, 1.2556426E+002, 1.2362411E+002, 1.2017669E+002, 1.1757065E+002, 1.1476183E+002, 1.1617777E+002, 1.2342430E+002, 1.2848924E+002, 1.3050684E+002, 1.3012726E+002, 1.2908513E+002, 1.2805217E+002, 1.2595209E+002, 1.2428781E+002, 1.2228131E+002, 1.2210113E+002, 1.2427908E+002, 1.2702181E+002, 1.3127180E+002, 1.3354867E+002, 1.3550208E+002, 1.3625669E+002, 1.3904011E+002, 1.4154814E+002, 1.4339423E+002, 1.4284528E+002, 1.3982258E+002, 1.3762578E+002, 1.3431863E+002, 1.3192066E+002, 1.2923995E+002, 1.3013837E+002, 1.3913466E+002, 1.4826894E+002, 1.5789123E+002, 1.5982674E+002, 1.6257732E+002, 1.6530260E+002, 1.6873059E+002, 1.6980376E+002, 1.6976698E+002, 1.6983819E+002, 1.7021738E+002, 1.7014459E+002, 1.6944430E+002, 1.6943958E+002, 1.7093423E+002, 1.7179772E+002, 1.7155158E+002, 1.6981024E+002, 1.6400895E+002, 1.5706050E+002, 1.4863519E+002, 1.5268704E+002, 1.7778677E+002, 1.9958791E+002, 2.1605152E+002, 2.1227877E+002, 1.9529488E+002, 1.8700987E+002, 1.8362636E+002, 1.8818739E+002, 1.8970275E+002, 1.7852138E+002, 1.5383149E+002, 1.5993946E+002, 1.8348594E+002, 1.9049163E+002, 2.0385969E+002, 2.0774360E+002, 2.0523170E+002, 2.1458292E+002, 2.2755600E+002, 2.3917289E+002, 2.2547692E+002, 2.1337023E+002
 2.2500264E+002, 8.0177370E+001, 8.8970455E+001, 9.2848280E+001, 9.0414240E+001, 9.6312554E+001, 1.0439112E+002, 1.1462972E+002, 1.1660912E+002, 1.1572536E+002, 1.1521370E+002, 1.2024534E+002, 1.2481625E+002, 1.2554751E+002, 1.2409062E+002, 1.2180614E+002, 1.2058930E+002, 1.1884218E+002, 1.1725637E+002, 1.1398985E+002, 1.1135590E+002, 1.1031024E+002, 1.1435116E+002, 1.2248789E+002, 1.2411710E+002, 1.2293674E+002, 1.2240919E+002, 1.2187743E+002, 1.2096133E+002, 1.1914678E+002, 1.1786264E+002, 1.1719194E+002, 1.1842778E+002, 1.2232757E+002, 1.2517667E+002, 1.2866294E+002, 1.3043386E+002, 1.3225447E+002, 1.3309226E+002, 1.3398096E+002, 1.3399361E+002, 1.3371631E+002, 1.3341827E+002, 1.3052706E+002, 1.2827634E+002, 1.2541308E+002, 1.2517972E+002, 1.3165878E+002, 1.3885754E+002, 1.4962749E+002, 1.5339361E+002, 1.5482232E+002, 1.5601341E+002, 1.5912471E+002, 1.6139392E+002, 1.6321026E+002, 1.6310349E+002, 1.6271143E+002, 1.6286742E+002, 1.6348681E+002, 1.6354786E+002, 1.6307694E+002, 1.6254714E+002, 1.6118892E+002, 1.5992975E+002, 1.5775904E+002, 1.5603311E+002, 1.5326917E+002, 1.5276973E+002, 1.5880440E+002, 1.6838970E+002, 1.8672131E+002, 1.9634290E+002, 1.9874042E+002, 1.9325876E+002, 1.8423368E+002, 1.7957657E+002, 1.7375690E+002, 1.7115608E+002, 1.6926413E+002, 1.6907639E+002, 1.7225444E+002, 1.8025357E+002, 1.8669050E+002, 1.8897594E+002, 1.9128069E+002, 1.9022648E+002, 1.9316296E+002, 2.0830667E+002, 2.1837625E+002, 2.1746973E+002, 1.9774431E+002, 1.8987138E+002, 1.9730027E+002, 2.0094005E+002, 1.9985636E+002, 1.9961196E+002, 1.9716704E+002, 2.0029489E+002, 2.1225559E+002, 1.9749423E+002, 1.9284349E+002, 1.9459387E+002, 1.9878127E+002, 2.0306401E+002, 2.0831416E+002, 2.1328255E+002, 2.1520935E+002, 2.1419949E+002, 2.1224135E+002, 2.0956704E+002, 1.9908845E+002, 1.8920923E+002, 1.8402515E+002, 1.9115404E+002, 1.9251170E+002, 1.8953060E+002, 1.9297556E+002, 1.9412180E+002, 1.8488501E+002, 1.8430562E+002, 1.9036982E+002, 1.9258433E+002, 1.9097667E+002, 1.8907036E+002, 1.9106592E+002, 1.9268847E+002, 1.9350814E+002, 1.9055900E+002, 1.8833090E+002, 1.9039346E+002, 1.7790957E+002, 1.8184595E+002, 1.6598654E+002, 1.9447960E+002, 1.9788559E+002, 1.9711955E+002, 1.9339028E+002, 1.9256958E+002, 1.9272847E+002, 1.9327675E+002, 1.9259990E+002, 1.9160309E+002, 1.8591582E+002, 1.7905741E+002, 1.7254216E+002, 1.7444243E+002, 1.8110620E+002, 1.8432162E+002, 1.8719791E+002, 1.8833095E+002, 1.8932247E+002, 1.8950324E+002, 1.8880007E+002, 1.8755845E+002, 1.8435300E+002, 1.8161205E+002, 1.7770683E+002, 1.7545764E+002, 1.6964628E+002, 1.7136765E+002, 4.5027461E+001, 9.8230479E+001, 9.8371336E+001, 9.6389685E+001, 1.0120659E+002, 1.0868273E+002, 1.1861354E+002, 1.2104552E+002, 1.2048502E+002, 1.2165258E+002, 1.2730958E+002, 1.3038544E+002, 1.2994177E+002, 1.2879914E+002, 1.2690611E+002, 1.2558920E+002, 1.2328138E+002, 1.2138301E+002, 1.1796274E+002, 1.1545009E+002, 1.1367496E+002, 1.1669455E+002, 1.2521618E+002, 1.2860125E+002, 1.2882446E+002, 1.2822246E+002, 1.2694963E+002, 1.2587103E+002, 1.2368981E+002, 1.2206230E+002, 1.2087790E+002, 1.2181175E+002, 1.2533877E+002, 1.2814920E+002, 1.3186830E+002, 1.3353224E+002, 1.3447011E+002, 1.3463795E+002, 1.3753008E+002, 1.4042019E+002, 1.4127235E+002, 1.3960763E+002, 1.3541738E+002, 1.3292489E+002, 1.2966229E+002, 1.2817540E+002, 1.3089177E+002, 1.3619606E+002, 1.4665345E+002, 1.5248710E+002, 1.5546000E+002, 1.5716072E+002, 1.6230171E+002, 1.6538508E+002, 1.6710251E+002, 1.6701095E+002, 1.6711394E+002, 1.6756489E+002, 1.6767909E+002, 1.6690336E+002, 1.6628920E+002, 1.6707208E+002, 1.6876886E+002, 1.6828685E+002, 1.6495407E+002, 1.6101986E+002, 1.5310783E+002, 1.4855676E+002, 1.5155902E+002, 1.6528660E+002, 1.9386491E+002, 2.0699414E+002, 2.0526125E+002, 1.9669075E+002, 1.8605412E+002, 1.8194566E+002, 1.8234783E+002, 1.8645699E+002, 1.8140150E+002, 1.6682128E+002, 1.5083080E+002, 1.5981947E+002, 1.8678000E+002, 1.9355823E+002, 1.9966146E+002, 2.0112871E+002, 2.1494666E+002, 2.3161542E+002, 2.4410006E+002, 2.3158265E+002, 2.1759082E+002, 2.2961298E+002, 2.4793730E+002, 2.4922958E+002
 2.2600871E+002, 7.9169818E+001, 8.7766779E+001, 8.6885509E+001, 9.7798385E+001, 1.1406943E+002, 1.1518731E+002, 1.1446865E+002, 1.1450197E+002, 1.1973092E+002, 1.2309817E+002, 1.2281663E+002, 1.2135882E+002, 1.1913575E+002, 1.1795162E+002, 1.1606877E+002, 1.1430203E+002, 1.1091713E+002, 1.0912007E+002, 1.1161341E+002, 1.1650685E+002, 1.2270967E+002, 1.2298714E+002, 1.2055491E+002, 1.2005228E+002, 1.1932294E+002, 1.1834207E+002, 1.1668584E+002, 1.1587402E+002, 1.1679427E+002, 1.1890622E+002, 1.2309173E+002, 1.2553749E+002, 1.2833158E+002, 1.2954835E+002, 1.3085226E+002, 1.3178096E+002, 1.3306849E+002, 1.3274181E+002, 1.3139375E+002, 1.3003263E+002, 1.2652450E+002, 1.2418329E+002, 1.2387467E+002, 1.2881375E+002, 1.4037613E+002, 1.4683434E+002, 1.5056366E+002, 1.5146585E+002, 1.5405805E+002, 1.5638276E+002, 1.5922047E+002, 1.6012145E+002, 1.6007298E+002, 1.5992607E+002, 1.6010826E+002, 1.6036566E+002, 1.6019495E+002, 1.5984876E+002, 1.5943961E+002, 1.5842217E+002, 1.5486108E+002, 1.5267005E+002, 1.5030953E+002, 1.4883058E+002, 1.5078636E+002, 1.5768078E+002, 1.7454846E+002, 1.8543512E+002, 1.9406179E+002, 1.9336320E+002, 1.8626147E+002, 1.8076078E+002, 1.7382189E+002, 1.7106294E+002, 1.6936122E+002, 1.6777153E+002, 1.6433477E+002, 1.6334952E+002, 1.6749536E+002, 1.7457063E+002, 1.8295926E+002, 1.8675970E+002, 1.8895099E+002, 1.8286342E+002, 2.0025066E+002, 2.1397216E+002, 2.0584660E+002, 1.9209006E+002, 1.9532146E+002, 1.9907505E+002, 2.0074159E+002, 2.0418153E+002, 2.0736911E+002, 2.0563026E+002, 2.0270082E+002, 2.3971427E+002, 2.7066699E+002, 2.3431249E+002, 1.9079397E+002, 1.9933625E+002, 2.0712667E+002, 2.1257642E+002, 2.1529550E+002, 2.1490859E+002, 2.1251181E+002, 2.0970246E+002, 2.0061722E+002, 1.9179988E+002, 1.9516435E+002, 2.0715406E+002, 2.2713624E+002, 2.3589178E+002, 2.1342980E+002, 2.0033941E+002, 1.9711773E+002, 1.9115801E+002, 1.8795624E+002, 1.8551054E+002, 1.8134024E+002, 1.8575652E+002, 1.8309955E+002, 1.8200034E+002, 1.8633473E+002, 1.9054336E+002, 1.9219405E+002, 1.9081223E+002, 1.8927848E+002, 1.8806914E+002, 1.8575957E+002, 1.8466823E+002, 1.8184599E+002, 1.8120890E+002, 1.6240854E+002, 1.8839554E+002, 1.8928432E+002, 1.8959764E+002, 1.8742738E+002, 1.8568213E+002, 1.8732252E+002, 1.8792287E+002, 1.8708032E+002, 1.8555100E+002, 1.8420832E+002, 1.8468697E+002, 1.8560813E+002, 1.8222037E+002, 1.7124185E+002, 1.7021494E+002, 1.7874848E+002, 1.8414542E+002, 1.8736444E+002, 1.8929060E+002, 1.9126669E+002, 1.9160787E+002, 1.9098365E+002, 1.8988196E+002, 1.8653429E+002, 1.8247346E+002, 1.7471595E+002, 1.7057462E+002, 4.5063636E+001, 9.4635240E+001, 9.2975889E+001, 1.0579789E+002, 1.1820002E+002, 1.1922051E+002, 1.1913334E+002, 1.2128450E+002, 1.2725490E+002, 1.2885425E+002, 1.2759540E+002, 1.2633806E+002, 1.2426745E+002, 1.2285622E+002, 1.2054210E+002, 1.1868500E+002, 1.1536522E+002, 1.1334608E+002, 1.1420090E+002, 1.1827222E+002, 1.2565267E+002, 1.2760887E+002, 1.2686742E+002, 1.2595921E+002, 1.2450029E+002, 1.2340254E+002, 1.2133334E+002, 1.2020652E+002, 1.2059485E+002, 1.2240734E+002, 1.2639031E+002, 1.2895086E+002, 1.3190967E+002, 1.3287305E+002, 1.3312465E+002, 1.3400810E+002, 1.3741394E+002, 1.3908374E+002, 1.3808438E+002, 1.3574396E+002, 1.3140458E+002, 1.2891327E+002, 1.2693972E+002, 1.2937230E+002, 1.3913446E+002, 1.4580488E+002, 1.5141838E+002, 1.5297140E+002, 1.5566612E+002, 1.5797763E+002, 1.6072913E+002, 1.6210062E+002, 1.6301811E+002, 1.6370762E+002, 1.6504226E+002, 1.6533264E+002, 1.6470218E+002, 1.6412627E+002, 1.6451148E+002, 1.6564507E+002, 1.6400597E+002, 1.6076100E+002, 1.5432775E+002, 1.5013507E+002, 1.4702974E+002, 1.5244851E+002, 1.7173937E+002, 1.8553484E+002, 1.9810289E+002, 1.9747332E+002, 1.9037448E+002, 1.8483884E+002, 1.7984888E+002, 1.7922775E+002, 1.8065281E+002, 1.7953663E+002, 1.6978185E+002, 1.6066884E+002, 1.5106133E+002, 1.5660026E+002, 1.8488090E+002, 1.9390341E+002, 1.9688824E+002, 2.0570371E+002, 2.2709637E+002, 2.3372453E+002, 2.2031616E+002, 2.2098676E+002, 2.3725150E+002, 2.4987985E+002, 2.5105134E+002, 2.5180778E+002, 2.4799707E+002, 2.4861859E+002
 2.2700968E+002, 7.0751421E+001, 8.6832084E+001, 9.3951473E+001, 1.1158685E+002, 1.1286114E+002, 1.1385837E+002, 1.1795212E+002, 1.2080907E+002, 1.2042547E+002, 1.1911865E+002, 1.1694259E+002, 1.1557122E+002, 1.1348115E+002, 1.1167328E+002, 1.0863390E+002, 1.0803313E+002, 1.1278276E+002, 1.1796896E+002, 1.2238019E+002, 1.2233804E+002, 1.1953385E+002, 1.1817123E+002, 1.1708494E+002, 1.1593841E+002, 1.1463791E+002, 1.1426540E+002, 1.1640317E+002, 1.1905861E+002, 1.2299820E+002, 1.2507344E+002, 1.2718100E+002, 1.2802098E+002, 1.2919195E+002, 1.3043439E+002, 1.3209079E+002, 1.3130268E+002, 1.2848522E+002, 1.2667662E+002, 1.2279397E+002, 1.2128910E+002, 1.2730780E+002, 1.3483311E+002, 1.4460677E+002, 1.4710905E+002, 1.4827856E+002, 1.4980991E+002, 1.5349774E+002, 1.5547513E+002, 1.5665483E+002, 1.5662124E+002, 1.5675668E+002, 1.5718630E+002, 1.5782684E+002, 1.5775337E+002, 1.5715221E+002, 1.5691681E+002, 1.5649195E+002, 1.5505573E+002, 1.4987766E+002, 1.4687313E+002, 1.4459690E+002, 1.4566770E+002, 1.5815555E+002, 1.7132860E+002, 1.8611095E+002, 1.8928779E+002, 1.8610885E+002, 1.8229537E+002, 1.7604414E+002, 1.7164303E+002, 1.6701684E+002, 1.6610741E+002, 1.6462744E+002, 1.6242586E+002, 1.5915011E+002, 1.5939594E+002, 1.6375407E+002, 1.6995526E+002, 1.7980458E+002, 1.8423322E+002, 1.8831909E+002, 1.8193175E+002, 1.8400892E+002, 2.0088947E+002, 1.9420697E+002, 1.9109938E+002, 1.9842544E+002, 1.9718323E+002, 2.0354327E+002, 2.0724739E+002, 2.0836753E+002, 2.1960031E+002, 2.4058066E+002, 2.6503463E+002, 2.8264283E+002, 2.6769851E+002, 2.1105042E+002, 1.9487592E+002, 2.1104821E+002, 2.1772878E+002, 2.1847406E+002, 2.1444485E+002, 2.0874188E+002, 2.0033179E+002, 1.8662120E+002, 1.8783761E+002, 2.0967575E+002, 2.2868904E+002, 2.3575893E+002, 2.5132039E+002, 2.6560734E+002, 2.6326055E+002, 2.5269933E+002, 2.3344554E+002, 2.2544583E+002, 2.2813634E+002, 2.0902657E+002, 1.9446871E+002, 1.7542320E+002, 1.7034823E+002, 1.7522388E+002, 1.9571911E+002, 2.1122797E+002, 2.1361115E+002, 2.0991128E+002, 2.0889434E+002, 2.0923678E+002, 2.0817898E+002, 2.0751561E+002, 2.0270819E+002, 1.9294428E+002, 1.8202190E+002, 1.6970919E+002, 1.7117283E+002, 1.7687119E+002, 1.8248621E+002, 1.8332935E+002, 1.8337358E+002, 1.8307956E+002, 1.8336763E+002, 1.8381689E+002, 1.8259847E+002, 1.7915356E+002, 1.7978611E+002, 1.8149970E+002, 1.8370733E+002, 1.8453340E+002, 1.8389354E+002, 1.7478027E+002, 1.7195089E+002, 1.7378493E+002, 1.8087770E+002, 1.8895688E+002, 1.9093872E+002, 1.9147049E+002, 1.9120397E+002, 1.9023767E+002, 1.8869497E+002, 1.8361471E+002, 1.7854103E+002, 5.0418393E+001, 8.9781108E+001, 1.1110065E+002, 1.1770762E+002, 1.1762593E+002, 1.1947242E+002, 1.2571720E+002, 1.2735429E+002, 1.2586919E+002, 1.2444606E+002, 1.2214488E+002, 1.2053177E+002, 1.1821115E+002, 1.1642490E+002, 1.1346587E+002, 1.1213103E+002, 1.1481236E+002, 1.1954320E+002, 1.2492491E+002, 1.2615227E+002, 1.2539629E+002, 1.2428530E+002, 1.2246103E+002, 1.2128055E+002, 1.1951878E+002, 1.1884824E+002, 1.2048457E+002, 1.2274129E+002, 1.2631547E+002, 1.2844892E+002, 1.3097834E+002, 1.3172297E+002, 1.3206282E+002, 1.3333088E+002, 1.3671159E+002, 1.3723455E+002, 1.3468482E+002, 1.3214760E+002, 1.2771096E+002, 1.2583810E+002, 1.2875592E+002, 1.3419703E+002, 1.4374341E+002, 1.4773449E+002, 1.5043627E+002, 1.5258317E+002, 1.5629556E+002, 1.5805507E+002, 1.5875417E+002, 1.5835291E+002, 1.5782234E+002, 1.5833208E+002, 1.6066000E+002, 1.6206973E+002, 1.6211468E+002, 1.6203416E+002, 1.6260322E+002, 1.6294420E+002, 1.5833395E+002, 1.5345962E+002, 1.4739998E+002, 1.4489559E+002, 1.5515253E+002, 1.6858595E+002, 1.8544970E+002, 1.8963809E+002, 1.8687535E+002, 1.8454048E+002, 1.8093343E+002, 1.7814738E+002, 1.7667069E+002, 1.7705739E+002, 1.7414681E+002, 1.6945425E+002, 1.6121911E+002, 1.5665249E+002, 1.5331603E+002, 1.5818010E+002, 1.7735122E+002, 1.8805327E+002, 1.9703958E+002, 2.0587056E+002, 2.2000304E+002, 2.1873800E+002, 2.0610119E+002, 2.2103535E+002, 2.3993624E+002, 2.4020515E+002, 2.4430498E+002, 2.4217992E+002, 2.4075862E+002, 2.4784152E+002, 2.6143820E+002, 2.7218152E+002
 2.2800226E+002, 3.7248383E+001, 8.3824002E+001, 1.0389114E+002, 1.0960285E+002, 1.1610359E+002, 1.1892773E+002, 1.1896943E+002, 1.1760070E+002, 1.1541601E+002, 1.1386611E+002, 1.1159128E+002, 1.0982703E+002, 1.0695798E+002, 1.0713254E+002, 1.1304726E+002, 1.1787561E+002, 1.2119681E+002, 1.2109566E+002, 1.1876389E+002, 1.1699657E+002, 1.1556424E+002, 1.1427542E+002, 1.1313381E+002, 1.1309091E+002, 1.1523416E+002, 1.1789823E+002, 1.2175608E+002, 1.2374295E+002, 1.2565078E+002, 1.2641131E+002, 1.2758857E+002, 1.2881186E+002, 1.3087580E+002, 1.3088757E+002, 1.2663432E+002, 1.2393279E+002, 1.1991054E+002, 1.2051520E+002, 1.3101465E+002, 1.3869568E+002, 1.4402701E+002, 1.4471225E+002, 1.4658042E+002, 1.4879532E+002, 1.5197547E+002, 1.5307279E+002, 1.5305487E+002, 1.5299373E+002, 1.5362430E+002, 1.5428322E+002, 1.5481548E+002, 1.5478030E+002, 1.5457333E+002, 1.5456013E+002, 1.5404630E+002, 1.5238703E+002, 1.4657562E+002, 1.4253586E+002, 1.4190335E+002, 1.4759381E+002, 1.6517192E+002, 1.7710186E+002, 1.8436540E+002, 1.8220795E+002, 1.7668508E+002, 1.7340568E+002, 1.6856033E+002, 1.6560496E+002, 1.6331226E+002, 1.6204121E+002, 1.5887462E+002, 1.5638430E+002, 1.5563652E+002, 1.5705794E+002, 1.6207223E+002, 1.6761012E+002, 1.7669424E+002, 1.8138948E+002, 1.8803139E+002, 1.8590206E+002, 1.7808255E+002, 1.8367184E+002, 1.9065590E+002, 1.9516719E+002, 2.0919680E+002, 2.0604534E+002, 2.0383993E+002, 2.0526019E+002, 2.1762215E+002, 2.4283945E+002, 2.6408892E+002, 2.5764984E+002, 2.3921407E+002, 2.2474741E+002, 2.1991013E+002, 1.9891518E+002, 2.0455066E+002, 2.1673880E+002, 2.1243135E+002, 2.0539183E+002, 2.0947185E+002, 2.0438103E+002, 1.9270291E+002, 2.0885949E+002, 2.2759491E+002, 2.3170155E+002, 2.3203057E+002, 2.4045291E+002, 2.6843180E+002, 2.6676539E+002, 2.5478303E+002, 2.4632414E+002, 2.3422858E+002, 2.3014739E+002, 2.3393649E+002, 2.3306454E+002, 2.1693114E+002, 2.0593718E+002, 1.9419887E+002, 1.8579141E+002, 1.5422516E+002, 1.8943358E+002, 2.0077349E+002, 1.9669006E+002, 1.9655176E+002, 1.9576457E+002, 1.9633596E+002, 1.9656654E+002, 1.9686530E+002, 1.9813396E+002, 2.0120894E+002, 2.0360724E+002, 1.9806922E+002, 1.8567741E+002, 1.6414943E+002, 1.6254461E+002, 1.7942441E+002, 1.8013740E+002, 1.7970968E+002, 1.7997631E+002, 1.8170026E+002, 1.8127049E+002, 1.7955483E+002, 1.7625366E+002, 1.7552465E+002, 1.7757296E+002, 1.8253160E+002, 1.8521520E+002, 1.8625120E+002, 1.8472599E+002, 1.8088399E+002, 1.7467418E+002, 1.7288314E+002, 1.7745728E+002, 1.9044077E+002, 1.9208827E+002, 1.9165320E+002, 1.9077533E+002, 1.8722797E+002, 1.8270530E+002, 3.3509430E+001, 9.9809001E+001, 1.1608515E+002, 1.1699254E+002, 1.2295713E+002, 1.2587785E+002, 1.2494271E+002, 1.2338566E+002, 1.2082006E+002, 1.1908563E+002, 1.1666281E+002, 1.1491788E+002, 1.1196702E+002, 1.1117133E+002, 1.1497211E+002, 1.1955786E+002, 1.2376046E+002, 1.2446695E+002, 1.2396562E+002, 1.2293030E+002, 1.2118131E+002, 1.1987123E+002, 1.1864171E+002, 1.1830667E+002, 1.1977543E+002, 1.2211256E+002, 1.2561185E+002, 1.2751827E+002, 1.2944272E+002, 1.3008177E+002, 1.3081330E+002, 1.3159137E+002, 1.3429478E+002, 1.3580617E+002, 1.3238664E+002, 1.2927104E+002, 1.2458839E+002, 1.2414929E+002, 1.3224871E+002, 1.3861263E+002, 1.4424693E+002, 1.4524385E+002, 1.4765441E+002, 1.5115878E+002, 1.5549637E+002, 1.5661003E+002, 1.5626220E+002, 1.5559842E+002, 1.5536022E+002, 1.5581192E+002, 1.5702766E+002, 1.5804041E+002, 1.5947305E+002, 1.5982552E+002, 1.5996343E+002, 1.5931334E+002, 1.5376448E+002, 1.4837178E+002, 1.4441376E+002, 1.4484817E+002, 1.6043706E+002, 1.7513733E+002, 1.8506104E+002, 1.8300125E+002, 1.7857772E+002, 1.7651864E+002, 1.7451063E+002, 1.7376529E+002, 1.7397455E+002, 1.7287477E+002, 1.6702973E+002, 1.6183221E+002, 1.5643087E+002, 1.5362649E+002, 1.5225801E+002, 1.5923433E+002, 1.7514951E+002, 1.8199458E+002, 1.9222446E+002, 2.0160126E+002, 2.0766312E+002, 2.0551972E+002, 2.0606053E+002, 2.1861932E+002, 2.3850881E+002, 2.3452661E+002, 2.3324100E+002, 2.3251162E+002, 2.4113544E+002, 2.6126968E+002, 2.7399199E+002, 2.6153525E+002, 2.4055367E+002, 2.2436409E+002
 2.2900350E+002, 2.1161044E+001, 5.5910110E+001, 1.0113978E+002, 1.1424479E+002, 1.1843585E+002, 1.1706319E+002, 1.1489554E+002, 1.1317119E+002, 1.1036533E+002, 1.0862095E+002, 1.0590889E+002, 1.0522928E+002, 1.1116153E+002, 1.1653772E+002, 1.1969900E+002, 1.1976624E+002, 1.1809456E+002, 1.1600084E+002, 1.1413348E+002, 1.1293090E+002, 1.1152099E+002, 1.1186427E+002, 1.1409745E+002, 1.1667952E+002, 1.2016571E+002, 1.2201915E+002, 1.2378856E+002, 1.2445687E+002, 1.2566202E+002, 1.2688845E+002, 1.2900419E+002, 1.3014313E+002, 1.2816714E+002, 1.2376800E+002, 1.1869754E+002, 1.1783905E+002, 1.3122475E+002, 1.3909068E+002, 1.4145175E+002, 1.4231223E+002, 1.4525704E+002, 1.4777560E+002, 1.5025370E+002, 1.5060990E+002, 1.5016359E+002, 1.5001450E+002, 1.5067055E+002, 1.5121334E+002, 1.5149966E+002, 1.5160471E+002, 1.5204443E+002, 1.5217085E+002, 1.5146388E+002, 1.4970183E+002, 1.4357963E+002, 1.3895174E+002, 1.4311033E+002, 1.5334153E+002, 1.7088943E+002, 1.7817420E+002, 1.7894092E+002, 1.7617624E+002, 1.7078056E+002, 1.6763032E+002, 1.6350598E+002, 1.6095327E+002, 1.5913347E+002, 1.5771739E+002, 1.5380308E+002, 1.5224870E+002, 1.5303873E+002, 1.5518156E+002, 1.6115963E+002, 1.6679957E+002, 1.7456074E+002, 1.7901483E+002, 1.8663210E+002, 1.8946582E+002, 1.7656079E+002, 1.7515312E+002, 1.9126106E+002, 2.0181198E+002, 2.1317353E+002, 2.0636445E+002, 2.0818426E+002, 2.1821884E+002, 2.1902380E+002, 2.5704841E+002, 2.6222854E+002, 2.3105705E+002, 2.1123770E+002, 2.0776929E+002, 2.0746098E+002, 1.9809229E+002, 2.0301194E+002, 2.1614278E+002, 2.0604747E+002, 2.1514068E+002, 2.3491739E+002, 2.3646930E+002, 2.1637921E+002, 2.3090906E+002, 2.3623355E+002, 2.3085160E+002, 2.3359570E+002, 2.4270829E+002, 2.4241547E+002, 2.4114448E+002, 2.3856486E+002, 2.3646188E+002, 2.3439449E+002, 2.3412027E+002, 2.3712720E+002, 2.3707283E+002, 2.2834093E+002, 2.2556257E+002, 2.1567204E+002, 2.0187267E+002, 1.8655234E+002, 1.8263776E+002, 1.7491619E+002, 1.3869017E+002, 1.8422906E+002, 1.8534438E+002, 1.9373639E+002, 1.9417845E+002, 1.9459823E+002, 1.9409677E+002, 1.9682233E+002, 1.9893913E+002, 2.0173364E+002, 1.9999270E+002, 1.9369199E+002, 1.9333771E+002, 1.9540015E+002, 1.9152578E+002, 1.7155990E+002, 1.6728258E+002, 1.7260261E+002, 1.7587437E+002, 1.8025473E+002, 1.8137688E+002, 1.8365562E+002, 1.7940484E+002, 1.7523398E+002, 1.7388962E+002, 1.7384355E+002, 1.7561702E+002, 1.8013251E+002, 1.8297195E+002, 1.8495999E+002, 1.8467204E+002, 1.8260500E+002, 1.8069826E+002, 1.7492850E+002, 1.7709623E+002, 1.8242348E+002, 1.8696210E+002, 1.8784477E+002, 1.8658945E+002, 2.1253758E+001, 9.8786215E+001, 1.1643546E+002, 1.2305017E+002, 1.2452531E+002, 1.2314828E+002, 1.2075213E+002, 1.1865327E+002, 1.1580801E+002, 1.1411894E+002, 1.1135455E+002, 1.0996941E+002, 1.1334442E+002, 1.1846537E+002, 1.2263507E+002, 1.2288785E+002, 1.2267557E+002, 1.2170865E+002, 1.1992547E+002, 1.1875863E+002, 1.1742929E+002, 1.1752655E+002, 1.1907516E+002, 1.2110846E+002, 1.2428714E+002, 1.2611869E+002, 1.2795946E+002, 1.2859964E+002, 1.2939405E+002, 1.3009584E+002, 1.3121287E+002, 1.3279007E+002, 1.3289512E+002, 1.2875469E+002, 1.2334927E+002, 1.2159428E+002, 1.3258297E+002, 1.4041633E+002, 1.4329096E+002, 1.4401329E+002, 1.4665988E+002, 1.4939249E+002, 1.5289190E+002, 1.5423460E+002, 1.5417802E+002, 1.5353684E+002, 1.5347227E+002, 1.5398703E+002, 1.5492469E+002, 1.5578501E+002, 1.5707400E+002, 1.5740437E+002, 1.5679004E+002, 1.5541565E+002, 1.4953227E+002, 1.4410507E+002, 1.4301645E+002, 1.4820501E+002, 1.6220888E+002, 1.7264273E+002, 1.7777958E+002, 1.7711676E+002, 1.7409624E+002, 1.7200274E+002, 1.7023229E+002, 1.7054741E+002, 1.7061745E+002, 1.6801209E+002, 1.6090533E+002, 1.5725441E+002, 1.5391494E+002, 1.5159000E+002, 1.5026456E+002, 1.5788676E+002, 1.7366226E+002, 1.7885649E+002, 1.8592973E+002, 1.9391137E+002, 1.9670421E+002, 1.9645682E+002, 2.0714490E+002, 2.1963307E+002, 2.3349442E+002, 2.3218215E+002, 2.3255199E+002, 2.3294782E+002, 2.3876664E+002, 2.6363668E+002, 2.6070480E+002, 2.3179834E+002, 2.1277091E+002, 2.1362706E+002, 2.1727837E+002, 2.2993046E+002
 2.3000691E+002, 2.0032263E+001, 2.6548418E+001, 1.0070647E+002, 1.1551282E+002, 1.1322659E+002, 1.1290795E+002, 1.0968823E+002, 1.0765260E+002, 1.0487872E+002, 1.0415505E+002, 1.0878035E+002, 1.1429004E+002, 1.1803143E+002, 1.1826777E+002, 1.1715060E+002, 1.1533156E+002, 1.1222816E+002, 1.1097259E+002, 1.0997659E+002, 1.1086068E+002, 1.1373677E+002, 1.1610928E+002, 1.1910423E+002, 1.2068281E+002, 1.2214837E+002, 1.2276934E+002, 1.2393439E+002, 1.2507246E+002, 1.2692910E+002, 1.2816314E+002, 1.2870620E+002, 1.2531316E+002, 1.1823290E+002, 1.1609297E+002, 1.2921058E+002, 1.3677199E+002, 1.3886417E+002, 1.4039729E+002, 1.4410057E+002, 1.4627222E+002, 1.4776712E+002, 1.4780571E+002, 1.4748647E+002, 1.4755303E+002, 1.4815045E+002, 1.4849454E+002, 1.4879797E+002, 1.4902870E+002, 1.4946569E+002, 1.4955163E+002, 1.4846553E+002, 1.4631715E+002, 1.3992622E+002, 1.3697863E+002, 1.5112384E+002, 1.6286116E+002, 1.7250284E+002, 1.7346042E+002, 1.7149971E+002, 1.6939115E+002, 1.6569990E+002, 1.6327608E+002, 1.6019645E+002, 1.5856583E+002, 1.5530599E+002, 1.5248431E+002, 1.4919841E+002, 1.4917420E+002, 1.5129713E+002, 1.5408864E+002, 1.6071344E+002, 1.6598191E+002, 1.7309393E+002, 1.7818716E+002, 1.8502619E+002, 1.8629772E+002, 1.7219758E+002, 1.7999536E+002, 2.0187957E+002, 2.0959404E+002, 2.0891114E+002, 2.0665973E+002, 2.0977302E+002, 2.1547670E+002, 2.3240625E+002, 2.4558226E+002, 2.5045766E+002, 2.3123969E+002, 2.0349491E+002, 1.9997606E+002, 2.0314900E+002, 1.8590264E+002, 2.0503199E+002, 2.0792039E+002, 2.2485154E+002, 2.4466016E+002, 2.5644723E+002, 2.4313886E+002, 2.0459549E+002, 2.3348334E+002, 2.2584287E+002, 2.2203299E+002, 2.2864283E+002, 2.2735084E+002, 2.2796608E+002, 2.3125335E+002, 2.3679067E+002, 2.4020697E+002, 2.4243207E+002, 2.4301636E+002, 2.4338838E+002, 2.4333265E+002, 2.4038775E+002, 2.3841594E+002, 2.3824963E+002, 2.3517125E+002, 2.3297337E+002, 2.2385644E+002, 2.1420676E+002, 2.0213951E+002, 1.8302873E+002, 1.5109975E+002, 1.5717555E+002, 1.7376941E+002, 1.9056774E+002, 1.9489188E+002, 1.9855369E+002, 2.0030713E+002, 2.0341134E+002, 2.0579861E+002, 2.1687955E+002, 2.1838190E+002, 2.1714874E+002, 2.0986212E+002, 2.0025160E+002, 1.9361300E+002, 1.8763846E+002, 1.8666083E+002, 1.6598533E+002, 1.6230898E+002, 1.7106275E+002, 1.8203170E+002, 1.8652952E+002, 1.8189927E+002, 1.8249443E+002, 1.7840703E+002, 1.7755381E+002, 1.7727746E+002, 1.7606685E+002, 1.7584709E+002, 1.7655347E+002, 1.7787367E+002, 1.7999022E+002, 1.8124587E+002, 1.8103413E+002, 1.8039851E+002, 1.7771107E+002, 1.7501025E+002, 1.7655659E+002, 1.8139324E+002, 2.0030868E+001, 5.0865220E+001, 1.2182777E+002, 1.2271736E+002, 1.2000122E+002, 1.1870811E+002, 1.1510226E+002, 1.1303103E+002, 1.1073267E+002, 1.0975754E+002, 1.1153058E+002, 1.1642662E+002, 1.2124540E+002, 1.2170470E+002, 1.2150021E+002, 1.2055229E+002, 1.1798640E+002, 1.1693752E+002, 1.1612883E+002, 1.1671175E+002, 1.1881358E+002, 1.2058528E+002, 1.2314731E+002, 1.2475118E+002, 1.2639712E+002, 1.2699395E+002, 1.2790894E+002, 1.2860880E+002, 1.2944869E+002, 1.3023640E+002, 1.3200683E+002, 1.2907914E+002, 1.2327396E+002, 1.2039627E+002, 1.3212949E+002, 1.3955205E+002, 1.4203169E+002, 1.4328027E+002, 1.4643911E+002, 1.4869681E+002, 1.5062081E+002, 1.5118174E+002, 1.5179313E+002, 1.5170922E+002, 1.5178312E+002, 1.5197726E+002, 1.5269413E+002, 1.5363016E+002, 1.5489681E+002, 1.5507419E+002, 1.5366517E+002, 1.5119418E+002, 1.4504281E+002, 1.4123379E+002, 1.4836999E+002, 1.5664656E+002, 1.6640267E+002, 1.6763713E+002, 1.6711730E+002, 1.6841419E+002, 1.6895048E+002, 1.6809687E+002, 1.6699067E+002, 1.6770243E+002, 1.6702168E+002, 1.6321732E+002, 1.5649874E+002, 1.5408734E+002, 1.5175382E+002, 1.4979719E+002, 1.5139388E+002, 1.5978982E+002, 1.7265399E+002, 1.7828632E+002, 1.8396414E+002, 1.8724459E+002, 1.8609961E+002, 1.9652469E+002, 2.1460436E+002, 2.2212392E+002, 2.2664558E+002, 2.2747937E+002, 2.2717821E+002, 2.2993309E+002, 2.4063146E+002, 2.4405235E+002, 2.3691144E+002, 2.2155101E+002, 2.0539140E+002, 2.1288228E+002, 2.1540056E+002, 2.1537739E+002, 2.5312841E+002, 2.4776309E+002
 2.3100218E+002, 2.0005731E+001, 2.1056551E+001, 9.6001804E+001, 1.1274509E+002, 1.0884377E+002, 1.0829922E+002, 1.0382276E+002, 1.0261513E+002, 1.0586075E+002, 1.1072384E+002, 1.1603583E+002, 1.1688985E+002, 1.1664784E+002, 1.1579845E+002, 1.1261499E+002, 1.0967321E+002, 1.0764434E+002, 1.0862690E+002, 1.1247323E+002, 1.1503637E+002, 1.1799748E+002, 1.1932569E+002, 1.2068423E+002, 1.2121938E+002, 1.2211563E+002, 1.2299932E+002, 1.2462034E+002, 1.2568067E+002, 1.2710511E+002, 1.2691444E+002, 1.2087457E+002, 1.1648619E+002, 1.2188924E+002, 1.3125827E+002, 1.3652327E+002, 1.3809222E+002, 1.4170778E+002, 1.4364568E+002, 1.4502165E+002, 1.4505495E+002, 1.4497972E+002, 1.4506616E+002, 1.4551987E+002, 1.4580808E+002, 1.4618174E+002, 1.4655848E+002, 1.4714343E+002, 1.4721020E+002, 1.4590000E+002, 1.4359800E+002, 1.3843734E+002, 1.3947129E+002, 1.5054912E+002, 1.6249648E+002, 1.6812430E+002, 1.6724474E+002, 1.6502239E+002, 1.6348099E+002, 1.6093727E+002, 1.5932522E+002, 1.5774998E+002, 1.5696659E+002, 1.5435141E+002, 1.5093093E+002, 1.4640312E+002, 1.4600455E+002, 1.4880426E+002, 1.5184379E+002, 1.5810348E+002, 1.6298043E+002, 1.7050123E+002, 1.7506624E+002, 1.8062713E+002, 1.8051863E+002, 1.7829937E+002, 1.8213844E+002, 2.0132924E+002, 2.0731824E+002, 2.0616496E+002, 2.0581619E+002, 2.1391671E+002, 2.2100773E+002, 2.3030786E+002, 2.3732389E+002, 2.3049458E+002, 2.2068351E+002, 2.0466974E+002, 1.9709664E+002, 2.0306793E+002, 2.0458492E+002, 1.9182835E+002, 2.0221470E+002, 2.2602685E+002, 2.4994997E+002, 2.4579578E+002, 2.2697198E+002, 2.2562186E+002, 2.3349857E+002, 2.5294800E+002, 2.2340647E+002, 2.1521159E+002, 2.1591565E+002, 2.2479695E+002, 2.3661024E+002, 2.4487556E+002, 2.4931645E+002, 2.5044428E+002, 2.4873445E+002, 2.4604425E+002, 2.4479695E+002, 2.4260613E+002, 2.3864377E+002, 2.2731803E+002, 2.2082859E+002, 2.2142079E+002, 2.2622613E+002, 2.3186755E+002, 2.3473393E+002, 2.3797202E+002, 2.3514997E+002, 2.2932979E+002, 2.1982598E+002, 1.8922399E+002, 1.5899657E+002, 1.6628134E+002, 1.8809608E+002, 2.0049509E+002, 2.0390072E+002, 2.0523744E+002, 2.0740636E+002, 2.1357107E+002, 2.1391226E+002, 2.1539154E+002, 2.1757197E+002, 2.1684970E+002, 2.1437184E+002, 2.0444675E+002, 1.9482760E+002, 1.8788211E+002, 1.8085268E+002, 1.5996647E+002, 1.7197355E+002, 1.7773923E+002, 1.8364377E+002, 1.7980869E+002, 1.8204816E+002, 1.8298410E+002, 1.8523397E+002, 1.8362353E+002, 1.8175321E+002, 1.8076522E+002, 1.8053371E+002, 1.7907293E+002, 1.7799513E+002, 1.7672045E+002, 1.7529054E+002, 1.7432020E+002, 1.7417505E+002, 1.7243124E+002, 1.6891643E+002, 2.0005823E+001, 2.0554526E+001, 1.1458319E+002, 1.1837601E+002, 1.1542528E+002, 1.1308559E+002, 1.0955794E+002, 1.0850141E+002, 1.1010642E+002, 1.1318779E+002, 1.1841281E+002, 1.2010248E+002, 1.2015495E+002, 1.2005914E+002, 1.1797309E+002, 1.1547619E+002, 1.1413578E+002, 1.1494258E+002, 1.1787828E+002, 1.1980879E+002, 1.2203601E+002, 1.2315283E+002, 1.2440628E+002, 1.2504754E+002, 1.2597086E+002, 1.2673917E+002, 1.2757326E+002, 1.2796325E+002, 1.2899998E+002, 1.2938748E+002, 1.2433631E+002, 1.2127100E+002, 1.2653750E+002, 1.3535347E+002, 1.4102368E+002, 1.4231952E+002, 1.4484963E+002, 1.4594444E+002, 1.4751284E+002, 1.4864770E+002, 1.4943774E+002, 1.4985723E+002, 1.5013332E+002, 1.5027328E+002, 1.5067142E+002, 1.5124336E+002, 1.5227236E+002, 1.5260234E+002, 1.5120120E+002, 1.4861377E+002, 1.4320166E+002, 1.4310665E+002, 1.5105045E+002, 1.5962148E+002, 1.6459752E+002, 1.6393756E+002, 1.6175989E+002, 1.6216251E+002, 1.6347325E+002, 1.6332903E+002, 1.6221324E+002, 1.6272872E+002, 1.6342714E+002, 1.6145198E+002, 1.5533441E+002, 1.5265902E+002, 1.5085859E+002, 1.4977641E+002, 1.5169881E+002, 1.5739475E+002, 1.7015309E+002, 1.7525577E+002, 1.8013351E+002, 1.8083558E+002, 1.8643154E+002, 1.9572670E+002, 2.1475620E+002, 2.2051609E+002, 2.2148135E+002, 2.2227061E+002, 2.2683939E+002, 2.3042994E+002, 2.3646450E+002, 2.3810496E+002, 2.2745057E+002, 2.2005173E+002, 2.1472395E+002, 2.1558397E+002, 2.1047425E+002, 2.0783196E+002, 2.1338843E+002, 2.4773931E+002, 2.5187684E+002, 2.7068468E+002
 2.3200234E+002, 2.0099048E+001, 5.4438351E+001, 1.1309434E+002, 1.0574193E+002, 1.0403030E+002, 9.9445031E+001, 1.0534057E+002, 1.1119570E+002, 1.1528674E+002, 1.1568521E+002, 1.1553094E+002, 1.1505886E+002, 1.1275371E+002, 1.0939423E+002, 1.0524662E+002, 1.0656786E+002, 1.1221703E+002, 1.1520519E+002, 1.1777786E+002, 1.1877250E+002, 1.1969079E+002, 1.2019718E+002, 1.2129299E+002, 1.2217930E+002, 1.2347758E+002, 1.2426870E+002, 1.2542087E+002, 1.2587565E+002, 1.2118412E+002, 1.1551822E+002, 1.2168931E+002, 1.3024521E+002, 1.3472098E+002, 1.3750693E+002, 1.4106593E+002, 1.4203075E+002, 1.4251342E+002, 1.4265133E+002, 1.4298023E+002, 1.4325295E+002, 1.4344010E+002, 1.4358118E+002, 1.4403527E+002, 1.4451195E+002, 1.4511608E+002, 1.4480781E+002, 1.4226101E+002, 1.3900833E+002, 1.3671946E+002, 1.4356955E+002, 1.5893727E+002, 1.6309898E+002, 1.6162122E+002, 1.6011657E+002, 1.5852718E+002, 1.5753745E+002, 1.5561059E+002, 1.5467723E+002, 1.5415528E+002, 1.5338079E+002, 1.4999104E+002, 1.4669493E+002, 1.4403993E+002, 1.4490816E+002, 1.4855250E+002, 1.5214431E+002, 1.5892459E+002, 1.6380184E+002, 1.7107159E+002, 1.7491379E+002, 1.7611878E+002, 1.7403729E+002, 1.7706320E+002, 1.8770561E+002, 2.0108321E+002, 2.0218312E+002, 2.0651189E+002, 2.1286916E+002, 2.2270618E+002, 2.2751431E+002, 2.2441559E+002, 2.1706371E+002, 2.0551250E+002, 2.0084957E+002, 2.0072404E+002, 2.0359734E+002, 2.0218498E+002, 1.9949811E+002, 1.8783186E+002, 1.9523367E+002, 2.2671265E+002, 2.3940610E+002, 2.2803877E+002, 2.2809940E+002, 2.3349550E+002, 2.4818145E+002, 2.5102712E+002, 2.2350826E+002, 2.1037471E+002, 2.1447134E+002, 2.2172578E+002, 2.3612027E+002, 2.4051824E+002, 2.4252912E+002, 2.4383884E+002, 2.4460934E+002, 2.4359237E+002, 2.4076271E+002, 2.3392981E+002, 2.2783124E+002, 2.1709114E+002, 2.1307099E+002, 2.1608483E+002, 2.2118768E+002, 2.2416484E+002, 2.2472130E+002, 2.2488885E+002, 2.2554460E+002, 2.3078750E+002, 2.3345009E+002, 2.4634774E+002, 2.5082871E+002, 2.5258342E+002, 2.4930950E+002, 2.2606548E+002, 1.9765339E+002, 1.8615437E+002, 1.8838886E+002, 2.0240585E+002, 2.0246111E+002, 2.0201534E+002, 2.0228317E+002, 2.0223827E+002, 2.0178634E+002, 2.0022143E+002, 2.0116293E+002, 2.0665638E+002, 2.0803944E+002, 2.0262896E+002, 1.9806660E+002, 1.8742022E+002, 1.7184264E+002, 1.6380650E+002, 1.7203329E+002, 1.7408810E+002, 1.8264533E+002, 1.8648289E+002, 1.8719528E+002, 1.8746071E+002, 1.8764797E+002, 1.8612134E+002, 1.8386679E+002, 1.8145421E+002, 1.8085941E+002, 1.8102455E+002, 1.8085634E+002, 1.7821876E+002, 1.7375305E+002, 1.6658642E+002, 1.6492055E+002, 2.0026911E+001, 3.8439208E+001, 1.1693029E+002, 1.1206420E+002, 1.0762131E+002, 1.0509734E+002, 1.0913980E+002, 1.1350457E+002, 1.1763068E+002, 1.1851678E+002, 1.1852364E+002, 1.1841106E+002, 1.1753006E+002, 1.1448096E+002, 1.1180350E+002, 1.1301394E+002, 1.1754474E+002, 1.1988878E+002, 1.2181968E+002, 1.2255231E+002, 1.2332609E+002, 1.2373707E+002, 1.2446726E+002, 1.2499501E+002, 1.2554245E+002, 1.2575039E+002, 1.2642734E+002, 1.2733897E+002, 1.2319206E+002, 1.1948642E+002, 1.2696972E+002, 1.3581822E+002, 1.4061018E+002, 1.4250471E+002, 1.4426716E+002, 1.4427017E+002, 1.4431342E+002, 1.4519925E+002, 1.4665348E+002, 1.4778075E+002, 1.4842579E+002, 1.4854641E+002, 1.4903916E+002, 1.4959491E+002, 1.5015818E+002, 1.4965859E+002, 1.4676809E+002, 1.4343447E+002, 1.4031117E+002, 1.4577887E+002, 1.5922926E+002, 1.6291457E+002, 1.6018062E+002, 1.5730881E+002, 1.5580828E+002, 1.5776017E+002, 1.5951453E+002, 1.5887130E+002, 1.5774043E+002, 1.5725668E+002, 1.5662979E+002, 1.5481564E+002, 1.5124690E+002, 1.5016911E+002, 1.4931883E+002, 1.4968252E+002, 1.5523817E+002, 1.6224936E+002, 1.7164659E+002, 1.7529544E+002, 1.7587786E+002, 1.7704205E+002, 1.9162898E+002, 2.0456927E+002, 2.1480131E+002, 2.1580538E+002, 2.1868507E+002, 2.2308098E+002, 2.3051637E+002, 2.3306539E+002, 2.2797195E+002, 2.2093894E+002, 2.1313226E+002, 2.1047627E+002, 2.0441015E+002, 2.0405734E+002, 2.1030494E+002, 2.1471383E+002, 2.1968634E+002, 2.4455909E+002, 2.6287890E+002, 2.7065826E+002, 2.7114561E+002, 2.7836979E+002
 2.3300836E+002, 7.5662828E+001, 1.0830338E+002, 1.0483635E+002, 9.9732223E+001, 1.0503386E+002, 1.1062194E+002, 1.1412124E+002, 1.1433491E+002, 1.1427430E+002, 1.1399184E+002, 1.1137817E+002, 1.0780194E+002, 1.0462208E+002, 1.0697073E+002, 1.1274987E+002, 1.1541611E+002, 1.1732883E+002, 1.1801504E+002, 1.1892909E+002, 1.1957328E+002, 1.2067970E+002, 1.2138997E+002, 1.2235274E+002, 1.2295674E+002, 1.2373810E+002, 1.2278735E+002, 1.1817996E+002, 1.1905674E+002, 1.2453103E+002, 1.2999719E+002, 1.3504297E+002, 1.3709805E+002, 1.3926957E+002, 1.3976918E+002, 1.4033740E+002, 1.4072655E+002, 1.4125746E+002, 1.4153331E+002, 1.4184034E+002, 1.4210143E+002, 1.4261360E+002, 1.4278636E+002, 1.4188961E+002, 1.4003740E+002, 1.3624296E+002, 1.3830053E+002, 1.4622729E+002, 1.5147411E+002, 1.5721673E+002, 1.5650092E+002, 1.5453897E+002, 1.5360843E+002, 1.5278601E+002, 1.5238821E+002, 1.5161461E+002, 1.5076337E+002, 1.4870664E+002, 1.4668653E+002, 1.4373273E+002, 1.4304869E+002, 1.4457393E+002, 1.4716582E+002, 1.5228801E+002, 1.5629306E+002, 1.6295876E+002, 1.6678280E+002, 1.6987646E+002, 1.7027857E+002, 1.7236210E+002, 1.7633749E+002, 1.8465254E+002, 1.9207218E+002, 2.0293772E+002, 2.0893583E+002, 2.1595154E+002, 2.1704416E+002, 2.1384599E+002, 2.0875719E+002, 2.0156778E+002, 1.9821233E+002, 1.9468968E+002, 1.9410685E+002, 1.9810843E+002, 2.0136429E+002, 2.0249222E+002, 1.9897522E+002, 2.0186033E+002, 2.0804058E+002, 2.2520556E+002, 2.3333734E+002, 2.3718104E+002, 2.4261500E+002, 2.4597192E+002, 2.4475765E+002, 2.3762512E+002, 2.2341297E+002, 2.1422472E+002, 2.1548185E+002, 2.2282032E+002, 2.3087056E+002, 2.3649832E+002, 2.3661864E+002, 2.3441187E+002, 2.3035005E+002, 2.2597146E+002, 2.2255433E+002, 2.1921611E+002, 2.1682467E+002, 2.1515760E+002, 2.1505036E+002, 2.1674600E+002, 2.1711008E+002, 2.1590394E+002, 2.1481303E+002, 2.1477129E+002, 2.1560337E+002, 2.2032455E+002, 2.2649149E+002, 2.3542878E+002, 2.4167635E+002, 2.4461178E+002, 2.4697395E+002, 2.4880860E+002, 2.4829415E+002, 2.5775575E+002, 2.5891339E+002, 2.5796197E+002, 2.5014527E+002, 2.2920322E+002, 2.1487707E+002, 1.9383009E+002, 1.9460995E+002, 1.9507948E+002, 1.9518545E+002, 1.9568930E+002, 1.9567233E+002, 1.9372578E+002, 1.9305333E+002, 1.9530889E+002, 1.9842819E+002, 2.0052014E+002, 1.9723067E+002, 1.8050131E+002, 1.5980926E+002, 1.5421935E+002, 1.7968991E+002, 1.8467309E+002, 1.8427112E+002, 1.8527918E+002, 1.8515382E+002, 1.8630554E+002, 1.8682522E+002, 1.8703683E+002, 1.8618096E+002, 1.8344327E+002, 1.8135571E+002, 1.7898434E+002, 1.7826632E+002, 1.7690916E+002, 1.7160626E+002, 6.6365720E+001, 1.0369478E+002, 1.0784680E+002, 1.0395052E+002, 1.0947621E+002, 1.1386558E+002, 1.1654044E+002, 1.1664576E+002, 1.1667582E+002, 1.1688919E+002, 1.1538372E+002, 1.1256283E+002, 1.1066231E+002, 1.1318382E+002, 1.1799541E+002, 1.2005392E+002, 1.2137750E+002, 1.2183313E+002, 1.2245692E+002, 1.2288446E+002, 1.2341521E+002, 1.2361065E+002, 1.2360783E+002, 1.2357270E+002, 1.2418446E+002, 1.2328735E+002, 1.2072097E+002, 1.2299387E+002, 1.3081102E+002, 1.3669898E+002, 1.4096567E+002, 1.4199324E+002, 1.4243940E+002, 1.4225557E+002, 1.4272551E+002, 1.4361120E+002, 1.4499246E+002, 1.4573867E+002, 1.4659796E+002, 1.4698774E+002, 1.4756100E+002, 1.4769412E+002, 1.4644755E+002, 1.4437868E+002, 1.4013698E+002, 1.4108462E+002, 1.4885671E+002, 1.5358546E+002, 1.5863352E+002, 1.5730062E+002, 1.5328204E+002, 1.5174032E+002, 1.5215403E+002, 1.5357577E+002, 1.5490792E+002, 1.5462254E+002, 1.5284074E+002, 1.5155278E+002, 1.4998419E+002, 1.4910360E+002, 1.4833716E+002, 1.4879871E+002, 1.5130453E+002, 1.5430838E+002, 1.6127404E+002, 1.6651229E+002, 1.7041796E+002, 1.7112246E+002, 1.7886272E+002, 1.8757439E+002, 2.0078054E+002, 2.0767219E+002, 2.1366635E+002, 2.1878359E+002, 2.2393253E+002, 2.2399630E+002, 2.2049143E+002, 2.1609437E+002, 2.0966198E+002, 2.0589210E+002, 1.9457011E+002, 1.8471780E+002, 1.8046167E+002, 1.8854140E+002, 2.0946901E+002, 2.2537526E+002, 2.4445177E+002, 2.5572692E+002, 2.7036547E+002, 2.7483588E+002, 2.7563861E+002, 2.7691889E+002, 2.7017153E+002, 2.6200948E+002
 2.3400726E+002, 1.0863848E+002, 1.0671741E+002, 1.0036886E+002, 1.0834326E+002, 1.1267298E+002, 1.1286294E+002, 1.1298455E+002, 1.1297529E+002, 1.1038260E+002, 1.0642772E+002, 1.0342319E+002, 1.0683044E+002, 1.1350155E+002, 1.1557075E+002, 1.1676229E+002, 1.1729300E+002, 1.1822247E+002, 1.1893367E+002, 1.1987676E+002, 1.2037042E+002, 1.2101936E+002, 1.2143199E+002, 1.2128031E+002, 1.1934405E+002, 1.1775959E+002, 1.2068376E+002, 1.2871219E+002, 1.3209796E+002, 1.3488928E+002, 1.3646035E+002, 1.3741860E+002, 1.3795311E+002, 1.3876776E+002, 1.3923451E+002, 1.3971251E+002, 1.3993582E+002, 1.4039589E+002, 1.4081920E+002, 1.4100751E+002, 1.4024805E+002, 1.3723000E+002, 1.3487160E+002, 1.3777604E+002, 1.4303330E+002, 1.5172659E+002, 1.5343877E+002, 1.5133099E+002, 1.4989043E+002, 1.4886367E+002, 1.4880410E+002, 1.4885030E+002, 1.4858906E+002, 1.4724958E+002, 1.4562256E+002, 1.4274085E+002, 1.4127130E+002, 1.4128935E+002, 1.4314747E+002, 1.4802714E+002, 1.5187113E+002, 1.5792758E+002, 1.6147970E+002, 1.6491661E+002, 1.6581846E+002, 1.6758317E+002, 1.7044747E+002, 1.7616936E+002, 1.8231716E+002, 1.9412351E+002, 2.0155744E+002, 2.1064758E+002, 2.1309068E+002, 2.0926037E+002, 2.0352335E+002, 1.9570853E+002, 1.9193319E+002, 1.8826330E+002, 1.8709048E+002, 1.8848434E+002, 1.9162348E+002, 1.9880718E+002, 2.0373464E+002, 2.0607770E+002, 2.0889835E+002, 2.1989509E+002, 2.3247185E+002, 2.3502524E+002, 2.4249511E+002, 2.4899266E+002, 2.4583964E+002, 2.4114449E+002, 2.3415471E+002, 2.2566471E+002, 2.1921342E+002, 2.1647299E+002, 2.1737619E+002, 2.2275398E+002, 2.2705598E+002, 2.2805809E+002, 2.2450402E+002, 2.1961971E+002, 2.1635699E+002, 2.1475893E+002, 2.1421880E+002, 2.1452531E+002, 2.1587567E+002, 2.1713879E+002, 2.1700062E+002, 2.1544053E+002, 2.1402631E+002, 2.1022616E+002, 2.0834437E+002, 2.0850411E+002, 2.1079603E+002, 2.1629235E+002, 2.2105186E+002, 2.2972478E+002, 2.3351151E+002, 2.3476864E+002, 2.3582510E+002, 2.3133306E+002, 2.2061937E+002, 2.0973958E+002, 2.1139415E+002, 2.2986800E+002, 2.4155814E+002, 2.2349686E+002, 2.1611785E+002, 2.1758693E+002, 2.2249528E+002, 2.1561485E+002, 2.0127644E+002, 1.9415222E+002, 1.8722171E+002, 1.9197634E+002, 1.9561814E+002, 1.9462899E+002, 1.9385306E+002, 1.9143735E+002, 1.8986745E+002, 1.8893171E+002, 1.9109853E+002, 1.9551954E+002, 1.9472144E+002, 1.5336716E+002, 1.5661134E+002, 1.7908177E+002, 1.7957935E+002, 1.8242391E+002, 1.8196640E+002, 1.8294762E+002, 1.8415107E+002, 1.8447712E+002, 1.8459978E+002, 1.8474390E+002, 1.8489042E+002, 1.8456904E+002, 1.8267011E+002, 1.7705854E+002, 1.7301183E+002, 1.0802231E+002, 1.0611403E+002, 1.0759629E+002, 1.1381144E+002, 1.1546061E+002, 1.1515743E+002, 1.1487441E+002, 1.1515591E+002, 1.1381253E+002, 1.1082487E+002, 1.0959823E+002, 1.1330742E+002, 1.1870492E+002, 1.2007730E+002, 1.2066109E+002, 1.2109025E+002, 1.2172399E+002, 1.2204906E+002, 1.2212742E+002, 1.2185592E+002, 1.2132933E+002, 1.2128994E+002, 1.2127088E+002, 1.2023622E+002, 1.2190456E+002, 1.2662018E+002, 1.3595441E+002, 1.3909968E+002, 1.4055670E+002, 1.4073506E+002, 1.4030941E+002, 1.4017307E+002, 1.4097317E+002, 1.4204010E+002, 1.4357931E+002, 1.4433940E+002, 1.4503412E+002, 1.4533408E+002, 1.4520414E+002, 1.4428639E+002, 1.4108509E+002, 1.3842892E+002, 1.4064542E+002, 1.4581901E+002, 1.5422631E+002, 1.5635418E+002, 1.5317964E+002, 1.5067163E+002, 1.4827422E+002, 1.4826267E+002, 1.4974887E+002, 1.5087573E+002, 1.5069499E+002, 1.4936702E+002, 1.4715188E+002, 1.4639562E+002, 1.4630409E+002, 1.4701604E+002, 1.4939289E+002, 1.5190146E+002, 1.5680742E+002, 1.5998429E+002, 1.6317229E+002, 1.6426525E+002, 1.6759571E+002, 1.7411542E+002, 1.8763338E+002, 1.9733988E+002, 2.0790065E+002, 2.1251843E+002, 2.1772731E+002, 2.1913556E+002, 2.1598035E+002, 2.1100397E+002, 2.0404229E+002, 2.0038346E+002, 1.9228045E+002, 1.8486722E+002, 1.7437193E+002, 1.7311881E+002, 1.8637372E+002, 2.0474879E+002, 2.3019875E+002, 2.4261612E+002, 2.5940871E+002, 2.6756726E+002, 2.7293175E+002, 2.7624058E+002, 2.7309530E+002, 2.6848974E+002, 2.6364866E+002, 2.5395339E+002, 2.4824186E+002, 2.4740638E+002
 2.3501094E+002, 1.0176164E+002, 9.9062176E+001, 1.1057267E+002, 1.1137841E+002, 1.1175679E+002, 1.1181096E+002, 1.0885993E+002, 1.0458756E+002, 1.0309722E+002, 1.0738913E+002, 1.1365636E+002, 1.1511297E+002, 1.1628757E+002, 1.1679086E+002, 1.1753888E+002, 1.1801266E+002, 1.1858165E+002, 1.1888818E+002, 1.1933146E+002, 1.1943944E+002, 1.1754864E+002, 1.1610935E+002, 1.2030118E+002, 1.2563309E+002, 1.3153116E+002, 1.3265048E+002, 1.3396196E+002, 1.3465391E+002, 1.3587259E+002, 1.3655383E+002, 1.3740940E+002, 1.3782148E+002, 1.3831610E+002, 1.3865824E+002, 1.3913123E+002, 1.3907175E+002, 1.3762513E+002, 1.3544457E+002, 1.3294854E+002, 1.3577017E+002, 1.4396122E+002, 1.4898514E+002, 1.4951248E+002, 1.4773896E+002, 1.4568268E+002, 1.4529290E+002, 1.4553916E+002, 1.4568655E+002, 1.4506707E+002, 1.4388744E+002, 1.4134131E+002, 1.3983971E+002, 1.3906682E+002, 1.4000787E+002, 1.4388809E+002, 1.4770482E+002, 1.5375133E+002, 1.5718636E+002, 1.6040915E+002, 1.6118763E+002, 1.6327526E+002, 1.6677716E+002, 1.7395788E+002, 1.7852512E+002, 1.8804577E+002, 1.9495985E+002, 2.0441049E+002, 2.0735031E+002, 2.0415841E+002, 1.9943097E+002, 1.9207519E+002, 1.8829215E+002, 1.8361811E+002, 1.8126548E+002, 1.8103841E+002, 1.8422382E+002, 1.9350328E+002, 2.0066784E+002, 2.0675461E+002, 2.0807838E+002, 2.1979076E+002, 2.2904961E+002, 2.4371461E+002, 2.4939020E+002, 2.5173671E+002, 2.4971281E+002, 2.3947704E+002, 2.3419501E+002, 2.2467732E+002, 2.2106613E+002, 2.1993624E+002, 2.1960688E+002, 2.1892181E+002, 2.2690404E+002, 2.2955819E+002, 2.2686903E+002, 2.1887692E+002, 2.1429053E+002, 2.1322705E+002, 2.1305652E+002, 2.1435591E+002, 2.1635226E+002, 2.1846186E+002, 2.2036491E+002, 2.2120230E+002, 2.2119003E+002, 2.1807499E+002, 2.1356614E+002, 2.0775978E+002, 2.0552179E+002, 2.0455881E+002, 2.0636629E+002, 2.1428145E+002, 2.1981139E+002, 2.2532403E+002, 2.2700250E+002, 2.2762722E+002, 2.2706231E+002, 2.2049754E+002, 2.1115355E+002, 1.9748327E+002, 1.9616268E+002, 1.9744540E+002, 1.9665409E+002, 2.0382143E+002, 2.0172877E+002, 1.7515099E+002, 1.6926147E+002, 1.7137268E+002, 1.7622139E+002, 1.8412965E+002, 1.8338480E+002, 1.7846924E+002, 1.8169276E+002, 1.7955311E+002, 1.8248080E+002, 1.9164020E+002, 1.9220828E+002, 1.9481302E+002, 1.9329532E+002, 1.9018512E+002, 1.8739415E+002, 1.8553407E+002, 1.8609689E+002, 1.8994249E+002, 1.6616607E+002, 1.6265059E+002, 1.7261919E+002, 1.7858563E+002, 1.7769264E+002, 1.8080209E+002, 1.8078229E+002, 1.8424722E+002, 1.8188228E+002, 1.8255047E+002, 1.8291934E+002, 1.8181890E+002, 1.8113837E+002, 1.8053862E+002, 1.7943986E+002, 1.0722728E+002, 1.1143853E+002, 1.1415177E+002, 1.1382524E+002, 1.1365348E+002, 1.1389654E+002, 1.1172652E+002, 1.0870727E+002, 1.0976492E+002, 1.1420701E+002, 1.1874216E+002, 1.1924526E+002, 1.1967012E+002, 1.2022325E+002, 1.2091859E+002, 1.2098780E+002, 1.2060050E+002, 1.2010689E+002, 1.1940568E+002, 1.1915858E+002, 1.1859358E+002, 1.2042968E+002, 1.2730914E+002, 1.3324720E+002, 1.3809969E+002, 1.3879974E+002, 1.3892333E+002, 1.3868758E+002, 1.3851713E+002, 1.3872038E+002, 1.3969107E+002, 1.4076824E+002, 1.4224672E+002, 1.4289369E+002, 1.4313001E+002, 1.4268238E+002, 1.4106320E+002, 1.3894924E+002, 1.3606908E+002, 1.3875894E+002, 1.4699336E+002, 1.5210063E+002, 1.5298649E+002, 1.5067402E+002, 1.4763366E+002, 1.4629319E+002, 1.4621214E+002, 1.4701564E+002, 1.4765344E+002, 1.4686403E+002, 1.4482645E+002, 1.4341224E+002, 1.4323550E+002, 1.4439834E+002, 1.4719987E+002, 1.4976734E+002, 1.5461282E+002, 1.5754333E+002, 1.6034395E+002, 1.6082381E+002, 1.6209261E+002, 1.6582666E+002, 1.7718636E+002, 1.8686205E+002, 2.0133743E+002, 2.0739290E+002, 2.1299666E+002, 2.1406632E+002, 2.1028217E+002, 2.0582683E+002, 2.0009771E+002, 1.9709758E+002, 1.9026543E+002, 1.8417060E+002, 1.7672707E+002, 1.7635201E+002, 1.8544005E+002, 1.9628573E+002, 2.1713723E+002, 2.3127573E+002, 2.5046677E+002, 2.5831734E+002, 2.6600794E+002, 2.6729860E+002, 2.6361632E+002, 2.6022488E+002, 2.6080022E+002, 2.5360517E+002, 2.4804852E+002, 2.4643521E+002, 2.4603500E+002, 2.5060499E+002, 2.5474276E+002, 2.6374358E+002
 2.3600458E+002, 1.0508368E+002, 1.0821198E+002, 1.1045323E+002, 1.1085955E+002, 1.0907224E+002, 1.0419411E+002, 1.0058668E+002, 1.0607171E+002, 1.1208461E+002, 1.1398437E+002, 1.1565612E+002, 1.1615855E+002, 1.1658790E+002, 1.1676628E+002, 1.1705231E+002, 1.1722222E+002, 1.1743822E+002, 1.1731924E+002, 1.1449847E+002, 1.1342252E+002, 1.2320006E+002, 1.2940849E+002, 1.3165016E+002, 1.3191016E+002, 1.3214499E+002, 1.3307754E+002, 1.3451837E+002, 1.3513685E+002, 1.3595408E+002, 1.3639206E+002, 1.3691829E+002, 1.3718049E+002, 1.3690257E+002, 1.3587881E+002, 1.3287200E+002, 1.3062865E+002, 1.3315421E+002, 1.3950990E+002, 1.4777436E+002, 1.4725244E+002, 1.4398522E+002, 1.4264932E+002, 1.4221429E+002, 1.4252553E+002, 1.4293405E+002, 1.4256651E+002, 1.4062116E+002, 1.3871509E+002, 1.3659936E+002, 1.3663140E+002, 1.3896111E+002, 1.4187493E+002, 1.4802910E+002, 1.5218783E+002, 1.5633631E+002, 1.5734071E+002, 1.5760799E+002, 1.5990877E+002, 1.6825367E+002, 1.7508395E+002, 1.8142954E+002, 1.8644869E+002, 1.9743558E+002, 2.0334275E+002, 2.0167806E+002, 1.9585921E+002, 1.8877300E+002, 1.8604021E+002, 1.8224034E+002, 1.7871102E+002, 1.7434401E+002, 1.7505261E+002, 1.8328397E+002, 1.9105928E+002, 2.0150104E+002, 2.0622227E+002, 2.1078223E+002, 2.1943002E+002, 2.3584451E+002, 2.4523756E+002, 2.4550613E+002, 2.4361168E+002, 2.3978329E+002, 2.3614825E+002, 2.2799218E+002, 2.2309727E+002, 2.1508700E+002, 2.1721953E+002, 2.2181312E+002, 2.1947264E+002, 2.3131821E+002, 2.4696129E+002, 2.5554931E+002, 2.2831651E+002, 2.1218952E+002, 2.0741829E+002, 2.0898500E+002, 2.1035668E+002, 2.1454322E+002, 2.1964495E+002, 2.2328838E+002, 2.2541614E+002, 2.2344672E+002, 2.2117396E+002, 2.1887792E+002, 2.1506951E+002, 2.0821432E+002, 2.0378150E+002, 2.0385123E+002, 2.0654140E+002, 2.1201916E+002, 2.1578304E+002, 2.1933777E+002, 2.1900461E+002, 2.1989702E+002, 2.1815343E+002, 2.1090106E+002, 2.0261871E+002, 1.9212086E+002, 1.8927025E+002, 1.8903895E+002, 1.8749728E+002, 1.8445715E+002, 1.8537936E+002, 1.8666535E+002, 1.6981898E+002, 1.6016995E+002, 1.6076784E+002, 1.6269324E+002, 1.6060606E+002, 1.6131533E+002, 1.6450593E+002, 1.6923202E+002, 1.7265622E+002, 1.7288075E+002, 1.7278364E+002, 1.7350375E+002, 1.7842738E+002, 1.9050547E+002, 1.9655273E+002, 2.0035378E+002, 1.9830464E+002, 1.9176439E+002, 1.8388672E+002, 1.7959084E+002, 1.8401527E+002, 1.6765309E+002, 1.5426794E+002, 1.7400209E+002, 1.7178845E+002, 1.7489541E+002, 1.7771094E+002, 1.8244653E+002, 1.7937905E+002, 1.8190097E+002, 1.8598728E+002, 1.8655523E+002, 1.8541649E+002, 1.8209831E+002, 1.7791750E+002, 1.1231107E+002, 1.1282274E+002, 1.1275792E+002, 1.1290646E+002, 1.1138241E+002, 1.0738895E+002, 1.0866601E+002, 1.1418984E+002, 1.1777368E+002, 1.1824405E+002, 1.1872568E+002, 1.1922300E+002, 1.1982592E+002, 1.1975746E+002, 1.1908997E+002, 1.1840046E+002, 1.1745442E+002, 1.1720472E+002, 1.1743746E+002, 1.2208721E+002, 1.3265460E+002, 1.3635031E+002, 1.3752468E+002, 1.3739514E+002, 1.3709483E+002, 1.3711488E+002, 1.3716749E+002, 1.3722076E+002, 1.3826892E+002, 1.3944343E+002, 1.4107675E+002, 1.4142655E+002, 1.4055936E+002, 1.3901261E+002, 1.3576544E+002, 1.3365980E+002, 1.3588841E+002, 1.4267011E+002, 1.5166660E+002, 1.5113303E+002, 1.4768944E+002, 1.4604709E+002, 1.4433858E+002, 1.4355552E+002, 1.4314249E+002, 1.4380150E+002, 1.4366318E+002, 1.4223571E+002, 1.4044852E+002, 1.4062077E+002, 1.4303689E+002, 1.4576693E+002, 1.5085574E+002, 1.5419955E+002, 1.5747900E+002, 1.5818604E+002, 1.5801186E+002, 1.5977147E+002, 1.6758110E+002, 1.7595988E+002, 1.9076086E+002, 2.0007818E+002, 2.0911296E+002, 2.1160249E+002, 2.0771952E+002, 2.0234847E+002, 1.9636954E+002, 1.9464048E+002, 1.9097080E+002, 1.8600026E+002, 1.7643796E+002, 1.7314867E+002, 1.7971626E+002, 1.8868890E+002, 2.0374222E+002, 2.1471749E+002, 2.3554289E+002, 2.4786936E+002, 2.5865409E+002, 2.5955363E+002, 2.5457746E+002, 2.5022408E+002, 2.4413514E+002, 2.4049537E+002, 2.3839972E+002, 2.4085886E+002, 2.4185578E+002, 2.4748402E+002, 2.5281306E+002, 2.5583836E+002, 2.6395124E+002, 2.7385358E+002, 2.7710692E+002, 2.5901752E+002
 2.3700349E+002, 1.0696607E+002, 1.0772274E+002, 1.0969967E+002, 1.0895564E+002, 1.0058786E+002, 9.8263938E+001, 1.0803104E+002, 1.1032627E+002, 1.1414961E+002, 1.1501156E+002, 1.1535708E+002, 1.1539878E+002, 1.1534822E+002, 1.1542636E+002, 1.1541374E+002, 1.1541820E+002, 1.1374143E+002, 1.1046983E+002, 1.1958073E+002, 1.2806508E+002, 1.3042707E+002, 1.3037928E+002, 1.2943699E+002, 1.3047839E+002, 1.3258902E+002, 1.3332589E+002, 1.3423447E+002, 1.3479677E+002, 1.3543416E+002, 1.3546326E+002, 1.3443362E+002, 1.3286514E+002, 1.2934930E+002, 1.2792876E+002, 1.3413133E+002, 1.4134093E+002, 1.4631585E+002, 1.4426501E+002, 1.4037192E+002, 1.3939729E+002, 1.3937995E+002, 1.3980668E+002, 1.3970441E+002, 1.3889646E+002, 1.3698293E+002, 1.3549280E+002, 1.3415470E+002, 1.3501438E+002, 1.3864045E+002, 1.4213918E+002, 1.4883575E+002, 1.5235051E+002, 1.5388418E+002, 1.5360481E+002, 1.5652982E+002, 1.6199173E+002, 1.7283060E+002, 1.7808484E+002, 1.8250011E+002, 1.8849890E+002, 1.9825271E+002, 1.9834445E+002, 1.8988929E+002, 1.8418613E+002, 1.7963409E+002, 1.7759698E+002, 1.7284755E+002, 1.7030627E+002, 1.7216998E+002, 1.7707225E+002, 1.8694329E+002, 1.9316574E+002, 2.0107732E+002, 2.0604436E+002, 2.1480990E+002, 2.2305571E+002, 2.3735577E+002, 2.3829500E+002, 2.3511115E+002, 2.3184203E+002, 2.2572182E+002, 2.2091224E+002, 2.1564566E+002, 2.1659221E+002, 2.2143863E+002, 2.2479209E+002, 2.2196969E+002, 2.3445521E+002, 2.4896589E+002, 2.6437953E+002, 2.6244520E+002, 2.4102428E+002, 2.1188200E+002, 2.0431975E+002, 2.0285327E+002, 2.0645171E+002, 2.0617170E+002, 2.1968884E+002, 2.2983623E+002, 2.3366223E+002, 2.4312104E+002, 2.6950953E+002, 2.8483048E+002, 2.1833114E+002, 2.0329423E+002, 2.0007376E+002, 2.0209426E+002, 2.0599759E+002, 2.1309751E+002, 2.1691976E+002, 2.2044572E+002, 2.1721049E+002, 2.1205641E+002, 2.0906537E+002, 2.0148334E+002, 1.9639192E+002, 1.8913762E+002, 1.8568724E+002, 1.8322742E+002, 1.8173995E+002, 1.7853679E+002, 1.7645330E+002, 1.7477768E+002, 1.7464015E+002, 1.7168321E+002, 1.6245787E+002, 1.5519051E+002, 1.5661363E+002, 1.5785684E+002, 1.5548147E+002, 1.4952591E+002, 1.4824124E+002, 1.5471336E+002, 1.5968041E+002, 1.6431978E+002, 1.6723876E+002, 1.7077229E+002, 1.7035052E+002, 1.7247299E+002, 1.8653368E+002, 2.0028647E+002, 2.0047729E+002, 2.0372426E+002, 2.0379797E+002, 2.0030199E+002, 1.8921042E+002, 1.7967488E+002, 1.7584184E+002, 1.5628511E+002, 1.5178975E+002, 1.6554832E+002, 1.7703806E+002, 1.7118532E+002, 1.7720465E+002, 1.8515229E+002, 1.8702977E+002, 1.8630472E+002, 1.8546178E+002, 1.8496221E+002, 1.8509605E+002, 1.0939454E+002, 1.1198827E+002, 1.1211466E+002, 1.1063597E+002, 1.0494952E+002, 1.0866130E+002, 1.1574395E+002, 1.1685191E+002, 1.1787883E+002, 1.1815621E+002, 1.1859938E+002, 1.1860522E+002, 1.1808267E+002, 1.1721368E+002, 1.1522644E+002, 1.1439857E+002, 1.1561221E+002, 1.1945632E+002, 1.3211891E+002, 1.3553727E+002, 1.3638580E+002, 1.3617461E+002, 1.3548386E+002, 1.3575262E+002, 1.3590545E+002, 1.3580394E+002, 1.3583065E+002, 1.3657149E+002, 1.3859794E+002, 1.3926413E+002, 1.3818387E+002, 1.3632559E+002, 1.3283516E+002, 1.3104935E+002, 1.3679984E+002, 1.4466593E+002, 1.5051481E+002, 1.4847742E+002, 1.4484158E+002, 1.4368153E+002, 1.4247209E+002, 1.4181264E+002, 1.4054068E+002, 1.3973111E+002, 1.3900851E+002, 1.3871509E+002, 1.3863309E+002, 1.3955931E+002, 1.4318500E+002, 1.4680384E+002, 1.5270146E+002, 1.5518530E+002, 1.5538219E+002, 1.5436495E+002, 1.5689160E+002, 1.6197636E+002, 1.7247199E+002, 1.8075940E+002, 1.9560831E+002, 2.0369795E+002, 2.0758530E+002, 2.0461723E+002, 1.9701083E+002, 1.9315345E+002, 1.8980027E+002, 1.8694297E+002, 1.7969577E+002, 1.7452366E+002, 1.7224576E+002, 1.7573794E+002, 1.8549961E+002, 1.9317038E+002, 2.0579632E+002, 2.1761609E+002, 2.3842523E+002, 2.4881002E+002, 2.5234573E+002, 2.4856330E+002, 2.4075339E+002, 2.3583611E+002, 2.2961873E+002, 2.2758755E+002, 2.2952177E+002, 2.3313083E+002, 2.3636086E+002, 2.3294921E+002, 2.5115599E+002, 2.6094504E+002, 2.6814716E+002, 2.6978342E+002, 2.6681323E+002, 2.5661289E+002, 2.3952202E+002, 2.3254952E+002
 2.3800183E+002, 9.5396720E+001, 1.0518968E+002, 1.0775040E+002, 1.0083899E+002, 9.8387909E+001, 1.0531002E+002, 1.0897809E+002, 1.1270310E+002, 1.1401002E+002, 1.1412868E+002, 1.1390270E+002, 1.1370046E+002, 1.1344909E+002, 1.1330168E+002, 1.1287767E+002, 1.1088451E+002, 1.1207950E+002, 1.2181849E+002, 1.2858858E+002, 1.2895056E+002, 1.2778296E+002, 1.2747188E+002, 1.3000444E+002, 1.3119589E+002, 1.3236273E+002, 1.3299239E+002, 1.3359050E+002, 1.3339425E+002, 1.3189658E+002, 1.3012772E+002, 1.2696269E+002, 1.2670761E+002, 1.3396794E+002, 1.4106672E+002, 1.4448521E+002, 1.4175212E+002, 1.3743176E+002, 1.3667480E+002, 1.3673791E+002, 1.3692078E+002, 1.3643768E+002, 1.3545859E+002, 1.3386535E+002, 1.3288373E+002, 1.3236687E+002, 1.3369852E+002, 1.3812248E+002, 1.4189721E+002, 1.4755239E+002, 1.4990563E+002, 1.5024606E+002, 1.5134346E+002, 1.5784934E+002, 1.6484243E+002, 1.7369634E+002, 1.7796197E+002, 1.8344175E+002, 1.8777084E+002, 1.9178335E+002, 1.8849475E+002, 1.8104182E+002, 1.7663952E+002, 1.7106462E+002, 1.6851456E+002, 1.6683514E+002, 1.6896575E+002, 1.7638406E+002, 1.8213749E+002, 1.8971732E+002, 1.9428064E+002, 2.0246722E+002, 2.0962124E+002, 2.1943590E+002, 2.2365960E+002, 2.2834929E+002, 2.2852366E+002, 2.2510458E+002, 2.2176355E+002, 2.1500781E+002, 2.1007882E+002, 2.0895889E+002, 2.1308804E+002, 2.2034450E+002, 2.2791852E+002, 2.4140808E+002, 2.5112309E+002, 2.5836044E+002, 2.5708587E+002, 2.4803978E+002, 2.3075596E+002, 2.1208063E+002, 2.0277598E+002, 2.0051895E+002, 2.0342557E+002, 1.9974964E+002, 2.4274480E+002, 2.5380882E+002, 2.7987772E+002, 3.2461072E+002, 3.6385984E+002, 4.1001300E+002, 3.3302892E+002, 2.0302413E+002, 1.9663861E+002, 2.0032984E+002, 2.0637287E+002, 2.1411323E+002, 2.1735671E+002, 2.1358276E+002, 2.1223161E+002, 2.0522969E+002, 2.0123064E+002, 1.9736602E+002, 1.9700138E+002, 1.9659990E+002, 1.9109284E+002, 1.8179261E+002, 1.8110136E+002, 1.7460192E+002, 1.7313715E+002, 1.7864508E+002, 1.8539542E+002, 1.7612587E+002, 1.7115983E+002, 1.6858761E+002, 1.6521314E+002, 1.5403697E+002, 1.5139003E+002, 1.5349925E+002, 1.5227007E+002, 1.4532744E+002, 1.4280441E+002, 1.4801143E+002, 1.5368517E+002, 1.5718205E+002, 1.5758850E+002, 1.5847990E+002, 1.5986325E+002, 1.6127476E+002, 1.6242575E+002, 1.8181048E+002, 1.9307183E+002, 1.8637070E+002, 1.8464401E+002, 1.9722217E+002, 1.9024648E+002, 1.9072111E+002, 1.8807833E+002, 1.8113083E+002, 1.6876566E+002, 1.5297088E+002, 1.6072299E+002, 1.5864249E+002, 1.7858370E+002, 1.8376321E+002, 1.8400785E+002, 1.8282812E+002, 1.8161807E+002, 1.8028340E+002, 1.8028614E+002, 6.3550769E+001, 1.1126017E+002, 1.0848846E+002, 1.0449091E+002, 1.1167601E+002, 1.1487410E+002, 1.1644269E+002, 1.1720098E+002, 1.1718210E+002, 1.1717949E+002, 1.1714599E+002, 1.1650423E+002, 1.1450000E+002, 1.1278530E+002, 1.1211403E+002, 1.1603562E+002, 1.2729179E+002, 1.3359760E+002, 1.3507650E+002, 1.3499701E+002, 1.3433919E+002, 1.3424089E+002, 1.3459847E+002, 1.3460481E+002, 1.3472836E+002, 1.3506512E+002, 1.3639847E+002, 1.3679680E+002, 1.3536249E+002, 1.3345825E+002, 1.3019315E+002, 1.2948043E+002, 1.3633703E+002, 1.4432175E+002, 1.4872991E+002, 1.4608346E+002, 1.4254693E+002, 1.4170629E+002, 1.4083079E+002, 1.4011338E+002, 1.3839623E+002, 1.3694930E+002, 1.3555623E+002, 1.3585795E+002, 1.3717804E+002, 1.3874662E+002, 1.4316241E+002, 1.4735499E+002, 1.5264414E+002, 1.5384257E+002, 1.5254213E+002, 1.5263716E+002, 1.5817443E+002, 1.6463348E+002, 1.7399257E+002, 1.8197204E+002, 1.9650563E+002, 2.0180290E+002, 1.9987721E+002, 1.9564580E+002, 1.9073515E+002, 1.8732816E+002, 1.8119987E+002, 1.7673675E+002, 1.7096957E+002, 1.7061527E+002, 1.7621528E+002, 1.8163057E+002, 1.8953817E+002, 1.9429233E+002, 2.0371293E+002, 2.1411462E+002, 2.3414518E+002, 2.4259323E+002, 2.4346811E+002, 2.3821290E+002, 2.2924594E+002, 2.2589029E+002, 2.2010190E+002, 2.2012609E+002, 2.2636448E+002, 2.2903522E+002, 2.2617093E+002, 2.2513582E+002, 2.2822062E+002, 2.3455828E+002, 2.5971082E+002, 2.5623259E+002, 2.5061370E+002, 2.4823397E+002, 2.4323661E+002, 2.3822891E+002, 2.3508715E+002, 2.3514674E+002
 2.3901565E+002, 5.3014407E+001, 1.0443369E+002, 1.0353331E+002, 9.1692314E+001, 1.0406142E+002, 1.0558219E+002, 1.1194437E+002, 1.1270294E+002, 1.1279561E+002, 1.1251277E+002, 1.1184167E+002, 1.1143501E+002, 1.1111833E+002, 1.1030247E+002, 1.0900834E+002, 1.1604758E+002, 1.2639583E+002, 1.2740492E+002, 1.2668695E+002, 1.2565310E+002, 1.2672742E+002, 1.2878570E+002, 1.3058278E+002, 1.3125061E+002, 1.3160543E+002, 1.3104762E+002, 1.2899013E+002, 1.2697925E+002, 1.2469672E+002, 1.2680392E+002, 1.3578441E+002, 1.4142621E+002, 1.4276259E+002, 1.3977447E+002, 1.3472627E+002, 1.3378782E+002, 1.3391855E+002, 1.3389986E+002, 1.3311628E+002, 1.3211838E+002, 1.3097698E+002, 1.3060435E+002, 1.3120019E+002, 1.3287128E+002, 1.3775196E+002, 1.4163020E+002, 1.4567313E+002, 1.4666789E+002, 1.4860426E+002, 1.5227128E+002, 1.6108006E+002, 1.6683817E+002, 1.7431741E+002, 1.7916036E+002, 1.8474296E+002, 1.8565913E+002, 1.8363596E+002, 1.8002159E+002, 1.7396065E+002, 1.6931123E+002, 1.6376014E+002, 1.6370791E+002, 1.6856441E+002, 1.7367922E+002, 1.8115413E+002, 1.8562160E+002, 1.9271682E+002, 1.9875351E+002, 2.0976554E+002, 2.1642997E+002, 2.2066948E+002, 2.2049851E+002, 2.1928100E+002, 2.1843464E+002, 2.1490500E+002, 2.1198922E+002, 2.0633184E+002, 2.0383270E+002, 2.0511486E+002, 2.0998809E+002, 2.2523663E+002, 2.3503751E+002, 2.4712570E+002, 2.4879485E+002, 2.4780293E+002, 2.4376082E+002, 2.2407674E+002, 2.1056125E+002, 2.0389659E+002, 2.0160074E+002, 2.0455963E+002, 2.0148279E+002, 2.2836753E+002, 2.6608200E+002, 3.2727151E+002, 3.3274677E+002, 3.7623595E+002, 3.7436696E+002, 3.4048320E+002, 3.3106322E+002, 2.3032396E+002, 1.9808492E+002, 2.0290358E+002, 2.0926170E+002, 2.1615647E+002, 2.1417366E+002, 2.0095436E+002, 1.9337618E+002, 1.9706556E+002, 1.9935379E+002, 2.0157115E+002, 2.0386137E+002, 1.9838505E+002, 1.9086966E+002, 1.8884729E+002, 1.9241783E+002, 1.8548404E+002, 1.7284846E+002, 1.7434304E+002, 1.8695062E+002, 2.1315060E+002, 2.1739886E+002, 1.9614298E+002, 1.7709632E+002, 1.7067430E+002, 1.7891348E+002, 1.6895087E+002, 1.5719477E+002, 1.4858780E+002, 1.4897927E+002, 1.4634170E+002, 1.4043933E+002, 1.4593996E+002, 1.5349384E+002, 1.6007469E+002, 1.6376421E+002, 1.6663301E+002, 1.6662535E+002, 1.6329662E+002, 1.6058563E+002, 1.5606290E+002, 1.6456422E+002, 1.7265768E+002, 1.8633697E+002, 1.8038909E+002, 1.7872038E+002, 1.7818082E+002, 1.7849597E+002, 1.8012248E+002, 1.8202556E+002, 1.8272839E+002, 1.7247400E+002, 1.5854840E+002, 1.6472092E+002, 1.7874491E+002, 1.7825177E+002, 1.8011453E+002, 1.8052331E+002, 1.7738395E+002, 1.7976572E+002, 4.0205908E+001, 1.0962619E+002, 1.0376340E+002, 1.0862342E+002, 1.1425649E+002, 1.1542561E+002, 1.1616599E+002, 1.1595906E+002, 1.1556493E+002, 1.1527454E+002, 1.1395785E+002, 1.1233254E+002, 1.1062508E+002, 1.1298882E+002, 1.2353437E+002, 1.3041813E+002, 1.3367642E+002, 1.3372157E+002, 1.3328805E+002, 1.3284393E+002, 1.3309267E+002, 1.3340910E+002, 1.3360252E+002, 1.3355822E+002, 1.3390015E+002, 1.3433615E+002, 1.3272917E+002, 1.3069264E+002, 1.2784402E+002, 1.2894589E+002, 1.3743778E+002, 1.4403245E+002, 1.4661240E+002, 1.4417258E+002, 1.4023943E+002, 1.3943881E+002, 1.3873207E+002, 1.3796891E+002, 1.3610405E+002, 1.3453589E+002, 1.3274363E+002, 1.3292244E+002, 1.3547725E+002, 1.3807487E+002, 1.4350575E+002, 1.4782508E+002, 1.5160684E+002, 1.5129894E+002, 1.5099834E+002, 1.5332622E+002, 1.6046812E+002, 1.6610600E+002, 1.7507254E+002, 1.8304696E+002, 1.9509166E+002, 1.9649234E+002, 1.9181272E+002, 1.8915346E+002, 1.8428209E+002, 1.7876496E+002, 1.7087083E+002, 1.6871899E+002, 1.7053869E+002, 1.7425253E+002, 1.8171983E+002, 1.8655559E+002, 1.9334774E+002, 1.9892673E+002, 2.0990381E+002, 2.1913640E+002, 2.3140319E+002, 2.3554741E+002, 2.3264819E+002, 2.2701592E+002, 2.1653105E+002, 2.1398692E+002, 2.1348023E+002, 2.1490599E+002, 2.2249661E+002, 2.2365800E+002, 2.2549715E+002, 2.2802710E+002, 2.2909505E+002, 2.2648255E+002, 2.2530286E+002, 2.3011629E+002, 2.4062888E+002, 2.4178910E+002, 2.4298958E+002, 2.4267461E+002, 2.4619607E+002, 2.6060912E+002, 2.8964738E+002, 3.2601438E+002
 2.4001183E+002, 3.5610214E+001, 1.0441025E+002, 9.5016440E+001, 9.4946235E+001, 1.0348421E+002, 1.0930688E+002, 1.1119399E+002, 1.1121365E+002, 1.1035237E+002, 1.0978923E+002, 1.0933066E+002, 1.0907024E+002, 1.0809928E+002, 1.1297415E+002, 1.2395125E+002, 1.2581162E+002, 1.2560929E+002, 1.2477936E+002, 1.2421057E+002, 1.2574225E+002, 1.2854855E+002, 1.2935090E+002, 1.2931273E+002, 1.2850322E+002, 1.2605042E+002, 1.2399577E+002, 1.2415948E+002, 1.2862093E+002, 1.3761938E+002, 1.4127284E+002, 1.4037627E+002, 1.3703976E+002, 1.3240959E+002, 1.3126361E+002, 1.3105984E+002, 1.3078348E+002, 1.2989687E+002, 1.2910219E+002, 1.2854928E+002, 1.2892016E+002, 1.3083494E+002, 1.3329605E+002, 1.3856187E+002, 1.4158490E+002, 1.4331359E+002, 1.4454228E+002, 1.4991814E+002, 1.5564039E+002, 1.6425573E+002, 1.6934553E+002, 1.7681434E+002, 1.8147304E+002, 1.8383437E+002, 1.8134818E+002, 1.7670182E+002, 1.7358654E+002, 1.6735979E+002, 1.6264371E+002, 1.6096749E+002, 1.6515741E+002, 1.7381320E+002, 1.7852949E+002, 1.8529769E+002, 1.9051544E+002, 2.0013061E+002, 2.0674758E+002, 2.1457762E+002, 2.1651532E+002, 2.1375186E+002, 2.1122701E+002, 2.0876460E+002, 2.0715991E+002, 2.0359805E+002, 2.0189034E+002, 2.0078291E+002, 2.0172437E+002, 2.0800427E+002, 2.1622586E+002, 2.2842407E+002, 2.3527374E+002, 2.3615680E+002, 2.3508529E+002, 2.3207416E+002, 2.2468052E+002, 2.0930727E+002, 2.0344032E+002, 2.0195789E+002, 2.0553474E+002, 2.1540086E+002, 2.4328519E+002, 2.7971077E+002, 3.2447522E+002, 3.5951183E+002, 3.7906425E+002, 3.6591158E+002, 3.5689891E+002, 3.3423900E+002, 3.0028893E+002, 2.9376197E+002, 2.1538957E+002, 2.0614057E+002, 2.2670151E+002, 2.3905741E+002, 2.2328572E+002, 1.9371789E+002, 1.8577021E+002, 1.9589167E+002, 2.0565442E+002, 2.1735947E+002, 2.1319642E+002, 1.9879593E+002, 1.9793172E+002, 2.1279980E+002, 2.1567231E+002, 1.8840321E+002, 1.8559020E+002, 1.9796361E+002, 2.1336967E+002, 2.2926145E+002, 2.3251770E+002, 2.3393468E+002, 2.1679734E+002, 2.0052783E+002, 1.8808591E+002, 1.6996321E+002, 1.8869887E+002, 2.0802502E+002, 1.9992072E+002, 1.7523382E+002, 1.5781483E+002, 1.4484639E+002, 1.4344507E+002, 1.3798430E+002, 1.4781272E+002, 1.5544222E+002, 1.5735201E+002, 1.5921230E+002, 1.6205868E+002, 1.6969871E+002, 1.7499496E+002, 1.7568649E+002, 1.6803534E+002, 1.5582227E+002, 1.5760093E+002, 1.7255447E+002, 1.7392463E+002, 1.7535566E+002, 1.7539245E+002, 1.7443065E+002, 1.7437896E+002, 1.7545128E+002, 1.7646303E+002, 1.7852270E+002, 1.7236628E+002, 1.6506648E+002, 1.6762233E+002, 1.7792329E+002, 1.8039321E+002, 1.7986010E+002, 1.8163657E+002, 3.0288615E+001, 1.0690200E+002, 1.0207048E+002, 1.1147507E+002, 1.1413770E+002, 1.1486761E+002, 1.1451878E+002, 1.1403890E+002, 1.1285937E+002, 1.1164381E+002, 1.0989853E+002, 1.1150091E+002, 1.2046066E+002, 1.2742251E+002, 1.3216850E+002, 1.3232864E+002, 1.3207821E+002, 1.3176074E+002, 1.3151963E+002, 1.3198885E+002, 1.3233053E+002, 1.3207998E+002, 1.3147152E+002, 1.3117744E+002, 1.2987012E+002, 1.2798106E+002, 1.2695497E+002, 1.3032109E+002, 1.3909038E+002, 1.4358111E+002, 1.4386311E+002, 1.4139640E+002, 1.3823965E+002, 1.3723432E+002, 1.3627082E+002, 1.3535551E+002, 1.3359310E+002, 1.3229640E+002, 1.3096537E+002, 1.3138639E+002, 1.3467920E+002, 1.3817995E+002, 1.4456805E+002, 1.4794381E+002, 1.4932786E+002, 1.4931561E+002, 1.5221148E+002, 1.5655489E+002, 1.6399994E+002, 1.6875852E+002, 1.7638260E+002, 1.8298258E+002, 1.8990885E+002, 1.9020964E+002, 1.8650987E+002, 1.8395478E+002, 1.7675418E+002, 1.7043349E+002, 1.6596408E+002, 1.6888908E+002, 1.7565197E+002, 1.7995003E+002, 1.8610707E+002, 1.9068057E+002, 1.9926257E+002, 2.0553500E+002, 2.1508859E+002, 2.2153790E+002, 2.2550442E+002, 2.2409839E+002, 2.1751448E+002, 2.1158493E+002, 2.0581922E+002, 2.0611149E+002, 2.0834764E+002, 2.1078558E+002, 2.1747296E+002, 2.2201137E+002, 2.2587316E+002, 2.2576804E+002, 2.2352926E+002, 2.2195873E+002, 2.2309635E+002, 2.2622317E+002, 2.3257524E+002, 2.3416889E+002, 2.4077890E+002, 2.4918241E+002, 2.7302845E+002, 2.9558012E+002, 3.3525072E+002, 3.7065673E+002, 3.9534260E+002, 4.1814742E+002
 2.4101054E+002, 3.0733999E+001, 1.0258884E+002, 8.9159149E+001, 9.5808507E+001, 1.0693584E+002, 1.0890534E+002, 1.0896811E+002, 1.0836255E+002, 1.0775356E+002, 1.0778639E+002, 1.0807285E+002, 1.1045273E+002, 1.2049601E+002, 1.2406748E+002, 1.2435329E+002, 1.2392266E+002, 1.2302226E+002, 1.2317886E+002, 1.2580509E+002, 1.2697862E+002, 1.2678354E+002, 1.2578967E+002, 1.2324128E+002, 1.2193666E+002, 1.2456694E+002, 1.2970430E+002, 1.3774029E+002, 1.3981220E+002, 1.3849341E+002, 1.3522960E+002, 1.3033367E+002, 1.2898752E+002, 1.2806007E+002, 1.2758551E+002, 1.2699242E+002, 1.2659958E+002, 1.2685810E+002, 1.2786750E+002, 1.3089072E+002, 1.3395062E+002, 1.3886228E+002, 1.4093561E+002, 1.4160476E+002, 1.4399847E+002, 1.5236813E+002, 1.5856802E+002, 1.6629197E+002, 1.7094914E+002, 1.7777227E+002, 1.8100793E+002, 1.7913358E+002, 1.7542887E+002, 1.7100700E+002, 1.6841030E+002, 1.6176407E+002, 1.5834367E+002, 1.6068273E+002, 1.6673479E+002, 1.7620403E+002, 1.8121583E+002, 1.8972442E+002, 1.9642920E+002, 2.0528833E+002, 2.0926029E+002, 2.1102936E+002, 2.0926356E+002, 2.0452711E+002, 2.0139704E+002, 1.9852538E+002, 1.9664113E+002, 1.9561715E+002, 1.9593963E+002, 2.0011212E+002, 2.0575987E+002, 2.1529133E+002, 2.2119981E+002, 2.2653659E+002, 2.2614520E+002, 2.2459244E+002, 2.2439919E+002, 2.2102697E+002, 2.1487877E+002, 1.9919680E+002, 1.9540147E+002, 2.0657115E+002, 2.1958245E+002, 2.5106924E+002, 2.9421748E+002, 3.4391554E+002, 3.6810503E+002, 3.6432321E+002, 3.5335316E+002, 3.2862900E+002, 3.0819011E+002, 3.0482915E+002, 2.9512718E+002, 2.8649030E+002, 2.8827039E+002, 2.7356218E+002, 2.3172550E+002, 2.7594430E+002, 2.6321851E+002, 2.0717380E+002, 1.9120011E+002, 2.0944894E+002, 2.2509513E+002, 2.2131977E+002, 2.1414561E+002, 2.2261506E+002, 2.3790818E+002, 2.5532153E+002, 2.3884290E+002, 2.0097962E+002, 1.9607075E+002, 2.2823847E+002, 2.4364732E+002, 2.6298290E+002, 2.6517371E+002, 2.5936908E+002, 2.4955502E+002, 2.2630219E+002, 1.8513292E+002, 1.7795982E+002, 1.9691248E+002, 2.1779387E+002, 2.2357893E+002, 2.2241013E+002, 2.2331342E+002, 2.1477395E+002, 2.0494863E+002, 1.8438444E+002, 1.6433968E+002, 1.3986238E+002, 1.3629941E+002, 1.4939556E+002, 1.5300043E+002, 1.5340192E+002, 1.5394826E+002, 1.5839177E+002, 1.6363386E+002, 1.7821039E+002, 1.8613650E+002, 1.8830063E+002, 1.8162884E+002, 1.6385506E+002, 1.5902579E+002, 1.6801203E+002, 1.7250370E+002, 1.6998264E+002, 1.6960574E+002, 1.6988553E+002, 1.7053058E+002, 1.7202991E+002, 1.7287598E+002, 1.7315730E+002, 1.6256117E+002, 1.7011026E+002, 1.7304947E+002, 1.8872969E+002, 1.8695564E+002, 2.6233340E+001, 1.0321718E+002, 1.0267023E+002, 1.1109438E+002, 1.1321510E+002, 1.1311414E+002, 1.1207540E+002, 1.1105678E+002, 1.0945449E+002, 1.0989437E+002, 1.1716956E+002, 1.2407260E+002, 1.3038866E+002, 1.3100205E+002, 1.3076999E+002, 1.3057791E+002, 1.3035313E+002, 1.3048946E+002, 1.3095230E+002, 1.3063250E+002, 1.2964469E+002, 1.2880811E+002, 1.2711962E+002, 1.2569235E+002, 1.2673029E+002, 1.3072025E+002, 1.3895214E+002, 1.4196309E+002, 1.4157362E+002, 1.3941089E+002, 1.3637998E+002, 1.3531304E+002, 1.3365285E+002, 1.3263780E+002, 1.3127666E+002, 1.3044673E+002, 1.2966713E+002, 1.3027354E+002, 1.3413373E+002, 1.3846341E+002, 1.4473298E+002, 1.4712576E+002, 1.4765063E+002, 1.4888908E+002, 1.5478382E+002, 1.5963587E+002, 1.6596452E+002, 1.6988531E+002, 1.7624857E+002, 1.8084280E+002, 1.8493091E+002, 1.8472952E+002, 1.8210901E+002, 1.7901636E+002, 1.7100429E+002, 1.6635242E+002, 1.6638596E+002, 1.7133622E+002, 1.7899081E+002, 1.8294606E+002, 1.9034623E+002, 1.9643028E+002, 2.0478982E+002, 2.0919672E+002, 2.1350129E+002, 2.1525078E+002, 2.1622828E+002, 2.1308450E+002, 2.0398029E+002, 1.9805697E+002, 1.9775815E+002, 2.0079812E+002, 2.0659460E+002, 2.1006302E+002, 2.1694970E+002, 2.2177830E+002, 2.2287731E+002, 2.1921676E+002, 2.1103456E+002, 2.1265718E+002, 2.1838094E+002, 2.2096635E+002, 2.2458351E+002, 2.2794549E+002, 2.4611236E+002, 2.6584400E+002, 3.1013161E+002, 3.5184610E+002, 3.7922510E+002, 3.9302615E+002, 3.7720077E+002, 3.6235876E+002, 3.3402238E+002, 2.9332368E+002
 2.4200687E+002, 5.5398654E+001, 1.0128752E+002, 7.1919286E+001, 9.8450000E+001, 1.0629210E+002, 1.0660174E+002, 1.0633101E+002, 1.0651885E+002, 1.0752437E+002, 1.0946239E+002, 1.1788975E+002, 1.2204562E+002, 1.2276884E+002, 1.2271327E+002, 1.2239142E+002, 1.2205187E+002, 1.2304527E+002, 1.2419050E+002, 1.2394593E+002, 1.2270942E+002, 1.2041145E+002, 1.2115401E+002, 1.2756581E+002, 1.3279333E+002, 1.3703679E+002, 1.3757185E+002, 1.3626401E+002, 1.3316988E+002, 1.2832465E+002, 1.2717212E+002, 1.2565437E+002, 1.2446156E+002, 1.2418851E+002, 1.2451628E+002, 1.2593520E+002, 1.2782799E+002, 1.3206335E+002, 1.3550490E+002, 1.3919794E+002, 1.3957915E+002, 1.4091833E+002, 1.4592829E+002, 1.5654508E+002, 1.6212585E+002, 1.6884542E+002, 1.7269424E+002, 1.7664815E+002, 1.7739241E+002, 1.7235878E+002, 1.6837267E+002, 1.6528726E+002, 1.6170640E+002, 1.5578120E+002, 1.5677671E+002, 1.6458619E+002, 1.7120960E+002, 1.7974958E+002, 1.8605177E+002, 1.9536135E+002, 2.0023228E+002, 2.0456271E+002, 2.0533026E+002, 2.0294510E+002, 1.9882311E+002, 1.9327435E+002, 1.9133898E+002, 1.8985289E+002, 1.8985866E+002, 1.9312423E+002, 1.9767384E+002, 2.0702917E+002, 2.1309073E+002, 2.1812822E+002, 2.1790204E+002, 2.1564404E+002, 2.1466785E+002, 2.1441955E+002, 2.1364733E+002, 2.1037465E+002, 2.0611127E+002, 1.9306844E+002, 1.8959735E+002, 2.1905416E+002, 2.5147841E+002, 3.0887411E+002, 3.4092951E+002, 3.5154459E+002, 3.4184276E+002, 3.1461586E+002, 2.9055683E+002, 2.8323046E+002, 2.8157850E+002, 2.7675401E+002, 2.6947403E+002, 2.6085549E+002, 2.7870935E+002, 2.9633846E+002, 2.7760184E+002, 2.6573333E+002, 2.8216320E+002, 2.7297354E+002, 1.8321879E+002, 2.3247618E+002, 2.3111769E+002, 2.2632432E+002, 2.3607586E+002, 2.5874798E+002, 2.6627663E+002, 2.4268138E+002, 2.2404414E+002, 2.1264041E+002, 2.2158824E+002, 2.4219043E+002, 2.5158911E+002, 2.6350841E+002, 2.6795057E+002, 2.7046418E+002, 2.6973478E+002, 2.5435027E+002, 2.2426309E+002, 1.6524614E+002, 1.7801301E+002, 2.4508232E+002, 2.6650286E+002, 2.7338832E+002, 2.6049032E+002, 2.4974553E+002, 2.4582766E+002, 2.4405657E+002, 2.4021833E+002, 2.2337949E+002, 2.1055612E+002, 1.9039508E+002, 1.6996423E+002, 1.3867837E+002, 1.3737415E+002, 1.4966655E+002, 1.5864198E+002, 1.7257913E+002, 1.6595335E+002, 1.6528664E+002, 1.6614698E+002, 1.7029353E+002, 1.7780888E+002, 1.8698330E+002, 1.8529913E+002, 1.5348029E+002, 1.5222027E+002, 1.6395264E+002, 1.6400188E+002, 1.6263118E+002, 1.6271417E+002, 1.6617844E+002, 1.6677192E+002, 1.6750307E+002, 1.6933634E+002, 1.6154637E+002, 1.6112831E+002, 1.8816122E+002, 1.8745332E+002, 4.0584067E+001, 1.0171920E+002, 1.0346999E+002, 1.0931307E+002, 1.1072338E+002, 1.1008523E+002, 1.0898364E+002, 1.0885726E+002, 1.1487748E+002, 1.2166848E+002, 1.2810040E+002, 1.2936409E+002, 1.2930015E+002, 1.2924292E+002, 1.2922791E+002, 1.2929163E+002, 1.2928907E+002, 1.2900080E+002, 1.2773621E+002, 1.2653455E+002, 1.2445889E+002, 1.2439032E+002, 1.2876632E+002, 1.3294872E+002, 1.3673386E+002, 1.3760892E+002, 1.3873194E+002, 1.3728347E+002, 1.3453754E+002, 1.3371395E+002, 1.3134990E+002, 1.2979352E+002, 1.2891641E+002, 1.2863756E+002, 1.2887213E+002, 1.3013779E+002, 1.3490025E+002, 1.3954592E+002, 1.4470905E+002, 1.4552057E+002, 1.4719721E+002, 1.5109792E+002, 1.5899326E+002, 1.6327115E+002, 1.6751391E+002, 1.6897133E+002, 1.7124397E+002, 1.7567707E+002, 1.7992062E+002, 1.7964554E+002, 1.7568695E+002, 1.7082539E+002, 1.6423838E+002, 1.6462784E+002, 1.7065823E+002, 1.7601669E+002, 1.8249316E+002, 1.8676738E+002, 1.9385159E+002, 1.9836694E+002, 2.0507270E+002, 2.0788881E+002, 2.0981719E+002, 2.0821481E+002, 2.0428081E+002, 2.0004798E+002, 1.9260323E+002, 1.8866793E+002, 1.9416239E+002, 2.0148348E+002, 2.0979466E+002, 2.1478794E+002, 2.1837436E+002, 2.1674869E+002, 2.0985074E+002, 2.0453364E+002, 2.0153226E+002, 2.0244993E+002, 2.0586929E+002, 2.0925567E+002, 2.1735490E+002, 2.2657789E+002, 2.6083451E+002, 2.9514546E+002, 3.4432783E+002, 3.6415393E+002, 3.6024257E+002, 3.4026059E+002, 3.1230644E+002, 2.9637581E+002, 2.9029092E+002, 2.7052073E+002, 2.6616118E+002, 2.5197794E+002
 2.4300901E+002, 8.3090274E+001, 1.0001467E+002, 7.1852888E+001, 1.0141495E+002, 1.0437336E+002, 1.0511363E+002, 1.0722653E+002, 1.0953041E+002, 1.1423768E+002, 1.1834121E+002, 1.2069015E+002, 1.2095244E+002, 1.2131672E+002, 1.2122980E+002, 1.2123391E+002, 1.2132611E+002, 1.2086010E+002, 1.1972901E+002, 1.1965394E+002, 1.2245840E+002, 1.2944562E+002, 1.3310469E+002, 1.3468058E+002, 1.3472064E+002, 1.3342349E+002, 1.3092344E+002, 1.2693733E+002, 1.2562916E+002, 1.2406542E+002, 1.2231724E+002, 1.2160153E+002, 1.2279931E+002, 1.2556912E+002, 1.2805784E+002, 1.3283098E+002, 1.3580125E+002, 1.3796328E+002, 1.3753934E+002, 1.4158908E+002, 1.4854978E+002, 1.5958005E+002, 1.6411662E+002, 1.6871953E+002, 1.7068371E+002, 1.7211149E+002, 1.7158454E+002, 1.6670438E+002, 1.6294319E+002, 1.5888314E+002, 1.5581606E+002, 1.5444368E+002, 1.5855672E+002, 1.6895521E+002, 1.7588822E+002, 1.8494236E+002, 1.9043734E+002, 1.9602571E+002, 1.9792979E+002, 1.9900605E+002, 1.9877273E+002, 1.9537727E+002, 1.9028464E+002, 1.8418340E+002, 1.8347735E+002, 1.8569636E+002, 1.8932641E+002, 1.9795366E+002, 2.0375376E+002, 2.0992969E+002, 2.1099917E+002, 2.0861059E+002, 2.0667534E+002, 2.0495558E+002, 2.0441707E+002, 2.0332727E+002, 2.0213092E+002, 1.9950842E+002, 1.9624980E+002, 1.9249280E+002, 2.0973885E+002, 2.5803218E+002, 2.9646619E+002, 3.2722522E+002, 3.3415462E+002, 3.1539288E+002, 2.9629884E+002, 2.7173515E+002, 2.6559952E+002, 2.6259044E+002, 2.6391116E+002, 2.4612098E+002, 2.2265585E+002, 2.1863667E+002, 2.3593763E+002, 2.7087466E+002, 2.8326650E+002, 2.8335840E+002, 2.7942979E+002, 2.8015366E+002, 2.6116545E+002, 2.6258237E+002, 2.2063301E+002, 2.2099810E+002, 2.4958562E+002, 2.5818809E+002, 2.3634511E+002, 2.2403919E+002, 2.2296654E+002, 2.3741678E+002, 2.4860976E+002, 2.5168058E+002, 2.5280207E+002, 2.6112260E+002, 2.6840787E+002, 2.6882935E+002, 2.6258338E+002, 2.2898044E+002, 2.0242502E+002, 1.9915043E+002, 2.1232699E+002, 2.6035616E+002, 2.7211619E+002, 2.7798928E+002, 2.8065947E+002, 2.5266677E+002, 2.3485116E+002, 2.2364877E+002, 2.1617169E+002, 2.1010276E+002, 2.0985480E+002, 2.1687917E+002, 2.2350812E+002, 2.2838801E+002, 2.2254170E+002, 2.0620473E+002, 1.8341643E+002, 1.4943400E+002, 1.4073518E+002, 1.7887676E+002, 1.8857468E+002, 1.8896296E+002, 1.9399575E+002, 1.9039363E+002, 1.8361855E+002, 1.7703071E+002, 1.7589903E+002, 1.7749044E+002, 1.6044664E+002, 1.5442177E+002, 1.5781330E+002, 1.5869771E+002, 1.6787470E+002, 1.7334521E+002, 1.7411434E+002, 1.7036237E+002, 1.6836854E+002, 1.6594172E+002, 1.6306745E+002, 1.6417937E+002, 1.7799514E+002, 7.0126045E+001, 1.0037416E+002, 9.4683854E+001, 1.0723901E+002, 1.0791216E+002, 1.0809387E+002, 1.1189476E+002, 1.1802012E+002, 1.2528393E+002, 1.2690031E+002, 1.2743036E+002, 1.2763763E+002, 1.2803331E+002, 1.2811462E+002, 1.2773604E+002, 1.2705396E+002, 1.2563369E+002, 1.2423618E+002, 1.2330214E+002, 1.2507470E+002, 1.3055810E+002, 1.3373037E+002, 1.3470943E+002, 1.3456132E+002, 1.3503721E+002, 1.3481648E+002, 1.3313383E+002, 1.3244832E+002, 1.3015220E+002, 1.2798170E+002, 1.2673649E+002, 1.2724190E+002, 1.2856707E+002, 1.3035779E+002, 1.3531260E+002, 1.3930631E+002, 1.4310000E+002, 1.4406022E+002, 1.4870717E+002, 1.5449974E+002, 1.6231444E+002, 1.6500681E+002, 1.6571228E+002, 1.6474329E+002, 1.6536804E+002, 1.6936225E+002, 1.7473736E+002, 1.7385757E+002, 1.6867132E+002, 1.6456795E+002, 1.6357900E+002, 1.6698929E+002, 1.7534991E+002, 1.8058743E+002, 1.8699000E+002, 1.9023796E+002, 1.9262832E+002, 1.9293463E+002, 1.9361339E+002, 1.9713799E+002, 2.0130495E+002, 1.9924714E+002, 1.9284630E+002, 1.8979241E+002, 1.8620146E+002, 1.8913815E+002, 1.9890022E+002, 2.0677812E+002, 2.1282003E+002, 2.1365686E+002, 2.0960851E+002, 2.0423249E+002, 1.9598485E+002, 1.9218859E+002, 1.9121087E+002, 1.9202046E+002, 1.9315861E+002, 1.9751142E+002, 2.1416296E+002, 2.3998712E+002, 2.9066291E+002, 3.2326505E+002, 3.4655753E+002, 3.4842954E+002, 3.2315335E+002, 3.0352555E+002, 2.8476764E+002, 2.6875422E+002, 2.5417350E+002, 2.3717191E+002, 2.2379753E+002, 2.0827308E+002, 1.6506718E+002, 1.3313692E+002
 2.4400659E+002, 9.5841218E+001, 9.7961712E+001, 9.4051701E+001, 1.0149111E+002, 1.0597306E+002, 1.0959606E+002, 1.1449857E+002, 1.1655810E+002, 1.1879545E+002, 1.1900034E+002, 1.1978907E+002, 1.2006010E+002, 1.1970603E+002, 1.1895475E+002, 1.1749652E+002, 1.1717088E+002, 1.2053863E+002, 1.2499129E+002, 1.3059416E+002, 1.3189367E+002, 1.3206684E+002, 1.3196254E+002, 1.3063328E+002, 1.2814878E+002, 1.2464612E+002, 1.2401521E+002, 1.2246627E+002, 1.2054148E+002, 1.1954350E+002, 1.2154759E+002, 1.2602602E+002, 1.2902875E+002, 1.3336268E+002, 1.3549967E+002, 1.3636662E+002, 1.3582253E+002, 1.4144091E+002, 1.5083202E+002, 1.6119562E+002, 1.6397593E+002, 1.6575537E+002, 1.6610995E+002, 1.6680437E+002, 1.6628294E+002, 1.6102522E+002, 1.5709119E+002, 1.5298738E+002, 1.5167890E+002, 1.5654384E+002, 1.6313544E+002, 1.7438266E+002, 1.8090377E+002, 1.8808294E+002, 1.9065505E+002, 1.9179396E+002, 1.9190095E+002, 1.9164848E+002, 1.9084605E+002, 1.8652942E+002, 1.8203315E+002, 1.7874944E+002, 1.8058484E+002, 1.8683424E+002, 1.9300170E+002, 2.0185012E+002, 2.0502261E+002, 2.0394066E+002, 2.0147947E+002, 1.9828883E+002, 1.9679808E+002, 1.9497455E+002, 1.9374603E+002, 1.9215128E+002, 1.9081733E+002, 1.8800440E+002, 1.9705098E+002, 2.3535589E+002, 2.6651719E+002, 3.1188782E+002, 3.1874967E+002, 3.0963906E+002, 2.9678946E+002, 2.7916449E+002, 2.6878484E+002, 2.5748408E+002, 2.5372510E+002, 2.4842358E+002, 2.4377401E+002, 2.2137584E+002, 2.0177610E+002, 2.1754113E+002, 2.5279874E+002, 2.7431812E+002, 2.7087268E+002, 2.6425065E+002, 2.6183972E+002, 2.5952338E+002, 2.5336335E+002, 2.5047737E+002, 2.4854666E+002, 2.3299118E+002, 1.8557964E+002, 2.7078203E+002, 2.2485008E+002, 2.2496852E+002, 2.4495827E+002, 2.5080867E+002, 2.5283615E+002, 2.5886848E+002, 2.6217496E+002, 2.6703511E+002, 2.6795556E+002, 2.6270619E+002, 2.5349108E+002, 2.2483332E+002, 2.1774536E+002, 2.3546910E+002, 2.5831803E+002, 2.6341368E+002, 2.6373010E+002, 2.6518617E+002, 2.6730608E+002, 2.6872214E+002, 2.6484480E+002, 2.1836618E+002, 2.0021071E+002, 1.9565675E+002, 1.9558527E+002, 1.9401567E+002, 1.9240038E+002, 1.9020455E+002, 1.8802346E+002, 1.8609014E+002, 1.9054611E+002, 2.0523156E+002, 2.1220846E+002, 2.1367457E+002, 2.0869710E+002, 1.7680234E+002, 1.7405343E+002, 1.7499446E+002, 1.8176916E+002, 1.8825108E+002, 1.8327379E+002, 1.7805757E+002, 1.8152020E+002, 1.8373585E+002, 1.7921835E+002, 1.6108173E+002, 1.5074931E+002, 1.6198768E+002, 1.6868104E+002, 1.7308371E+002, 1.7348584E+002, 1.7278807E+002, 1.7255792E+002, 1.7238763E+002, 1.7053889E+002, 1.6424181E+002, 1.6071125E+002, 9.3477543E+001, 9.6908926E+001, 1.0218566E+002, 1.0587416E+002, 1.1063648E+002, 1.1646094E+002, 1.2395444E+002, 1.2562774E+002, 1.2627680E+002, 1.2593152E+002, 1.2683518E+002, 1.2688121E+002, 1.2614102E+002, 1.2478534E+002, 1.2263802E+002, 1.2172945E+002, 1.2351999E+002, 1.2684735E+002, 1.3167193E+002, 1.3288437E+002, 1.3233705E+002, 1.3211692E+002, 1.3276650E+002, 1.3245100E+002, 1.3132735E+002, 1.3074471E+002, 1.2857728E+002, 1.2643510E+002, 1.2488812E+002, 1.2606794E+002, 1.2895099E+002, 1.3096515E+002, 1.3441976E+002, 1.3683818E+002, 1.4038242E+002, 1.4267181E+002, 1.5037307E+002, 1.5780816E+002, 1.6422071E+002, 1.6464483E+002, 1.6176289E+002, 1.5913509E+002, 1.5997248E+002, 1.6532202E+002, 1.6946412E+002, 1.6707168E+002, 1.6202511E+002, 1.6088398E+002, 1.6582055E+002, 1.7165346E+002, 1.8073508E+002, 1.8529117E+002, 1.9005122E+002, 1.9086899E+002, 1.8879160E+002, 1.8673604E+002, 1.8422963E+002, 1.8584867E+002, 1.9094032E+002, 1.9033448E+002, 1.8607835E+002, 1.8533012E+002, 1.8467723E+002, 1.8810757E+002, 2.0392576E+002, 2.0985017E+002, 2.0914101E+002, 2.0491392E+002, 1.9788805E+002, 1.9423336E+002, 1.8953730E+002, 1.8650407E+002, 1.8269390E+002, 1.8139154E+002, 1.8585225E+002, 1.9918452E+002, 2.4769292E+002, 2.8428492E+002, 3.2672208E+002, 3.3528103E+002, 3.2431115E+002, 3.0977264E+002, 2.9216927E+002, 2.7880237E+002, 2.6214950E+002, 2.5129561E+002, 2.2404913E+002, 1.9973530E+002, 1.8387299E+002, 1.7196822E+002, 1.4736470E+002, 1.5603470E+002, 2.0477864E+002, 2.6848097E+002
 2.4500755E+002, 9.4894111E+001, 9.3505757E+001, 9.9811809E+001, 1.0733296E+002, 1.1411055E+002, 1.1611000E+002, 1.1790227E+002, 1.1821669E+002, 1.1844325E+002, 1.1916581E+002, 1.1876960E+002, 1.1776497E+002, 1.1449128E+002, 1.1532297E+002, 1.2249362E+002, 1.2683398E+002, 1.2942348E+002, 1.2952520E+002, 1.2944268E+002, 1.2924624E+002, 1.2791378E+002, 1.2558474E+002, 1.2235973E+002, 1.2188069E+002, 1.2032393E+002, 1.1877882E+002, 1.1890333E+002, 1.2155378E+002, 1.2721430E+002, 1.3023400E+002, 1.3305295E+002, 1.3395530E+002, 1.3432727E+002, 1.3557356E+002, 1.4374216E+002, 1.5209855E+002, 1.5977816E+002, 1.6084287E+002, 1.6101490E+002, 1.6134629E+002, 1.6232403E+002, 1.6132455E+002, 1.5473178E+002, 1.5097481E+002, 1.5022759E+002, 1.5402717E+002, 1.6332597E+002, 1.7060665E+002, 1.7937625E+002, 1.8332015E+002, 1.8579553E+002, 1.8566451E+002, 1.8485873E+002, 1.8436484E+002, 1.8352971E+002, 1.8229550E+002, 1.7763732E+002, 1.7524491E+002, 1.7854088E+002, 1.8381260E+002, 1.9217809E+002, 1.9663430E+002, 1.9997481E+002, 1.9938244E+002, 1.9556221E+002, 1.9304173E+002, 1.9025554E+002, 1.8856237E+002, 1.8602080E+002, 1.8411494E+002, 1.8139563E+002, 1.9464965E+002, 2.3343259E+002, 2.5920849E+002, 2.9424966E+002, 3.0471777E+002, 2.9547368E+002, 2.8595018E+002, 2.7128042E+002, 2.6286504E+002, 2.5248962E+002, 2.4675729E+002, 2.3895178E+002, 2.3366155E+002, 2.2179000E+002, 2.1041914E+002, 2.0349722E+002, 2.1459295E+002, 2.4577473E+002, 2.6466566E+002, 2.6170308E+002, 2.5736907E+002, 2.5055990E+002, 2.5283934E+002, 2.5329149E+002, 2.5594739E+002, 2.5929739E+002, 2.6025296E+002, 2.5814943E+002, 2.4549531E+002, 2.0579059E+002, 2.7760803E+002, 2.2284790E+002, 2.3434156E+002, 2.3948800E+002, 2.4579713E+002, 2.5573255E+002, 2.6533939E+002, 2.7025549E+002, 2.6479201E+002, 2.5106877E+002, 2.3970290E+002, 2.3763255E+002, 2.3977518E+002, 2.5595326E+002, 2.5807437E+002, 2.5925452E+002, 2.5930252E+002, 2.5878407E+002, 2.5892745E+002, 2.6003351E+002, 2.6059836E+002, 2.5434039E+002, 2.3534053E+002, 1.8436550E+002, 1.9011662E+002, 1.9488817E+002, 1.9486311E+002, 1.9072680E+002, 1.8510188E+002, 1.7587982E+002, 1.7146766E+002, 1.6936591E+002, 1.7152908E+002, 1.7766250E+002, 1.8340900E+002, 1.8961990E+002, 1.9334094E+002, 2.0078691E+002, 2.0596532E+002, 2.0499020E+002, 1.9546541E+002, 1.8014476E+002, 1.7340962E+002, 1.8692421E+002, 1.8108834E+002, 1.7386330E+002, 1.7626107E+002, 1.7931024E+002, 1.7968230E+002, 1.6176626E+002, 1.5893474E+002, 1.6866929E+002, 1.7122178E+002, 1.7047177E+002, 1.7095855E+002, 1.7616893E+002, 1.7624512E+002, 1.7278454E+002, 1.6687214E+002, 8.8332047E+001, 9.3213127E+001, 1.0757643E+002, 1.1484918E+002, 1.2256475E+002, 1.2452259E+002, 1.2584310E+002, 1.2586119E+002, 1.2563122E+002, 1.2612384E+002, 1.2538490E+002, 1.2349286E+002, 1.1974085E+002, 1.1994980E+002, 1.2541405E+002, 1.2900485E+002, 1.3091114E+002, 1.3021367E+002, 1.2902388E+002, 1.2909369E+002, 1.3005122E+002, 1.3033182E+002, 1.2921291E+002, 1.2833079E+002, 1.2607030E+002, 1.2466067E+002, 1.2434075E+002, 1.2610708E+002, 1.3000284E+002, 1.3193481E+002, 1.3357821E+002, 1.3437409E+002, 1.3740396E+002, 1.4214559E+002, 1.5315410E+002, 1.5961473E+002, 1.6309323E+002, 1.6164618E+002, 1.5794977E+002, 1.5644747E+002, 1.5925335E+002, 1.6303605E+002, 1.6259113E+002, 1.6004213E+002, 1.5989230E+002, 1.6326605E+002, 1.7201018E+002, 1.7824224E+002, 1.8512693E+002, 1.8784808E+002, 1.8821393E+002, 1.8644469E+002, 1.8178403E+002, 1.7851802E+002, 1.7618167E+002, 1.7869465E+002, 1.8279565E+002, 1.8277217E+002, 1.8332089E+002, 1.8492924E+002, 1.8611522E+002, 1.9054188E+002, 1.9863182E+002, 2.0285120E+002, 2.0052486E+002, 1.9634960E+002, 1.9124126E+002, 1.8865922E+002, 1.8487354E+002, 1.8205109E+002, 1.7853877E+002, 1.8627028E+002, 2.2378630E+002, 2.5671724E+002, 2.9862638E+002, 3.1518659E+002, 3.1234167E+002, 3.0183645E+002, 2.8608936E+002, 2.7527474E+002, 2.6122201E+002, 2.5344197E+002, 2.3839517E+002, 2.2574815E+002, 2.0583139E+002, 1.9491006E+002, 1.8184767E+002, 1.6824964E+002, 1.6155200E+002, 2.0199379E+002, 2.5574730E+002, 2.9120905E+002, 2.9553174E+002, 2.8679075E+002
 2.4601175E+002, 6.1753710E+001, 9.1380203E+001, 1.0337977E+002, 1.1224590E+002, 1.1455735E+002, 1.1657217E+002, 1.1747354E+002, 1.1807504E+002, 1.1889637E+002, 1.1790381E+002, 1.1467654E+002, 1.1271531E+002, 1.1979632E+002, 1.2548175E+002, 1.2717964E+002, 1.2706744E+002, 1.2682686E+002, 1.2669028E+002, 1.2584185E+002, 1.2404702E+002, 1.2068412E+002, 1.1965531E+002, 1.1848422E+002, 1.1711884E+002, 1.1820183E+002, 1.2143930E+002, 1.2739917E+002, 1.2995302E+002, 1.3141354E+002, 1.3161628E+002, 1.3300940E+002, 1.3577322E+002, 1.4415521E+002, 1.5092438E+002, 1.5660442E+002, 1.5686253E+002, 1.5676598E+002, 1.5719496E+002, 1.5834914E+002, 1.5776775E+002, 1.5107739E+002, 1.4657159E+002, 1.5010160E+002, 1.5674748E+002, 1.6908907E+002, 1.7448674E+002, 1.8006892E+002, 1.8100510E+002, 1.8025099E+002, 1.7926215E+002, 1.7777673E+002, 1.7706224E+002, 1.7617518E+002, 1.7491180E+002, 1.7239349E+002, 1.7373153E+002, 1.8051609E+002, 1.8664993E+002, 1.9209957E+002, 1.9379139E+002, 1.9311730E+002, 1.9142814E+002, 1.8848938E+002, 1.8651764E+002, 1.8408465E+002, 1.8231844E+002, 1.7845064E+002, 1.8036268E+002, 2.1077381E+002, 2.3662593E+002, 2.7966439E+002, 2.9360432E+002, 2.8722970E+002, 2.7771970E+002, 2.6378301E+002, 2.5517292E+002, 2.4532575E+002, 2.3897147E+002, 2.3107241E+002, 2.2588772E+002, 2.1595601E+002, 2.0835521E+002, 1.9769991E+002, 1.9399856E+002, 2.0236139E+002, 2.1841382E+002, 2.4410456E+002, 2.5195215E+002, 2.5065195E+002, 2.4145356E+002, 2.4362705E+002, 2.4464407E+002, 2.4834146E+002, 2.5427569E+002, 2.5764596E+002, 2.5889372E+002, 2.5553358E+002, 2.5393486E+002, 2.4438407E+002, 2.3481448E+002, 2.7521966E+002, 2.5536602E+002, 2.2185095E+002, 2.3145700E+002, 2.4199516E+002, 2.5855418E+002, 2.6386014E+002, 2.5494496E+002, 2.3370194E+002, 2.2803687E+002, 2.3906782E+002, 2.5079316E+002, 2.5497410E+002, 2.5601722E+002, 2.5695552E+002, 2.5678112E+002, 2.5545052E+002, 2.5437690E+002, 2.5372844E+002, 2.5397695E+002, 2.5280244E+002, 2.4472808E+002, 2.2055463E+002, 1.7733345E+002, 1.8972236E+002, 1.9256548E+002, 1.9243173E+002, 1.9102356E+002, 1.8711098E+002, 1.8222420E+002, 1.7351603E+002, 1.6983415E+002, 1.6306464E+002, 1.6347978E+002, 1.6765228E+002, 1.7085307E+002, 1.7411252E+002, 1.7677938E+002, 1.8070668E+002, 1.8207226E+002, 1.8498804E+002, 1.8851486E+002, 1.9792756E+002, 2.0224223E+002, 1.8918349E+002, 1.8607433E+002, 1.7156496E+002, 1.7523294E+002, 1.8580667E+002, 1.7682129E+002, 1.7433819E+002, 1.7339160E+002, 1.5661298E+002, 1.6550864E+002, 1.6995138E+002, 1.7267896E+002, 1.7639360E+002, 1.7785568E+002, 1.7639887E+002, 1.7745898E+002, 4.5845778E+001, 9.2899359E+001, 1.1736534E+002, 1.2165639E+002, 1.2370582E+002, 1.2459933E+002, 1.2486678E+002, 1.2517856E+002, 1.2552395E+002, 1.2457347E+002, 1.2013663E+002, 1.1826191E+002, 1.2437978E+002, 1.2884129E+002, 1.2961152E+002, 1.2861970E+002, 1.2685375E+002, 1.2647641E+002, 1.2792275E+002, 1.2828981E+002, 1.2732761E+002, 1.2621206E+002, 1.2412589E+002, 1.2295000E+002, 1.2397954E+002, 1.2646655E+002, 1.3059398E+002, 1.3205206E+002, 1.3223829E+002, 1.3200728E+002, 1.3495835E+002, 1.4102328E+002, 1.5312917E+002, 1.5904205E+002, 1.6073965E+002, 1.5876801E+002, 1.5514983E+002, 1.5316796E+002, 1.5425269E+002, 1.5720150E+002, 1.5789446E+002, 1.5590451E+002, 1.6090511E+002, 1.6692759E+002, 1.7738886E+002, 1.8197101E+002, 1.8586522E+002, 1.8585259E+002, 1.8339498E+002, 1.8064828E+002, 1.7571971E+002, 1.7280855E+002, 1.7210034E+002, 1.7412020E+002, 1.7811529E+002, 1.8058646E+002, 1.8385981E+002, 1.8619847E+002, 1.8724890E+002, 1.8961576E+002, 1.9458555E+002, 1.9423831E+002, 1.9210665E+002, 1.9026200E+002, 1.8685634E+002, 1.8468867E+002, 1.8060886E+002, 1.8057197E+002, 2.0594635E+002, 2.3174197E+002, 2.7446884E+002, 2.9573559E+002, 3.0172466E+002, 2.9369570E+002, 2.7971813E+002, 2.7056275E+002, 2.5680686E+002, 2.4810285E+002, 2.3490866E+002, 2.2516525E+002, 2.1056731E+002, 2.0307011E+002, 1.9386585E+002, 1.8851722E+002, 1.8979222E+002, 1.9517150E+002, 1.9564756E+002, 1.9148177E+002, 2.5756915E+002, 2.8271084E+002, 2.9096978E+002, 2.8038207E+002, 2.8218266E+002, 2.8505604E+002
 2.4700194E+002, 3.0489694E+001, 7.7564881E+001, 1.0796947E+002, 1.0935924E+002, 1.1471889E+002, 1.1624410E+002, 1.1854651E+002, 1.1804890E+002, 1.1522509E+002, 1.1185477E+002, 1.1572848E+002, 1.2325792E+002, 1.2483375E+002, 1.2465919E+002, 1.2433166E+002, 1.2418730E+002, 1.2418181E+002, 1.2322129E+002, 1.1872460E+002, 1.1745338E+002, 1.1641083E+002, 1.1482642E+002, 1.1772126E+002, 1.2221090E+002, 1.2759221E+002, 1.2894007E+002, 1.2906437E+002, 1.2958128E+002, 1.3339087E+002, 1.3860272E+002, 1.4756695E+002, 1.5166607E+002, 1.5328778E+002, 1.5295479E+002, 1.5300768E+002, 1.5351218E+002, 1.5461734E+002, 1.5471896E+002, 1.4651989E+002, 1.4228741E+002, 1.5130973E+002, 1.6134890E+002, 1.7272106E+002, 1.7624126E+002, 1.7695250E+002, 1.7581698E+002, 1.7370685E+002, 1.7240198E+002, 1.7106085E+002, 1.7056871E+002, 1.6999353E+002, 1.6914452E+002, 1.6996501E+002, 1.7554069E+002, 1.8476354E+002, 1.8699332E+002, 1.8772679E+002, 1.8720349E+002, 1.8538469E+002, 1.8387866E+002, 1.8164756E+002, 1.8017995E+002, 1.7764755E+002, 1.7496093E+002, 1.8216966E+002, 2.0823528E+002, 2.5739189E+002, 2.8265674E+002, 2.8381445E+002, 2.7345437E+002, 2.5762022E+002, 2.4949254E+002, 2.3888682E+002, 2.3254003E+002, 2.2319944E+002, 2.1714620E+002, 2.0696799E+002, 1.9947708E+002, 1.8929787E+002, 1.8528140E+002, 1.8885287E+002, 1.9875507E+002, 2.1877098E+002, 2.2673719E+002, 2.2989090E+002, 2.3226012E+002, 2.5002148E+002, 2.4239322E+002, 2.3892701E+002, 2.4538304E+002, 2.4266552E+002, 2.4523680E+002, 2.5099344E+002, 2.4954617E+002, 2.4927897E+002, 2.5576081E+002, 2.5267371E+002, 2.3367935E+002, 2.4370145E+002, 2.6135423E+002, 2.4280247E+002, 2.2897096E+002, 2.2747632E+002, 2.4148464E+002, 2.5586806E+002, 2.4764398E+002, 2.3157583E+002, 2.1667324E+002, 2.3198180E+002, 2.4474319E+002, 2.4916412E+002, 2.5146726E+002, 2.5360382E+002, 2.5359202E+002, 2.5213122E+002, 2.5088951E+002, 2.4950211E+002, 2.4796586E+002, 2.4386140E+002, 2.3840459E+002, 2.2334467E+002, 2.0949547E+002, 1.7958938E+002, 1.8862430E+002, 1.9348215E+002, 1.9407028E+002, 1.9252225E+002, 1.8967123E+002, 1.8526216E+002, 1.8122587E+002, 1.8043564E+002, 1.7637424E+002, 1.7073832E+002, 1.6886966E+002, 1.7144351E+002, 1.7246934E+002, 1.7567939E+002, 1.7801289E+002, 1.8257925E+002, 1.8583981E+002, 1.8493121E+002, 1.8346104E+002, 1.8272066E+002, 1.8103849E+002, 1.8054365E+002, 1.8733484E+002, 1.9219094E+002, 1.7788679E+002, 1.6631231E+002, 1.7893637E+002, 1.8060530E+002, 1.6728130E+002, 1.7506813E+002, 1.5787174E+002, 1.6657357E+002, 1.6987724E+002, 1.7377797E+002, 1.7288953E+002, 1.7302934E+002, 1.7270015E+002, 3.0244932E+001, 8.8970743E+001, 1.1856548E+002, 1.1926049E+002, 1.2215077E+002, 1.2362091E+002, 1.2465803E+002, 1.2412531E+002, 1.2157044E+002, 1.1784081E+002, 1.2298101E+002, 1.2829849E+002, 1.2815943E+002, 1.2701549E+002, 1.2511150E+002, 1.2395146E+002, 1.2500370E+002, 1.2702733E+002, 1.2515566E+002, 1.2382985E+002, 1.2182081E+002, 1.2091670E+002, 1.2402978E+002, 1.2772176E+002, 1.3123661E+002, 1.3164451E+002, 1.3083572E+002, 1.3030690E+002, 1.3453075E+002, 1.4245537E+002, 1.5567818E+002, 1.5911309E+002, 1.5773095E+002, 1.5552735E+002, 1.5236342E+002, 1.5008854E+002, 1.4912844E+002, 1.5301348E+002, 1.5302488E+002, 1.5310242E+002, 1.6373568E+002, 1.7292445E+002, 1.8123854E+002, 1.8360671E+002, 1.8295471E+002, 1.8093692E+002, 1.7688253E+002, 1.7395763E+002, 1.6965716E+002, 1.6739773E+002, 1.6855206E+002, 1.7250486E+002, 1.7772546E+002, 1.8162194E+002, 1.8648070E+002, 1.8611005E+002, 1.8371800E+002, 1.8442076E+002, 1.8713082E+002, 1.8686205E+002, 1.8592702E+002, 1.8434979E+002, 1.8133329E+002, 1.7881495E+002, 1.8153747E+002, 2.0326604E+002, 2.5079191E+002, 2.7919589E+002, 2.9248241E+002, 2.8564994E+002, 2.7294000E+002, 2.6519831E+002, 2.5270039E+002, 2.4413662E+002, 2.3097444E+002, 2.2143915E+002, 2.0525594E+002, 1.9427054E+002, 1.8298148E+002, 1.8059173E+002, 1.7792879E+002, 1.7431364E+002, 1.8349259E+002, 2.0392129E+002, 2.0794553E+002, 1.8900191E+002, 2.0306763E+002, 2.6968556E+002, 2.7870441E+002, 2.8143586E+002, 2.8068068E+002, 2.6717020E+002, 2.6481256E+002, 2.7492039E+002
 2.4801562E+002, 2.1351017E+001, 8.3432247E+001, 1.0486871E+002, 1.0952209E+002, 1.1558095E+002, 1.1653007E+002, 1.1474390E+002, 1.1248696E+002, 1.1336064E+002, 1.1776949E+002, 1.2214519E+002, 1.2218340E+002, 1.2198489E+002, 1.2195785E+002, 1.2220070E+002, 1.2186999E+002, 1.1853303E+002, 1.1623986E+002, 1.1454095E+002, 1.1375936E+002, 1.1725028E+002, 1.2152424E+002, 1.2549634E+002, 1.2632103E+002, 1.2829981E+002, 1.3123501E+002, 1.3863501E+002, 1.4375287E+002, 1.4864058E+002, 1.4994958E+002, 1.4985046E+002, 1.4956756E+002, 1.4960193E+002, 1.5000969E+002, 1.5078512E+002, 1.4932762E+002, 1.4338947E+002, 1.4516922E+002, 1.5573594E+002, 1.6442173E+002, 1.7158640E+002, 1.7289809E+002, 1.7163212E+002, 1.6999265E+002, 1.6759278E+002, 1.6643525E+002, 1.6560238E+002, 1.6554928E+002, 1.6600517E+002, 1.6811527E+002, 1.7393320E+002, 1.7760466E+002, 1.8151757E+002, 1.8145419E+002, 1.8071323E+002, 1.8006098E+002, 1.7884149E+002, 1.7794601E+002, 1.7599837E+002, 1.7358048E+002, 1.7640449E+002, 1.9663069E+002, 2.2883776E+002, 2.4945958E+002, 2.7152448E+002, 2.6960395E+002, 2.5757784E+002, 2.4915140E+002, 2.3699201E+002, 2.3040384E+002, 2.2035744E+002, 2.1303947E+002, 2.0164922E+002, 1.9415692E+002, 1.8457253E+002, 1.8107379E+002, 1.8355844E+002, 1.9014981E+002, 2.0191913E+002, 2.0968593E+002, 2.1762337E+002, 2.1805867E+002, 2.1446689E+002, 2.1708798E+002, 2.3137197E+002, 2.4243425E+002, 2.4301705E+002, 2.4239322E+002, 2.4140024E+002, 2.3944573E+002, 2.4780087E+002, 2.4636130E+002, 2.4182830E+002, 2.4995139E+002, 2.4854079E+002, 2.4243796E+002, 2.4401236E+002, 2.5055910E+002, 2.4367216E+002, 2.4927741E+002, 2.3429601E+002, 2.3554474E+002, 2.4931494E+002, 2.5246632E+002, 2.4057788E+002, 2.2365845E+002, 2.1753278E+002, 2.3207048E+002, 2.4223464E+002, 2.4560601E+002, 2.4693515E+002, 2.4617743E+002, 2.4388618E+002, 2.4147037E+002, 2.3678627E+002, 2.3305329E+002, 2.2544882E+002, 2.1825895E+002, 2.0464043E+002, 1.9737353E+002, 1.9063842E+002, 1.9003539E+002, 1.9593792E+002, 1.9740330E+002, 1.9761072E+002, 1.9587090E+002, 1.8955895E+002, 1.8579534E+002, 1.8419348E+002, 1.8336360E+002, 1.8279230E+002, 1.8241592E+002, 1.7943755E+002, 1.7261696E+002, 1.7775114E+002, 1.7935025E+002, 1.7889980E+002, 1.7928658E+002, 1.8089632E+002, 1.8071109E+002, 1.8130257E+002, 1.8334428E+002, 1.8616393E+002, 1.8720838E+002, 1.8745868E+002, 1.8470210E+002, 1.8233469E+002, 1.8236835E+002, 1.8350847E+002, 1.6844864E+002, 1.6293958E+002, 1.6870318E+002, 1.7687666E+002, 1.8213344E+002, 1.5061265E+002, 1.6056679E+002, 1.6722222E+002, 1.6772713E+002, 1.6797027E+002, 1.6806692E+002, 2.0576458E+001, 7.5756930E+001, 1.1424086E+002, 1.1865124E+002, 1.2244857E+002, 1.2251971E+002, 1.2063839E+002, 1.1924127E+002, 1.2147167E+002, 1.2507341E+002, 1.2651003E+002, 1.2538850E+002, 1.2364157E+002, 1.2273562E+002, 1.2277757E+002, 1.2396834E+002, 1.2385653E+002, 1.2228465E+002, 1.2043413E+002, 1.2020442E+002, 1.2433037E+002, 1.2773450E+002, 1.2996455E+002, 1.2982707E+002, 1.2992491E+002, 1.3204939E+002, 1.4034580E+002, 1.4740613E+002, 1.5483786E+002, 1.5630925E+002, 1.5443587E+002, 1.5249116E+002, 1.4923809E+002, 1.4723365E+002, 1.4722150E+002, 1.4868796E+002, 1.5132721E+002, 1.5600387E+002, 1.6828788E+002, 1.7537370E+002, 1.8019065E+002, 1.8006271E+002, 1.7767888E+002, 1.7525191E+002, 1.7122019E+002, 1.6876234E+002, 1.6601968E+002, 1.6549610E+002, 1.6940144E+002, 1.7429185E+002, 1.8094118E+002, 1.8289373E+002, 1.8323331E+002, 1.8166528E+002, 1.7953555E+002, 1.7924515E+002, 1.8021907E+002, 1.8055850E+002, 1.8021144E+002, 1.7844945E+002, 1.7844516E+002, 1.9596767E+002, 2.2718466E+002, 2.4555677E+002, 2.6871849E+002, 2.7178601E+002, 2.6610252E+002, 2.6242514E+002, 2.5288292E+002, 2.4639682E+002, 2.3239929E+002, 2.2224728E+002, 2.0722567E+002, 1.9769346E+002, 1.8477945E+002, 1.7880043E+002, 1.7515607E+002, 1.7485490E+002, 1.7940880E+002, 1.8695677E+002, 1.9882289E+002, 2.0196979E+002, 1.9177888E+002, 1.7504519E+002, 1.9178757E+002, 2.2036418E+002, 2.7324644E+002, 2.7098500E+002, 2.6360448E+002, 2.5998145E+002, 2.5968916E+002, 2.7954170E+002, 2.8582822E+002, 2.8294914E+002
 2.4900876E+002, 4.5087240E+001, 1.0110442E+002, 1.0495978E+002, 1.1135131E+002, 1.1290581E+002, 1.1167244E+002, 1.1242814E+002, 1.1548845E+002, 1.1976619E+002, 1.1965005E+002, 1.1970359E+002, 1.1993282E+002, 1.2044704E+002, 1.2014989E+002, 1.1772453E+002, 1.1521829E+002, 1.1306876E+002, 1.1314866E+002, 1.1612424E+002, 1.2022325E+002, 1.2362399E+002, 1.2505494E+002, 1.2977058E+002, 1.3518261E+002, 1.4310441E+002, 1.4660731E+002, 1.4780463E+002, 1.4719060E+002, 1.4657916E+002, 1.4634900E+002, 1.4635772E+002, 1.4674252E+002, 1.4623976E+002, 1.4417940E+002, 1.4467470E+002, 1.4826260E+002, 1.6196387E+002, 1.6695039E+002, 1.6900230E+002, 1.6842257E+002, 1.6621633E+002, 1.6448511E+002, 1.6247707E+002, 1.6158586E+002, 1.6167937E+002, 1.6281148E+002, 1.6598632E+002, 1.6883457E+002, 1.7384288E+002, 1.7602780E+002, 1.7567004E+002, 1.7514990E+002, 1.7444590E+002, 1.7399821E+002, 1.7333335E+002, 1.7222328E+002, 1.7216256E+002, 1.8232600E+002, 2.0465579E+002, 2.2516682E+002, 2.5698373E+002, 2.5895336E+002, 2.5249055E+002, 2.4559857E+002, 2.3402544E+002, 2.2589502E+002, 2.1766337E+002, 2.1129093E+002, 2.0029900E+002, 1.9260736E+002, 1.8243395E+002, 1.7767322E+002, 1.7635920E+002, 1.7985479E+002, 1.9015691E+002, 1.9832387E+002, 2.0589859E+002, 2.0613981E+002, 2.0355345E+002, 2.0273072E+002, 2.0743719E+002, 2.1549040E+002, 2.3367302E+002, 2.4485562E+002, 2.4838945E+002, 2.4606990E+002, 2.3518078E+002, 2.4229614E+002, 2.4931922E+002, 2.5100750E+002, 2.4533664E+002, 2.4114410E+002, 2.4110169E+002, 2.3597864E+002, 2.3962451E+002, 2.4812619E+002, 2.4397765E+002, 2.4841972E+002, 2.4838518E+002, 2.3169825E+002, 2.5059054E+002, 2.5824953E+002, 2.5744328E+002, 2.4799747E+002, 2.1075390E+002, 2.2019101E+002, 2.3339362E+002, 2.3810368E+002, 2.4162994E+002, 2.4039916E+002, 2.3637177E+002, 2.3323388E+002, 2.2667235E+002, 2.2099796E+002, 2.0941403E+002, 1.9780364E+002, 1.8930899E+002, 1.8944664E+002, 1.9446796E+002, 1.9701546E+002, 1.9894463E+002, 1.9952529E+002, 1.9942027E+002, 1.9886117E+002, 1.9408596E+002, 1.8969005E+002, 1.8607959E+002, 1.8480105E+002, 1.8336888E+002, 1.8422050E+002, 1.8456795E+002, 1.8806741E+002, 1.8367122E+002, 1.7603330E+002, 1.8058123E+002, 1.8015608E+002, 1.8094523E+002, 1.8059560E+002, 1.8110083E+002, 1.8174570E+002, 1.8284170E+002, 1.8235148E+002, 1.8186720E+002, 1.8246901E+002, 1.8315807E+002, 1.8237912E+002, 1.8100140E+002, 1.8114568E+002, 1.8178852E+002, 1.8001357E+002, 1.7237210E+002, 1.5834159E+002, 1.4848136E+002, 1.6971668E+002, 1.4651708E+002, 1.5980541E+002, 1.5684195E+002, 1.6311451E+002, 1.6382862E+002, 1.6788240E+002, 3.6444514E+001, 8.6701909E+001, 1.1386850E+002, 1.1915861E+002, 1.1908200E+002, 1.1849058E+002, 1.2069340E+002, 1.2367464E+002, 1.2478346E+002, 1.2366116E+002, 1.2228071E+002, 1.2180884E+002, 1.2206337E+002, 1.2248368E+002, 1.2222995E+002, 1.2104759E+002, 1.1953605E+002, 1.2018510E+002, 1.2378595E+002, 1.2718410E+002, 1.2845434E+002, 1.2860028E+002, 1.3152924E+002, 1.3599833E+002, 1.4522851E+002, 1.5076344E+002, 1.5391108E+002, 1.5298467E+002, 1.5075211E+002, 1.4894116E+002, 1.4614206E+002, 1.4491159E+002, 1.4518344E+002, 1.4690278E+002, 1.5426132E+002, 1.6036813E+002, 1.7260858E+002, 1.7665315E+002, 1.7692556E+002, 1.7545294E+002, 1.7239079E+002, 1.7009760E+002, 1.6674554E+002, 1.6481713E+002, 1.6374363E+002, 1.6555773E+002, 1.7172833E+002, 1.7672038E+002, 1.8074624E+002, 1.8064716E+002, 1.7795339E+002, 1.7641534E+002, 1.7481967E+002, 1.7417341E+002, 1.7427690E+002, 1.7465062E+002, 1.7544919E+002, 1.8486760E+002, 2.0588466E+002, 2.2444658E+002, 2.5564767E+002, 2.5914028E+002, 2.5428145E+002, 2.5097478E+002, 2.4677822E+002, 2.4090485E+002, 2.3400057E+002, 2.2643563E+002, 2.1300364E+002, 2.0276773E+002, 1.8980304E+002, 1.8208852E+002, 1.7484164E+002, 1.7328627E+002, 1.7759285E+002, 1.8415764E+002, 1.9404841E+002, 1.9949748E+002, 1.9975028E+002, 1.9086878E+002, 1.7694076E+002, 1.8235501E+002, 2.0677298E+002, 2.3652426E+002, 2.5727385E+002, 2.5611884E+002, 2.5324113E+002, 2.5073426E+002, 2.5691698E+002, 2.6461708E+002, 2.8066314E+002, 2.7731006E+002, 2.7423827E+002, 2.7566752E+002
 2.5001350E+002, 1.0385612E+002, 1.0596915E+002, 1.0928962E+002, 1.0937460E+002, 1.1144325E+002, 1.1595706E+002, 1.1769194E+002, 1.1745482E+002, 1.1769550E+002, 1.1831381E+002, 1.1901840E+002, 1.1815314E+002, 1.1449386E+002, 1.1253517E+002, 1.1178769E+002, 1.1336818E+002, 1.1892755E+002, 1.2123807E+002, 1.2291115E+002, 1.2650964E+002, 1.3608611E+002, 1.4199270E+002, 1.4646360E+002, 1.4627982E+002, 1.4404138E+002, 1.4349025E+002, 1.4312859E+002, 1.4301346E+002, 1.4352046E+002, 1.4348761E+002, 1.4100122E+002, 1.4183552E+002, 1.5266467E+002, 1.6164368E+002, 1.6558780E+002, 1.6534133E+002, 1.6376643E+002, 1.6237067E+002, 1.6017802E+002, 1.5890473E+002, 1.5788230E+002, 1.5834104E+002, 1.6142912E+002, 1.6473771E+002, 1.6897859E+002, 1.7029787E+002, 1.7053598E+002, 1.7012234E+002, 1.6959219E+002, 1.6921765E+002, 1.6873072E+002, 1.6837364E+002, 1.6735983E+002, 1.7380996E+002, 1.9755699E+002, 2.2093587E+002, 2.4602799E+002, 2.4760717E+002, 2.4322253E+002, 2.3877050E+002, 2.2782604E+002, 2.1931858E+002, 2.0998425E+002, 2.0449669E+002, 1.9403994E+002, 1.8661759E+002, 1.7685874E+002, 1.7264058E+002, 1.7178054E+002, 1.7498827E+002, 1.8376032E+002, 1.9070982E+002, 1.9824136E+002, 1.9905087E+002, 1.9461210E+002, 1.9225632E+002, 1.9792232E+002, 2.0918443E+002, 2.3034375E+002, 2.3978253E+002, 2.4092840E+002, 2.3749699E+002, 2.3548362E+002, 2.3870389E+002, 2.4738379E+002, 2.5267518E+002, 2.5079008E+002, 2.4534560E+002, 2.4195048E+002, 2.3909972E+002, 2.3548079E+002, 2.3369943E+002, 2.3828647E+002, 2.3854728E+002, 2.4796218E+002, 2.6055043E+002, 2.4964935E+002, 2.3928522E+002, 2.6610654E+002, 2.8254318E+002, 2.9061238E+002, 2.8146111E+002, 2.6622506E+002, 2.4944242E+002, 2.1389365E+002, 2.2524476E+002, 2.2524277E+002, 2.2914862E+002, 2.2798500E+002, 2.2582865E+002, 2.2118286E+002, 2.1543507E+002, 1.9953039E+002, 1.8789508E+002, 1.8637505E+002, 1.9381338E+002, 1.9958297E+002, 2.0076004E+002, 2.0257482E+002, 2.0440183E+002, 2.0538728E+002, 2.0467763E+002, 2.0233783E+002, 1.9946513E+002, 1.9561651E+002, 1.9232880E+002, 1.8673333E+002, 1.8387972E+002, 1.8123020E+002, 1.8168460E+002, 1.9295739E+002, 1.9232691E+002, 1.9315186E+002, 1.8680007E+002, 1.8698831E+002, 1.8676258E+002, 1.8164265E+002, 1.7922848E+002, 1.7786075E+002, 1.7748378E+002, 1.7840650E+002, 1.7946055E+002, 1.8101076E+002, 1.8272651E+002, 1.8428833E+002, 1.8457599E+002, 1.8374447E+002, 1.8220820E+002, 1.7964393E+002, 1.7823347E+002, 1.7630690E+002, 1.7526799E+002, 1.6536544E+002, 1.4912430E+002, 1.5601351E+002, 1.4646391E+002, 1.5844165E+002, 1.5561748E+002, 1.6161281E+002, 1.6859198E+002, 1.0437769E+002, 1.1354220E+002, 1.1587130E+002, 1.1607450E+002, 1.2099720E+002, 1.2324901E+002, 1.2236509E+002, 1.2139103E+002, 1.2085299E+002, 1.2116490E+002, 1.2194834E+002, 1.2161500E+002, 1.1949638E+002, 1.1844409E+002, 1.1885700E+002, 1.2124312E+002, 1.2593937E+002, 1.2694203E+002, 1.2705896E+002, 1.2924284E+002, 1.3754423E+002, 1.4348880E+002, 1.4970377E+002, 1.5145435E+002, 1.4995050E+002, 1.4850280E+002, 1.4618275E+002, 1.4471260E+002, 1.4356155E+002, 1.4375546E+002, 1.4649235E+002, 1.5203770E+002, 1.6479472E+002, 1.7202083E+002, 1.7417087E+002, 1.7307126E+002, 1.7077213E+002, 1.6914182E+002, 1.6630047E+002, 1.6448204E+002, 1.6204070E+002, 1.6163091E+002, 1.6468336E+002, 1.6961275E+002, 1.7670918E+002, 1.7758180E+002, 1.7556825E+002, 1.7376799E+002, 1.7108803E+002, 1.7003719E+002, 1.6929514E+002, 1.6895687E+002, 1.6917648E+002, 1.7524085E+002, 1.9803102E+002, 2.2144982E+002, 2.4860036E+002, 2.5047911E+002, 2.4442819E+002, 2.4128518E+002, 2.3653166E+002, 2.3166889E+002, 2.2413148E+002, 2.1863317E+002, 2.0818311E+002, 2.0043884E+002, 1.8861420E+002, 1.8157710E+002, 1.7450536E+002, 1.7278426E+002, 1.7234973E+002, 1.7581969E+002, 1.8948571E+002, 1.9768691E+002, 1.9911018E+002, 1.9193894E+002, 1.7783823E+002, 1.7641770E+002, 1.9544588E+002, 2.2099741E+002, 2.4209426E+002, 2.4203351E+002, 2.4123540E+002, 2.3982821E+002, 2.3075416E+002, 2.3178895E+002, 2.5501082E+002, 2.6687382E+002, 2.6987659E+002, 2.6800997E+002, 2.7102642E+002, 2.7474308E+002, 2.7446046E+002, 2.8441189E+002
 2.5101324E+002, 1.0702178E+002, 1.0563091E+002, 1.0995520E+002, 1.1341957E+002, 1.1521601E+002, 1.1534802E+002, 1.1644402E+002, 1.1712239E+002, 1.1674594E+002, 1.1500512E+002, 1.1184538E+002, 1.1100543E+002, 1.1276379E+002, 1.1541366E+002, 1.1916706E+002, 1.2171817E+002, 1.2822578E+002, 1.3403883E+002, 1.4122621E+002, 1.4381397E+002, 1.4393448E+002, 1.4268311E+002, 1.4088290E+002, 1.4037080E+002, 1.4036723E+002, 1.4062759E+002, 1.3999293E+002, 1.3912610E+002, 1.4501452E+002, 1.5182864E+002, 1.6107023E+002, 1.6253815E+002, 1.6083926E+002, 1.5951857E+002, 1.5752748E+002, 1.5647405E+002, 1.5540246E+002, 1.5573623E+002, 1.5831048E+002, 1.6131585E+002, 1.6567102E+002, 1.6708029E+002, 1.6676037E+002, 1.6586851E+002, 1.6495202E+002, 1.6469756E+002, 1.6441157E+002, 1.6403609E+002, 1.6371418E+002, 1.7161439E+002, 1.9503818E+002, 2.1177873E+002, 2.3231282E+002, 2.3653897E+002, 2.3352061E+002, 2.3023026E+002, 2.2293179E+002, 2.1610031E+002, 2.0494672E+002, 1.9752995E+002, 1.8766460E+002, 1.8094370E+002, 1.7302779E+002, 1.7006799E+002, 1.7004269E+002, 1.7262602E+002, 1.7970998E+002, 1.8500032E+002, 1.8989111E+002, 1.9021940E+002, 1.8883227E+002, 1.8964821E+002, 1.9666589E+002, 2.0536336E+002, 2.1996967E+002, 2.2668346E+002, 2.3014176E+002, 2.2988805E+002, 2.3052834E+002, 2.3229985E+002, 2.3519432E+002, 2.3793010E+002, 2.4275835E+002, 2.4493537E+002, 2.4513388E+002, 2.4352950E+002, 2.3448043E+002, 2.3643056E+002, 2.3916233E+002, 2.3510536E+002, 2.3816077E+002, 2.4481118E+002, 2.5654970E+002, 2.5879571E+002, 2.4470076E+002, 2.5192601E+002, 2.8783000E+002, 3.2891259E+002, 3.3212353E+002, 2.7737881E+002, 2.6804627E+002, 2.6440358E+002, 2.6633241E+002, 2.5320444E+002, 2.0748482E+002, 2.1470559E+002, 2.1578071E+002, 2.1579066E+002, 2.1242356E+002, 2.1350368E+002, 1.9831492E+002, 1.7334109E+002, 1.8739073E+002, 2.0080099E+002, 2.0453680E+002, 2.0465949E+002, 2.0436028E+002, 2.0456583E+002, 2.0552555E+002, 2.0555567E+002, 2.0523757E+002, 2.0456712E+002, 2.0245399E+002, 2.0043153E+002, 1.9715231E+002, 1.9537520E+002, 1.8876760E+002, 1.8411392E+002, 1.8915629E+002, 1.9897764E+002, 1.9841359E+002, 1.9129879E+002, 1.9710931E+002, 2.0258562E+002, 2.0822700E+002, 2.0661660E+002, 2.0493949E+002, 2.0153218E+002, 1.8964572E+002, 1.8160619E+002, 1.7516600E+002, 1.7446251E+002, 1.7464701E+002, 1.7547487E+002, 1.7749589E+002, 1.7946474E+002, 1.8268723E+002, 1.8423575E+002, 1.8425493E+002, 1.8312157E+002, 1.8065550E+002, 1.7868123E+002, 1.7587642E+002, 1.7367925E+002, 1.5837928E+002, 1.4828253E+002, 1.4402787E+002, 1.5034148E+002, 1.5855493E+002, 1.6576075E+002, 1.1384829E+002, 1.1393561E+002, 1.1923954E+002, 1.2084145E+002, 1.1990830E+002, 1.1960645E+002, 1.2030889E+002, 1.2083046E+002, 1.2047571E+002, 1.1918010E+002, 1.1729175E+002, 1.1755374E+002, 1.2046685E+002, 1.2289096E+002, 1.2492321E+002, 1.2619963E+002, 1.3143497E+002, 1.3651889E+002, 1.4308403E+002, 1.4595361E+002, 1.4818184E+002, 1.4800449E+002, 1.4606611E+002, 1.4461077E+002, 1.4313742E+002, 1.4259073E+002, 1.4295173E+002, 1.4609443E+002, 1.5638086E+002, 1.6338907E+002, 1.7015723E+002, 1.7018658E+002, 1.6811958E+002, 1.6652250E+002, 1.6418790E+002, 1.6281201E+002, 1.6091065E+002, 1.6049081E+002, 1.6209411E+002, 1.6511770E+002, 1.7079321E+002, 1.7316737E+002, 1.7316870E+002, 1.7139888E+002, 1.6860055E+002, 1.6689013E+002, 1.6471011E+002, 1.6384326E+002, 1.6419395E+002, 1.7142528E+002, 1.9610843E+002, 2.1395204E+002, 2.3573994E+002, 2.4105513E+002, 2.3675340E+002, 2.3340658E+002, 2.2777456E+002, 2.2381308E+002, 2.1624013E+002, 2.0937324E+002, 2.0044965E+002, 1.9383972E+002, 1.8537500E+002, 1.8057512E+002, 1.7573616E+002, 1.7371176E+002, 1.7462814E+002, 1.7743253E+002, 1.8339001E+002, 1.8663604E+002, 1.8921590E+002, 1.8837222E+002, 1.8529826E+002, 1.8585636E+002, 1.9425710E+002, 2.0356319E+002, 2.2043862E+002, 2.2936597E+002, 2.3522985E+002, 2.3641786E+002, 2.2418942E+002, 2.1198437E+002, 2.0966736E+002, 2.1958807E+002, 2.4277545E+002, 2.4962569E+002, 2.5659005E+002, 2.5597309E+002, 2.6369747E+002, 2.7138517E+002, 2.7396421E+002, 2.5810026E+002, 2.5560933E+002, 2.7800448E+002
 2.5200990E+002, 1.0526524E+002, 1.0880890E+002, 1.1285220E+002, 1.1304522E+002, 1.1502925E+002, 1.1567306E+002, 1.1384093E+002, 1.1157441E+002, 1.1030875E+002, 1.1190426E+002, 1.1491565E+002, 1.1643271E+002, 1.2015840E+002, 1.2543786E+002, 1.3496197E+002, 1.3932694E+002, 1.4207624E+002, 1.4185012E+002, 1.4005790E+002, 1.3901071E+002, 1.3813520E+002, 1.3807046E+002, 1.3817170E+002, 1.3776831E+002, 1.3806305E+002, 1.4273667E+002, 1.5284338E+002, 1.5838862E+002, 1.5883014E+002, 1.5726756E+002, 1.5490026E+002, 1.5358118E+002, 1.5255298E+002, 1.5301631E+002, 1.5566704E+002, 1.5861860E+002, 1.6329001E+002, 1.6516270E+002, 1.6491872E+002, 1.6341615E+002, 1.6134463E+002, 1.6065691E+002, 1.6033605E+002, 1.5980230E+002, 1.5914487E+002, 1.6574052E+002, 1.8825591E+002, 2.0399539E+002, 2.2432416E+002, 2.2858008E+002, 2.2572950E+002, 2.2301363E+002, 2.1814132E+002, 2.1245594E+002, 2.0067525E+002, 1.9282090E+002, 1.8165388E+002, 1.7605694E+002, 1.6945496E+002, 1.6739050E+002, 1.6754756E+002, 1.7002342E+002, 1.7616684E+002, 1.8053474E+002, 1.8414301E+002, 1.8413580E+002, 1.8349850E+002, 1.8551616E+002, 1.9383680E+002, 2.0174966E+002, 2.1252148E+002, 2.1678475E+002, 2.1963199E+002, 2.2096836E+002, 2.2403772E+002, 2.2589974E+002, 2.2595195E+002, 2.2566931E+002, 2.2743254E+002, 2.2946323E+002, 2.3387828E+002, 2.3545187E+002, 2.3519051E+002, 2.3659517E+002, 2.4065200E+002, 2.4262769E+002, 2.3611920E+002, 2.3546934E+002, 2.4000653E+002, 2.5277847E+002, 2.5187637E+002, 2.4668197E+002, 2.6205072E+002, 2.9409589E+002, 3.1730003E+002, 3.1711668E+002, 3.2135118E+002, 2.9509452E+002, 2.6002344E+002, 2.7269842E+002, 3.1983424E+002, 3.2720937E+002, 2.9553803E+002, 2.8631825E+002, 2.1394761E+002, 2.1115863E+002, 2.0809274E+002, 2.0422250E+002, 2.1227171E+002, 2.0869894E+002, 1.7285922E+002, 1.9255778E+002, 2.0195618E+002, 2.0148146E+002, 2.0114086E+002, 2.0235214E+002, 2.0382755E+002, 2.0352614E+002, 2.0187322E+002, 2.0095299E+002, 2.0001274E+002, 1.9931500E+002, 1.9715091E+002, 1.9486778E+002, 1.9257646E+002, 1.9325254E+002, 1.9861603E+002, 2.0456197E+002, 2.0917424E+002, 2.0900687E+002, 2.0515236E+002, 2.0175144E+002, 2.0340467E+002, 2.0482878E+002, 2.1429184E+002, 2.1795770E+002, 2.1548636E+002, 2.1283707E+002, 2.1222489E+002, 2.1173586E+002, 2.0724224E+002, 1.9778889E+002, 1.8227157E+002, 1.7379081E+002, 1.7137383E+002, 1.7201050E+002, 1.7356326E+002, 1.7503013E+002, 1.7748422E+002, 1.7924668E+002, 1.8163877E+002, 1.8214794E+002, 1.8102359E+002, 1.7954518E+002, 1.7585205E+002, 1.7272403E+002, 1.6206459E+002, 1.4892677E+002, 1.3499111E+002, 1.5470452E+002, 1.1693266E+002, 1.1878597E+002, 1.1761080E+002, 1.1795047E+002, 1.1969925E+002, 1.1983626E+002, 1.1784744E+002, 1.1628156E+002, 1.1647608E+002, 1.1848105E+002, 1.2171793E+002, 1.2280724E+002, 1.2508365E+002, 1.2960073E+002, 1.3815440E+002, 1.4216771E+002, 1.4505702E+002, 1.4552744E+002, 1.4503195E+002, 1.4437020E+002, 1.4287853E+002, 1.4210914E+002, 1.4093675E+002, 1.4088127E+002, 1.4667296E+002, 1.5420224E+002, 1.6451802E+002, 1.6742039E+002, 1.6589942E+002, 1.6418693E+002, 1.6156131E+002, 1.6008034E+002, 1.5852443E+002, 1.5840500E+002, 1.6011421E+002, 1.6240951E+002, 1.6726240E+002, 1.6999830E+002, 1.7071313E+002, 1.6936266E+002, 1.6636412E+002, 1.6487130E+002, 1.6293652E+002, 1.6131469E+002, 1.5843944E+002, 1.6254807E+002, 1.8656256E+002, 2.0457517E+002, 2.2794625E+002, 2.3490902E+002, 2.3158307E+002, 2.2812811E+002, 2.2272036E+002, 2.1764118E+002, 2.0879974E+002, 2.0211711E+002, 1.9324861E+002, 1.8832763E+002, 1.8152369E+002, 1.7867000E+002, 1.7466615E+002, 1.7357152E+002, 1.7475297E+002, 1.7768215E+002, 1.8206006E+002, 1.8348060E+002, 1.8407851E+002, 1.8438220E+002, 1.8623009E+002, 1.8999051E+002, 1.9623595E+002, 2.0036778E+002, 2.0828985E+002, 2.1344053E+002, 2.2235162E+002, 2.2961720E+002, 2.2750384E+002, 2.1919865E+002, 2.1082186E+002, 2.0817136E+002, 2.1669413E+002, 2.2754318E+002, 2.3881413E+002, 2.4128324E+002, 2.3801068E+002, 2.3712624E+002, 2.6420489E+002, 2.6298502E+002, 2.3982919E+002, 2.2679478E+002, 2.4824791E+002, 2.8059796E+002, 3.2301303E+002, 3.3279522E+002
 2.5300211E+002, 1.0775593E+002, 1.0862982E+002, 1.1018762E+002, 1.1306713E+002, 1.1315584E+002, 1.0979764E+002, 1.0723910E+002, 1.1161438E+002, 1.1627689E+002, 1.1629839E+002, 1.1900665E+002, 1.2574612E+002, 1.3630969E+002, 1.3915869E+002, 1.3992780E+002, 1.3973127E+002, 1.3677183E+002, 1.3516855E+002, 1.3578761E+002, 1.3592404E+002, 1.3582237E+002, 1.3544343E+002, 1.3777995E+002, 1.4474263E+002, 1.5613979E+002, 1.5769143E+002, 1.5449345E+002, 1.5274161E+002, 1.5033572E+002, 1.4897117E+002, 1.4988602E+002, 1.5230285E+002, 1.5772784E+002, 1.6132419E+002, 1.6447882E+002, 1.6392296E+002, 1.5991644E+002, 1.5769959E+002, 1.5661875E+002, 1.5649721E+002, 1.5551135E+002, 1.5565317E+002, 1.6883053E+002, 1.8547245E+002, 2.1284461E+002, 2.2298091E+002, 2.2283731E+002, 2.1972431E+002, 2.1599580E+002, 2.1421681E+002, 2.0935690E+002, 2.0286046E+002, 1.8775084E+002, 1.7764909E+002, 1.6652377E+002, 1.6335149E+002, 1.6398756E+002, 1.6602151E+002, 1.7035885E+002, 1.7383453E+002, 1.7904451E+002, 1.8088608E+002, 1.7904928E+002, 1.7719330E+002, 1.8198973E+002, 1.9049408E+002, 2.0321238E+002, 2.0777510E+002, 2.0946825E+002, 2.1000864E+002, 2.1336972E+002, 2.1702058E+002, 2.2073104E+002, 2.2011288E+002, 2.1573157E+002, 2.1483099E+002, 2.1990359E+002, 2.2374578E+002, 2.2577239E+002, 2.2648870E+002, 2.2943210E+002, 2.3209174E+002, 2.3471333E+002, 2.3548638E+002, 2.3735474E+002, 2.3881805E+002, 2.4432853E+002, 2.4966165E+002, 2.4701288E+002, 2.6823264E+002, 2.9506837E+002, 3.0982713E+002, 3.1338871E+002, 2.9114898E+002, 2.7006967E+002, 2.7594797E+002, 3.1443615E+002, 3.4873170E+002, 3.9070344E+002, 4.1073117E+002, 4.0442061E+002, 4.2605312E+002, 3.6782845E+002, 3.0557349E+002, 3.0763772E+002, 2.2274324E+002, 2.1263931E+002, 1.9670244E+002, 2.1273422E+002, 2.0421440E+002, 1.8841198E+002, 1.9051955E+002, 1.9648435E+002, 1.9892986E+002, 1.9729073E+002, 1.9552218E+002, 1.9445095E+002, 1.9321920E+002, 1.9090611E+002, 1.9179407E+002, 1.9601851E+002, 1.9968064E+002, 2.0531940E+002, 2.0877464E+002, 2.1283651E+002, 2.1479362E+002, 2.1783557E+002, 2.2027095E+002, 2.2312984E+002, 2.2427020E+002, 2.2224909E+002, 2.2359175E+002, 2.2236129E+002, 2.0857263E+002, 2.0737433E+002, 2.1188464E+002, 2.1529458E+002, 2.1656294E+002, 2.1471839E+002, 2.1355097E+002, 2.1015047E+002, 2.1362123E+002, 2.2251065E+002, 2.2307733E+002, 2.0701782E+002, 1.9429117E+002, 1.7633414E+002, 1.6954787E+002, 1.7013270E+002, 1.7109482E+002, 1.7242613E+002, 1.7385414E+002, 1.7591688E+002, 1.7749149E+002, 1.7875164E+002, 1.7826600E+002, 1.7580573E+002, 1.7230834E+002, 1.6316682E+002, 1.4896217E+002, 1.1026228E+002, 1.1609343E+002, 1.1715578E+002, 1.1916301E+002, 1.1711002E+002, 1.1396569E+002, 1.1452260E+002, 1.1855209E+002, 1.2184690E+002, 1.2191306E+002, 1.2439215E+002, 1.3061399E+002, 1.4033892E+002, 1.4283844E+002, 1.4357684E+002, 1.4408476E+002, 1.4264915E+002, 1.4126315E+002, 1.4109166E+002, 1.4043224E+002, 1.3927081E+002, 1.3971393E+002, 1.4811229E+002, 1.5775691E+002, 1.6607411E+002, 1.6564088E+002, 1.6166192E+002, 1.5994280E+002, 1.5709920E+002, 1.5562781E+002, 1.5593505E+002, 1.5765359E+002, 1.6204480E+002, 1.6511169E+002, 1.6914503E+002, 1.6966947E+002, 1.6583252E+002, 1.6332440E+002, 1.6162507E+002, 1.6084518E+002, 1.5895093E+002, 1.5690862E+002, 1.6041974E+002, 1.7365903E+002, 2.0703565E+002, 2.2391200E+002, 2.2941463E+002, 2.2771976E+002, 2.2282788E+002, 2.1969095E+002, 2.1435872E+002, 2.0746095E+002, 1.9399573E+002, 1.8539830E+002, 1.7611179E+002, 1.7393518E+002, 1.7344949E+002, 1.7349848E+002, 1.7354737E+002, 1.7396888E+002, 1.7713045E+002, 1.8082562E+002, 1.8206597E+002, 1.8021231E+002, 1.8095852E+002, 1.8552382E+002, 1.9449347E+002, 1.9896680E+002, 2.0182459E+002, 2.0273613E+002, 2.0753282E+002, 2.1161878E+002, 2.1596003E+002, 2.1877983E+002, 2.1526734E+002, 2.0618850E+002, 2.0543048E+002, 2.1209955E+002, 2.2156075E+002, 2.2511629E+002, 2.3271829E+002, 2.3444760E+002, 2.2766359E+002, 2.2582235E+002, 2.3793158E+002, 2.4775566E+002, 2.2184979E+002, 2.2006554E+002, 2.6307226E+002, 3.1516041E+002, 3.2460366E+002, 3.2809973E+002, 3.1980193E+002, 3.1901771E+002
 2.5401158E+002, 6.5780121E+001, 1.0740298E+002, 1.0700025E+002, 1.1117766E+002, 1.0602163E+002, 1.0319677E+002, 1.1405264E+002, 1.1532047E+002, 1.1723947E+002, 1.2396928E+002, 1.3430262E+002, 1.3696722E+002, 1.3772226E+002, 1.3788939E+002, 1.3641070E+002, 1.3326935E+002, 1.3217149E+002, 1.3341780E+002, 1.3304396E+002, 1.3344356E+002, 1.3834749E+002, 1.4534090E+002, 1.5447648E+002, 1.5536989E+002, 1.5200469E+002, 1.4960291E+002, 1.4738140E+002, 1.4579363E+002, 1.4749014E+002, 1.5138386E+002, 1.5759432E+002, 1.6059952E+002, 1.6253064E+002, 1.6132756E+002, 1.5622597E+002, 1.5335827E+002, 1.5230782E+002, 1.5158070E+002, 1.5546762E+002, 1.6694140E+002, 1.9002026E+002, 2.0529417E+002, 2.1568589E+002, 2.1601021E+002, 2.1441148E+002, 2.1270302E+002, 2.0961492E+002, 2.0789756E+002, 2.0354194E+002, 1.9819126E+002, 1.8469289E+002, 1.7350152E+002, 1.5974526E+002, 1.5814325E+002, 1.6298908E+002, 1.6623471E+002, 1.7111999E+002, 1.7414144E+002, 1.7654284E+002, 1.7565459E+002, 1.7336089E+002, 1.7528717E+002, 1.8568355E+002, 1.9395910E+002, 2.0080232E+002, 2.0161492E+002, 2.0235049E+002, 2.0453275E+002, 2.0992286E+002, 2.1225874E+002, 2.1107333E+002, 2.0838761E+002, 2.0676552E+002, 2.0882304E+002, 2.1378622E+002, 2.1588284E+002, 2.1777428E+002, 2.1983963E+002, 2.2371779E+002, 2.2533310E+002, 2.2542881E+002, 2.2677798E+002, 2.3088145E+002, 2.3292635E+002, 2.3564245E+002, 2.4337724E+002, 2.6866714E+002, 2.8473512E+002, 3.0141341E+002, 3.0006955E+002, 2.9749428E+002, 2.9581436E+002, 2.7689457E+002, 2.6665480E+002, 2.8930990E+002, 3.3004947E+002, 3.6877686E+002, 3.8281447E+002, 3.9391548E+002, 4.4641077E+002, 5.2963543E+002, 2.7945496E+002, 4.5107129E+002, 3.8990272E+002, 2.9310025E+002, 2.6608120E+002, 2.2006874E+002, 2.0219687E+002, 2.0655573E+002, 1.9988287E+002, 1.6496489E+002, 1.8574221E+002, 1.8980152E+002, 1.9132829E+002, 1.9000265E+002, 1.8563640E+002, 1.8592410E+002, 1.9213376E+002, 2.0454897E+002, 2.1185773E+002, 2.2136859E+002, 2.2673422E+002, 2.3297547E+002, 2.3647121E+002, 2.4095528E+002, 2.4303325E+002, 2.4414985E+002, 2.4348598E+002, 2.4197650E+002, 2.4096370E+002, 2.4176092E+002, 2.4064371E+002, 2.4258725E+002, 2.3097011E+002, 2.3259558E+002, 2.2702920E+002, 2.1628552E+002, 2.1204930E+002, 2.1020308E+002, 2.1013386E+002, 2.1204641E+002, 2.1066764E+002, 2.0662647E+002, 2.1053720E+002, 2.2481660E+002, 2.3018958E+002, 2.3051713E+002, 2.2453469E+002, 2.0671811E+002, 1.9492030E+002, 1.7825552E+002, 1.7001312E+002, 1.6826848E+002, 1.6876227E+002, 1.6981348E+002, 1.7141380E+002, 1.7374957E+002, 1.7462291E+002, 1.7242671E+002, 1.6776226E+002, 4.6028364E+001, 1.1316516E+002, 1.1682666E+002, 1.1758022E+002, 1.1095481E+002, 1.1340066E+002, 1.2067034E+002, 1.2095903E+002, 1.2331604E+002, 1.2942343E+002, 1.3901771E+002, 1.4140642E+002, 1.4171460E+002, 1.4170710E+002, 1.4167626E+002, 1.3974475E+002, 1.3871427E+002, 1.3901070E+002, 1.3768468E+002, 1.3873298E+002, 1.4770553E+002, 1.5686220E+002, 1.6433592E+002, 1.6413877E+002, 1.5970045E+002, 1.5753297E+002, 1.5492378E+002, 1.5317098E+002, 1.5458591E+002, 1.5764474E+002, 1.6255341E+002, 1.6483096E+002, 1.6716290E+002, 1.6728159E+002, 1.6229023E+002, 1.5926505E+002, 1.5792443E+002, 1.5685294E+002, 1.5658407E+002, 1.6119044E+002, 1.7287112E+002, 1.8554081E+002, 2.0624122E+002, 2.1376704E+002, 2.1759741E+002, 2.1971956E+002, 2.1696657E+002, 2.1404197E+002, 2.0798447E+002, 2.0148512E+002, 1.8870554E+002, 1.7899457E+002, 1.6759399E+002, 1.6731497E+002, 1.7087849E+002, 1.7206740E+002, 1.7317007E+002, 1.7456384E+002, 1.7697460E+002, 1.7739599E+002, 1.7676414E+002, 1.7694333E+002, 1.8341336E+002, 1.8998174E+002, 1.9649845E+002, 1.9816466E+002, 1.9903142E+002, 2.0047452E+002, 2.0659644E+002, 2.1008788E+002, 2.0826625E+002, 2.0382363E+002, 2.0101318E+002, 2.0259497E+002, 2.0585555E+002, 2.0806984E+002, 2.1202297E+002, 2.1724533E+002, 2.2455998E+002, 2.2769094E+002, 2.2334370E+002, 2.2079099E+002, 2.2632172E+002, 2.3229194E+002, 2.2501088E+002, 2.1064908E+002, 2.7356562E+002, 3.1142783E+002, 3.2142994E+002, 3.1456064E+002, 3.1303636E+002, 3.1005835E+002, 2.9591302E+002, 2.8300992E+002
 2.5501031E+002, 2.8719942E+001, 1.0574376E+002, 1.0304999E+002, 1.0789094E+002, 1.0214173E+002, 1.1063144E+002, 1.1783796E+002, 1.2515400E+002, 1.3348292E+002, 1.3514295E+002, 1.3564546E+002, 1.3590755E+002, 1.3505452E+002, 1.3243009E+002, 1.2951998E+002, 1.2990275E+002, 1.3092654E+002, 1.3357420E+002, 1.4193880E+002, 1.4792699E+002, 1.5305021E+002, 1.5268371E+002, 1.4898192E+002, 1.4652887E+002, 1.4411834E+002, 1.4346258E+002, 1.4704119E+002, 1.5181811E+002, 1.5743743E+002, 1.5930913E+002, 1.5981229E+002, 1.5803248E+002, 1.5263166E+002, 1.4968608E+002, 1.4749462E+002, 1.5422012E+002, 1.7398020E+002, 1.8749891E+002, 2.0359630E+002, 2.0672381E+002, 2.0754810E+002, 2.0734980E+002, 2.0635386E+002, 2.0504354E+002, 2.0237039E+002, 2.0013045E+002, 1.9504047E+002, 1.8933234E+002, 1.7703574E+002, 1.6703583E+002, 1.5598683E+002, 1.5658183E+002, 1.6380318E+002, 1.6760605E+002, 1.7101729E+002, 1.7207798E+002, 1.7116638E+002, 1.6964783E+002, 1.7306031E+002, 1.7983583E+002, 1.8987998E+002, 1.9349189E+002, 1.9516609E+002, 1.9626581E+002, 1.9968142E+002, 2.0244879E+002, 2.0457285E+002, 2.0366707E+002, 2.0034740E+002, 1.9946703E+002, 2.0224709E+002, 2.0485992E+002, 2.0774850E+002, 2.0940279E+002, 2.1288612E+002, 2.1506695E+002, 2.1709154E+002, 2.1788246E+002, 2.1923834E+002, 2.2115707E+002, 2.2427747E+002, 2.2678786E+002, 2.4885432E+002, 2.6485742E+002, 2.8018089E+002, 2.9255443E+002, 2.8610001E+002, 2.8607420E+002, 2.8210154E+002, 2.6720264E+002, 2.6203900E+002, 2.8812976E+002, 3.1146802E+002, 3.2531974E+002, 3.3551695E+002, 3.4122983E+002, 3.5616624E+002, 3.8588236E+002, 3.9434613E+002, 3.7416714E+002, 3.4910496E+002, 3.4455367E+002, 3.6223594E+002, 3.7252865E+002, 3.4494257E+002, 3.0927459E+002, 2.8458857E+002, 2.4837463E+002, 1.8858775E+002, 2.0032570E+002, 1.4958664E+002, 1.7651513E+002, 1.8581533E+002, 1.8179718E+002, 1.8358797E+002, 1.9296896E+002, 2.1003276E+002, 2.2164416E+002, 2.3429803E+002, 2.3855711E+002, 2.4064936E+002, 2.4065112E+002, 2.3978789E+002, 2.3879884E+002, 2.3711577E+002, 2.3635420E+002, 2.3599291E+002, 2.3628482E+002, 2.3689583E+002, 2.3721128E+002, 2.3752124E+002, 2.3812596E+002, 2.3879950E+002, 2.3517609E+002, 2.3382239E+002, 2.2847680E+002, 2.2492222E+002, 2.2503593E+002, 2.2094975E+002, 2.1501944E+002, 2.0501982E+002, 2.0293392E+002, 2.0468727E+002, 2.0579424E+002, 2.0200625E+002, 2.0810323E+002, 2.2416742E+002, 2.2975374E+002, 2.3062366E+002, 2.2993020E+002, 2.2863043E+002, 2.2592382E+002, 2.1232687E+002, 2.0115518E+002, 1.8442273E+002, 1.7321209E+002, 1.6349823E+002, 1.6337730E+002, 1.6605563E+002, 1.6857655E+002, 2.5664213E+001, 1.1104269E+002, 1.1488722E+002, 1.1142782E+002, 1.1481867E+002, 1.1839317E+002, 1.2421424E+002, 1.3089704E+002, 1.3838994E+002, 1.3998806E+002, 1.3989133E+002, 1.3967913E+002, 1.3963853E+002, 1.3845142E+002, 1.3644503E+002, 1.3632124E+002, 1.3656521E+002, 1.3940896E+002, 1.4980711E+002, 1.5725011E+002, 1.6244734E+002, 1.6126584E+002, 1.5691112E+002, 1.5487420E+002, 1.5237070E+002, 1.5164990E+002, 1.5495310E+002, 1.5867839E+002, 1.6243606E+002, 1.6322191E+002, 1.6379582E+002, 1.6327637E+002, 1.5888468E+002, 1.5587401E+002, 1.5340505E+002, 1.5673517E+002, 1.6929051E+002, 1.7723204E+002, 1.8756187E+002, 1.9404717E+002, 2.0427753E+002, 2.0781872E+002, 2.1005060E+002, 2.1048051E+002, 2.0845916E+002, 2.0498352E+002, 1.9876065E+002, 1.9295527E+002, 1.8180699E+002, 1.7323068E+002, 1.6375488E+002, 1.6455812E+002, 1.7040858E+002, 1.7297300E+002, 1.7407133E+002, 1.7457228E+002, 1.7428208E+002, 1.7345884E+002, 1.7559626E+002, 1.8072320E+002, 1.8905225E+002, 1.9253677E+002, 1.9431669E+002, 1.9469258E+002, 1.9570200E+002, 1.9728363E+002, 2.0117608E+002, 2.0211455E+002, 1.9864124E+002, 1.9586207E+002, 1.9778108E+002, 2.0195126E+002, 2.0618798E+002, 2.0733225E+002, 2.0996003E+002, 2.1195720E+002, 2.1466123E+002, 2.1687769E+002, 2.1887046E+002, 2.1883511E+002, 2.2406750E+002, 2.2664343E+002, 2.3323951E+002, 2.4197157E+002, 2.7297899E+002, 3.0243423E+002, 3.1321496E+002, 3.0568828E+002, 2.9441538E+002, 2.8379243E+002, 2.8178221E+002, 3.1192141E+002, 3.3497959E+002, 3.4390390E+002
 2.5600043E+002, 2.0725337E+001, 6.2507549E+001, 1.0265565E+002, 1.0107418E+002, 1.0286175E+002, 1.1275629E+002, 1.3141196E+002, 1.3292893E+002, 1.3343751E+002, 1.3366969E+002, 1.3402287E+002, 1.3280037E+002, 1.2802085E+002, 1.2684047E+002, 1.2786502E+002, 1.3117476E+002, 1.4244118E+002, 1.4896135E+002, 1.5269377E+002, 1.5182862E+002, 1.4824147E+002, 1.4480157E+002, 1.4150927E+002, 1.4065144E+002, 1.4305727E+002, 1.4922530E+002, 1.5556766E+002, 1.5693184E+002, 1.5705484E+002, 1.5616644E+002, 1.5162953E+002, 1.4765301E+002, 1.4506340E+002, 1.5340831E+002, 1.8219332E+002, 1.9535623E+002, 1.9827187E+002, 1.9912751E+002, 2.0019687E+002, 2.0053976E+002, 2.0032737E+002, 1.9918755E+002, 1.9557150E+002, 1.9304011E+002, 1.8762844E+002, 1.8179586E+002, 1.7027207E+002, 1.6186909E+002, 1.5270369E+002, 1.5345828E+002, 1.6317570E+002, 1.6710746E+002, 1.6947911E+002, 1.6922026E+002, 1.6730371E+002, 1.6564899E+002, 1.6908187E+002, 1.7754591E+002, 1.8775968E+002, 1.8882391E+002, 1.8958720E+002, 1.9175894E+002, 1.9612554E+002, 1.9796995E+002, 1.9721834E+002, 1.9494420E+002, 1.9225416E+002, 1.9286991E+002, 1.9697533E+002, 1.9979735E+002, 2.0145870E+002, 2.0267684E+002, 2.0697335E+002, 2.0911466E+002, 2.0998347E+002, 2.1076514E+002, 2.1352174E+002, 2.1531375E+002, 2.2031574E+002, 2.3086760E+002, 2.5453387E+002, 2.7221561E+002, 2.7880621E+002, 2.7963520E+002, 2.8833840E+002, 2.8423991E+002, 2.5968968E+002, 2.4786869E+002, 2.6251906E+002, 2.9522287E+002, 3.2151654E+002, 3.1231167E+002, 3.0830792E+002, 3.1578968E+002, 3.2096470E+002, 3.3351257E+002, 3.2861791E+002, 2.9747987E+002, 2.9418328E+002, 3.0594231E+002, 3.0808212E+002, 3.1147287E+002, 3.1614466E+002, 3.2971183E+002, 3.0678435E+002, 3.0780837E+002, 3.0629294E+002, 3.0421246E+002, 2.8523596E+002, 2.3901926E+002, 1.8233762E+002, 1.6578868E+002, 1.7879921E+002, 1.9068907E+002, 2.0874365E+002, 2.1933449E+002, 2.2912982E+002, 2.3081435E+002, 2.3155173E+002, 2.3149557E+002, 2.3184705E+002, 2.3245864E+002, 2.3353830E+002, 2.3424214E+002, 2.3516854E+002, 2.3568136E+002, 2.3615064E+002, 2.3601174E+002, 2.3533026E+002, 2.3479303E+002, 2.3414588E+002, 2.3418323E+002, 2.3507537E+002, 2.3640143E+002, 2.3420505E+002, 2.3083491E+002, 2.2124060E+002, 2.1442992E+002, 2.1429829E+002, 2.1916578E+002, 2.2014524E+002, 2.1589050E+002, 2.0619510E+002, 1.9905939E+002, 1.9671631E+002, 1.9667518E+002, 1.9814803E+002, 2.0681632E+002, 2.2469766E+002, 2.2875811E+002, 2.2827177E+002, 2.2698589E+002, 2.2487682E+002, 2.2404747E+002, 2.2398914E+002, 2.2420769E+002, 2.1651409E+002, 2.0397493E+002, 1.7945891E+002, 1.6134226E+002, 2.0432005E+001, 6.2723977E+001, 1.1292609E+002, 1.1048368E+002, 1.1331933E+002, 1.2407820E+002, 1.3738150E+002, 1.3864427E+002, 1.3853749E+002, 1.3818857E+002, 1.3784462E+002, 1.3775937E+002, 1.3529079E+002, 1.3437617E+002, 1.3446650E+002, 1.3740497E+002, 1.4817813E+002, 1.5559662E+002, 1.6141243E+002, 1.6107515E+002, 1.5675450E+002, 1.5289729E+002, 1.5110557E+002, 1.4958759E+002, 1.5302054E+002, 1.5778136E+002, 1.6143197E+002, 1.6118951E+002, 1.5954465E+002, 1.5908696E+002, 1.5763654E+002, 1.5421139E+002, 1.5135373E+002, 1.5712672E+002, 1.7943746E+002, 1.9010031E+002, 1.8928938E+002, 1.8699140E+002, 1.9371022E+002, 1.9937157E+002, 2.0253878E+002, 2.0423649E+002, 2.0208853E+002, 1.9791099E+002, 1.9065553E+002, 1.8514189E+002, 1.7571877E+002, 1.6903685E+002, 1.6197560E+002, 1.6255349E+002, 1.7016642E+002, 1.7421999E+002, 1.7736772E+002, 1.7463067E+002, 1.7145521E+002, 1.6949056E+002, 1.7224322E+002, 1.7946579E+002, 1.8977028E+002, 1.9128632E+002, 1.9146472E+002, 1.9231956E+002, 1.9380970E+002, 1.9403488E+002, 1.9337455E+002, 1.9197189E+002, 1.8734762E+002, 1.8595982E+002, 1.9020859E+002, 1.9556349E+002, 2.0384075E+002, 2.0501630E+002, 2.0789630E+002, 2.0897441E+002, 2.0901461E+002, 2.0998433E+002, 2.1420939E+002, 2.1680297E+002, 2.2046198E+002, 2.2545934E+002, 2.3603184E+002, 2.5211264E+002, 2.7911415E+002, 2.9339897E+002, 3.0136040E+002, 2.9406366E+002, 2.7527054E+002, 2.7006850E+002, 2.9551978E+002, 3.2469158E+002, 3.4892153E+002, 3.3423126E+002, 3.2353098E+002, 3.2162098E+002
 2.5700396E+002, 2.0447688E+001, 6.9624045E+001, 1.0228747E+002, 9.4468786E+001, 1.1880879E+002, 1.2828880E+002, 1.3084613E+002, 1.3172050E+002, 1.3219725E+002, 1.3131526E+002, 1.2697994E+002, 1.2476791E+002, 1.2589738E+002, 1.3351628E+002, 1.4638878E+002, 1.5062381E+002, 1.5155561E+002, 1.5006664E+002, 1.4619737E+002, 1.4263084E+002, 1.3908749E+002, 1.3834121E+002, 1.4279356E+002, 1.4868067E+002, 1.5307544E+002, 1.5384748E+002, 1.5339721E+002, 1.5209396E+002, 1.4779077E+002, 1.4414779E+002, 1.5043353E+002, 1.6727395E+002, 1.8687384E+002, 1.9035172E+002, 1.9138520E+002, 1.9236995E+002, 1.9364914E+002, 1.9406647E+002, 1.9390398E+002, 1.9314725E+002, 1.8950576E+002, 1.8638295E+002, 1.7926163E+002, 1.7194617E+002, 1.5948715E+002, 1.5230179E+002, 1.5243721E+002, 1.5779856E+002, 1.6490044E+002, 1.6701968E+002, 1.6651809E+002, 1.6502907E+002, 1.6305024E+002, 1.6393084E+002, 1.7213814E+002, 1.7895122E+002, 1.8343549E+002, 1.8386209E+002, 1.8668831E+002, 1.8950690E+002, 1.9174553E+002, 1.9113164E+002, 1.8786782E+002, 1.8615334E+002, 1.8716063E+002, 1.8963209E+002, 1.9290866E+002, 1.9455907E+002, 1.9726413E+002, 1.9946486E+002, 2.0203357E+002, 2.0274823E+002, 2.0436936E+002, 2.0630427E+002, 2.0841700E+002, 2.1316610E+002, 2.3607315E+002, 2.4876804E+002, 2.6313011E+002, 2.7022450E+002, 2.7653995E+002, 2.7554453E+002, 2.6375622E+002, 2.5405904E+002, 2.4633326E+002, 2.5863457E+002, 2.8958430E+002, 3.1006904E+002, 2.9547194E+002, 2.8078622E+002, 2.8204525E+002, 2.9542316E+002, 3.0975393E+002, 3.0060168E+002, 2.8888365E+002, 2.7978321E+002, 2.8782873E+002, 2.8877924E+002, 2.9607875E+002, 3.1788492E+002, 3.1942553E+002, 2.8970763E+002, 2.8490649E+002, 2.7546535E+002, 2.8070026E+002, 2.8261685E+002, 2.8217643E+002, 2.8423826E+002, 2.8921105E+002, 2.9101628E+002, 2.9021100E+002, 2.6793508E+002, 1.9838247E+002, 1.8393757E+002, 2.1288549E+002, 2.2165040E+002, 2.2602788E+002, 2.2677518E+002, 2.2655015E+002, 2.2689458E+002, 2.2861276E+002, 2.2994816E+002, 2.3166284E+002, 2.3251202E+002, 2.3362206E+002, 2.3443671E+002, 2.3578691E+002, 2.3695154E+002, 2.3984640E+002, 2.4284365E+002, 2.4799654E+002, 2.5038090E+002, 2.5287731E+002, 2.5374044E+002, 2.4907128E+002, 2.4577716E+002, 2.3783353E+002, 2.3255595E+002, 2.2056846E+002, 2.1371458E+002, 2.1462798E+002, 2.2072103E+002, 2.2264074E+002, 2.2094975E+002, 2.1396861E+002, 2.0518790E+002, 1.9177955E+002, 1.8681243E+002, 1.9231532E+002, 2.0814495E+002, 2.2424908E+002, 2.2570029E+002, 2.2566793E+002, 2.2463198E+002, 2.2209625E+002, 2.1993114E+002, 2.1732556E+002, 2.1657251E+002, 2.1738254E+002, 2.1754021E+002, 2.0165727E+001, 6.5826578E+001, 1.1235238E+002, 1.0402222E+002, 1.3150697E+002, 1.3674477E+002, 1.3685658E+002, 1.3662869E+002, 1.3599905E+002, 1.3580709E+002, 1.3395694E+002, 1.3224749E+002, 1.3316625E+002, 1.3982993E+002, 1.5164348E+002, 1.5666933E+002, 1.5903567E+002, 1.5809698E+002, 1.5453290E+002, 1.5117417E+002, 1.4859191E+002, 1.4831318E+002, 1.5348439E+002, 1.5756567E+002, 1.5928990E+002, 1.5838370E+002, 1.5646442E+002, 1.5561908E+002, 1.5325917E+002, 1.5069513E+002, 1.5437034E+002, 1.6923796E+002, 1.8747074E+002, 1.9049547E+002, 1.8702431E+002, 1.8408185E+002, 1.8500324E+002, 1.8921584E+002, 1.9306640E+002, 1.9602161E+002, 1.9501285E+002, 1.9030125E+002, 1.8165903E+002, 1.7508508E+002, 1.6482875E+002, 1.6002367E+002, 1.6165960E+002, 1.6654238E+002, 1.7383863E+002, 1.7748766E+002, 1.7694752E+002, 1.7326163E+002, 1.6772851E+002, 1.6684605E+002, 1.7359306E+002, 1.8183075E+002, 1.8789846E+002, 1.8854153E+002, 1.8993248E+002, 1.9106093E+002, 1.9165552E+002, 1.9126440E+002, 1.8819395E+002, 1.8543643E+002, 1.8330256E+002, 1.8390925E+002, 1.8651779E+002, 1.8945980E+002, 1.9800009E+002, 2.0316812E+002, 2.0481712E+002, 2.0528923E+002, 2.0593988E+002, 2.0772119E+002, 2.1152873E+002, 2.1664998E+002, 2.3160422E+002, 2.4052284E+002, 2.5832129E+002, 2.7245026E+002, 2.8425005E+002, 2.8353704E+002, 2.6862110E+002, 2.5415937E+002, 2.3600740E+002, 2.5655080E+002, 3.2017538E+002, 3.3058710E+002, 3.1499207E+002, 3.0830718E+002, 3.1723479E+002, 2.7511271E+002, 2.4330748E+002, 2.6051662E+002
 2.5800108E+002, 2.6793796E+001, 7.4327284E+001, 9.7268337E+001, 1.0102429E+002, 1.2337079E+002, 1.2718540E+002, 1.2951422E+002, 1.2895948E+002, 1.2594784E+002, 1.2401595E+002, 1.2843706E+002, 1.3483367E+002, 1.4520680E+002, 1.4896270E+002, 1.4885169E+002, 1.4746793E+002, 1.4379436E+002, 1.4098256E+002, 1.3751875E+002, 1.3804027E+002, 1.4274505E+002, 1.4624386E+002, 1.5037981E+002, 1.5048082E+002, 1.4960314E+002, 1.4770696E+002, 1.4489784E+002, 1.5035723E+002, 1.6186492E+002, 1.7091499E+002, 1.8395517E+002, 1.8511733E+002, 1.8523905E+002, 1.8573423E+002, 1.8665731E+002, 1.8712860E+002, 1.8748349E+002, 1.8702477E+002, 1.8428238E+002, 1.8080286E+002, 1.7280621E+002, 1.6570515E+002, 1.5456152E+002, 1.5108130E+002, 1.5244107E+002, 1.5627908E+002, 1.6149857E+002, 1.6194556E+002, 1.6182712E+002, 1.6212861E+002, 1.6497681E+002, 1.6815820E+002, 1.7362225E+002, 1.7718845E+002, 1.8053727E+002, 1.8174247E+002, 1.8360993E+002, 1.8488913E+002, 1.8521441E+002, 1.8406250E+002, 1.8210541E+002, 1.8179789E+002, 1.8326803E+002, 1.8521534E+002, 1.8869067E+002, 1.9091195E+002, 1.9374379E+002, 1.9526163E+002, 1.9750705E+002, 1.9858078E+002, 1.9997854E+002, 2.0413236E+002, 2.1639243E+002, 2.2495636E+002, 2.4141727E+002, 2.5402967E+002, 2.5968660E+002, 2.5880002E+002, 2.5512394E+002, 2.4930714E+002, 2.4635752E+002, 2.5448326E+002, 2.7091276E+002, 2.8210502E+002, 2.9009200E+002, 2.8920012E+002, 2.7261411E+002, 2.6205341E+002, 2.6866556E+002, 2.7362844E+002, 2.7598836E+002, 2.7694004E+002, 2.7135309E+002, 2.7744369E+002, 2.8343952E+002, 2.9218986E+002, 3.0410789E+002, 3.2008453E+002, 3.2918364E+002, 3.0273054E+002, 2.6968235E+002, 2.6573316E+002, 2.6869543E+002, 2.5392690E+002, 2.6136534E+002, 2.5346578E+002, 2.5511419E+002, 2.5929709E+002, 2.4711089E+002, 2.5055529E+002, 2.5261764E+002, 2.6348008E+002, 2.7408334E+002, 2.7284703E+002, 2.2738748E+002, 2.1346775E+002, 2.1530347E+002, 2.1691951E+002, 2.2537008E+002, 2.3018430E+002, 2.3548327E+002, 2.3801530E+002, 2.4198561E+002, 2.4535480E+002, 2.5154855E+002, 2.5600468E+002, 2.6250251E+002, 2.6670082E+002, 2.7253750E+002, 2.7550735E+002, 2.7735065E+002, 2.7801222E+002, 2.7911965E+002, 2.7980616E+002, 2.7320945E+002, 2.6651102E+002, 2.5276562E+002, 2.4407879E+002, 2.3484935E+002, 2.2892021E+002, 2.2510957E+002, 2.1825064E+002, 2.1332131E+002, 2.1595155E+002, 2.2031144E+002, 2.2050592E+002, 2.1901264E+002, 2.1464623E+002, 1.9851365E+002, 1.8686928E+002, 1.8720951E+002, 2.0812754E+002, 2.2098323E+002, 2.2268968E+002, 2.2352491E+002, 2.2234588E+002, 2.2014736E+002, 2.1772510E+002, 2.1287055E+002, 2.0818320E+002, 2.3029500E+001, 6.8480099E+001, 1.0777883E+002, 1.1240265E+002, 1.3463904E+002, 1.3494079E+002, 1.3456506E+002, 1.3389881E+002, 1.3202995E+002, 1.3128673E+002, 1.3547248E+002, 1.4153750E+002, 1.5131784E+002, 1.5503293E+002, 1.5557391E+002, 1.5438559E+002, 1.5167205E+002, 1.4964420E+002, 1.4750078E+002, 1.4901807E+002, 1.5274325E+002, 1.5549239E+002, 1.5659705E+002, 1.5565997E+002, 1.5373093E+002, 1.5198009E+002, 1.4957777E+002, 1.5456114E+002, 1.6585189E+002, 1.7403958E+002, 1.8627911E+002, 1.8674107E+002, 1.8308313E+002, 1.8001729E+002, 1.7680477E+002, 1.7723837E+002, 1.8190273E+002, 1.8616421E+002, 1.8722254E+002, 1.8429439E+002, 1.7488971E+002, 1.6817232E+002, 1.6031006E+002, 1.5948151E+002, 1.6342294E+002, 1.6761388E+002, 1.7210054E+002, 1.7207502E+002, 1.7034594E+002, 1.6833226E+002, 1.6779518E+002, 1.6965772E+002, 1.7447488E+002, 1.7895039E+002, 1.8485993E+002, 1.8669194E+002, 1.8802855E+002, 1.8813557E+002, 1.8688616E+002, 1.8536708E+002, 1.8344183E+002, 1.8274954E+002, 1.8266503E+002, 1.8375758E+002, 1.8708945E+002, 1.9017868E+002, 1.9514790E+002, 1.9806202E+002, 2.0104801E+002, 2.0162439E+002, 2.0293199E+002, 2.0633140E+002, 2.1713456E+002, 2.2626277E+002, 2.4334277E+002, 2.5648922E+002, 2.6658568E+002, 2.6683859E+002, 2.6098687E+002, 2.5265525E+002, 2.3924710E+002, 2.4029845E+002, 2.5787684E+002, 2.7093110E+002, 2.8892415E+002, 3.0359634E+002, 3.0248869E+002, 3.0156496E+002, 2.8155508E+002, 2.6664557E+002, 2.5096696E+002, 2.5875699E+002, 2.7584380E+002, 2.8287417E+002
 2.5901337E+002, 8.8380110E+001, 1.0408458E+002, 1.1437994E+002, 1.2347582E+002, 1.2529351E+002, 1.2404082E+002, 1.2678400E+002, 1.3071186E+002, 1.3759570E+002, 1.4293509E+002, 1.4643721E+002, 1.4569917E+002, 1.4320933E+002, 1.4111977E+002, 1.3852280E+002, 1.3813925E+002, 1.4001257E+002, 1.4208465E+002, 1.4578754E+002, 1.4755272E+002, 1.4677271E+002, 1.4513911E+002, 1.4624782E+002, 1.5191451E+002, 1.5983818E+002, 1.6555601E+002, 1.7709942E+002, 1.7949293E+002, 1.7899161E+002, 1.7870071E+002, 1.7873723E+002, 1.7897043E+002, 1.7967930E+002, 1.8020264E+002, 1.7983143E+002, 1.7808368E+002, 1.7286404E+002, 1.6728137E+002, 1.5783976E+002, 1.5339118E+002, 1.5082852E+002, 1.5102549E+002, 1.5454710E+002, 1.5695181E+002, 1.5908390E+002, 1.6088615E+002, 1.6436855E+002, 1.6707190E+002, 1.7165103E+002, 1.7456475E+002, 1.7768843E+002, 1.7870091E+002, 1.7959306E+002, 1.7984275E+002, 1.7942552E+002, 1.7867630E+002, 1.7768597E+002, 1.7755922E+002, 1.7829233E+002, 1.7965603E+002, 1.8296007E+002, 1.8532408E+002, 1.8810035E+002, 1.8982558E+002, 1.9192956E+002, 1.9311108E+002, 1.9903533E+002, 2.0627675E+002, 2.1809826E+002, 2.2655202E+002, 2.3978397E+002, 2.4557025E+002, 2.4568488E+002, 2.4338261E+002, 2.4178433E+002, 2.4404843E+002, 2.5171858E+002, 2.5858397E+002, 2.6949697E+002, 2.7184239E+002, 2.7377815E+002, 2.7277054E+002, 2.6362725E+002, 2.5442793E+002, 2.5130285E+002, 2.5620838E+002, 2.5693801E+002, 2.6316665E+002, 2.6816447E+002, 2.7553141E+002, 2.8605453E+002, 2.9565000E+002, 3.0285258E+002, 3.0890643E+002, 3.1230047E+002, 3.0802025E+002, 2.9959041E+002, 2.9124737E+002, 2.7829927E+002, 2.8478226E+002, 3.0418272E+002, 2.9015338E+002, 2.7446900E+002, 2.6747112E+002, 2.3972233E+002, 2.4442123E+002, 2.5168458E+002, 2.4410270E+002, 2.3305983E+002, 2.1932612E+002, 2.1038424E+002, 2.1892913E+002, 2.3367617E+002, 2.3510491E+002, 2.4461903E+002, 2.5136614E+002, 2.1511074E+002, 2.1333107E+002, 2.4105031E+002, 2.4928501E+002, 2.5778708E+002, 2.6170083E+002, 2.6499489E+002, 2.6609086E+002, 2.6585185E+002, 2.6431932E+002, 2.6065066E+002, 2.5743179E+002, 2.5267434E+002, 2.5207456E+002, 2.5841430E+002, 2.6673041E+002, 2.6899850E+002, 2.6688764E+002, 2.7390185E+002, 2.6815984E+002, 2.7117796E+002, 2.7044093E+002, 2.5858252E+002, 2.5091879E+002, 2.3285514E+002, 2.2228234E+002, 2.2317166E+002, 2.2768912E+002, 2.2194771E+002, 2.1417365E+002, 2.1347197E+002, 2.1435715E+002, 2.1420278E+002, 2.1399494E+002, 2.1109677E+002, 1.9904374E+002, 1.9975689E+002, 2.0649205E+002, 2.2128687E+002, 2.2711663E+002, 2.2554719E+002, 2.2000717E+002, 2.1526499E+002, 2.1344873E+002, 8.5043252E+001, 1.0892923E+002, 1.2257554E+002, 1.3198705E+002, 1.3096012E+002, 1.2975965E+002, 1.3308029E+002, 1.3712220E+002, 1.4389195E+002, 1.4877450E+002, 1.5241348E+002, 1.5176849E+002, 1.4968007E+002, 1.4815176E+002, 1.4700122E+002, 1.4757100E+002, 1.4953814E+002, 1.5107229E+002, 1.5349585E+002, 1.5370406E+002, 1.5183178E+002, 1.4981196E+002, 1.5061246E+002, 1.5629768E+002, 1.6432866E+002, 1.6980961E+002, 1.8059065E+002, 1.8308651E+002, 1.8097381E+002, 1.7857387E+002, 1.7467114E+002, 1.7241389E+002, 1.7132092E+002, 1.7270553E+002, 1.7617662E+002, 1.7663987E+002, 1.7455049E+002, 1.6919674E+002, 1.6132812E+002, 1.5953814E+002, 1.5987192E+002, 1.6143442E+002, 1.6499883E+002, 1.6594305E+002, 1.6541027E+002, 1.6554623E+002, 1.6726380E+002, 1.6915611E+002, 1.7315333E+002, 1.7657182E+002, 1.8101551E+002, 1.8280746E+002, 1.8414267E+002, 1.8400188E+002, 1.8196963E+002, 1.8017885E+002, 1.7832343E+002, 1.7822579E+002, 1.7936270E+002, 1.8090429E+002, 1.8427165E+002, 1.8680216E+002, 1.9032009E+002, 1.9290026E+002, 1.9599463E+002, 1.9731594E+002, 2.0216185E+002, 2.0821699E+002, 2.1999452E+002, 2.2953608E+002, 2.4471540E+002, 2.5140085E+002, 2.5365983E+002, 2.5152225E+002, 2.4600395E+002, 2.4205366E+002, 2.4174418E+002, 2.4547115E+002, 2.5329465E+002, 2.6063949E+002, 2.7895976E+002, 2.8710344E+002, 2.7930987E+002, 2.6552301E+002, 2.5251100E+002, 2.4481087E+002, 2.4874551E+002, 2.4345014E+002, 2.6960918E+002, 2.9547293E+002, 3.0653441E+002, 3.1071893E+002, 3.1954061E+002, 3.2158561E+002
 2.6000402E+002, 1.1615351E+002, 1.2141748E+002, 1.2146198E+002, 1.2294525E+002, 1.3210729E+002, 1.3990683E+002, 1.4505599E+002, 1.4441258E+002, 1.4193819E+002, 1.3997941E+002, 1.3733071E+002, 1.3651690E+002, 1.3752359E+002, 1.3966657E+002, 1.4364107E+002, 1.4532965E+002, 1.4491479E+002, 1.4335570E+002, 1.4211461E+002, 1.4630853E+002, 1.5640527E+002, 1.6485477E+002, 1.7514470E+002, 1.7559795E+002, 1.7423405E+002, 1.7325971E+002, 1.7223516E+002, 1.7210621E+002, 1.7268134E+002, 1.7333356E+002, 1.7415107E+002, 1.7368000E+002, 1.7037475E+002, 1.6619581E+002, 1.5754858E+002, 1.5208043E+002, 1.4811558E+002, 1.4821285E+002, 1.5138956E+002, 1.5346519E+002, 1.5553748E+002, 1.5790796E+002, 1.6268216E+002, 1.6606081E+002, 1.7006885E+002, 1.7213725E+002, 1.7441118E+002, 1.7556702E+002, 1.7624824E+002, 1.7571975E+002, 1.7386633E+002, 1.7263481E+002, 1.7175309E+002, 1.7200242E+002, 1.7361928E+002, 1.7529816E+002, 1.7825317E+002, 1.8040901E+002, 1.8359090E+002, 1.8550848E+002, 1.8742670E+002, 1.8783991E+002, 1.9334299E+002, 2.0122622E+002, 2.1725990E+002, 2.2893742E+002, 2.3996056E+002, 2.4097156E+002, 2.3622400E+002, 2.3220199E+002, 2.3321277E+002, 2.3842099E+002, 2.5059410E+002, 2.6116660E+002, 2.7082754E+002, 2.6756076E+002, 2.5332732E+002, 2.4311993E+002, 2.2993690E+002, 2.2895033E+002, 2.3003944E+002, 2.2818358E+002, 2.3783464E+002, 2.4890177E+002, 2.6956608E+002, 2.8066670E+002, 2.8879397E+002, 2.9568865E+002, 2.9893323E+002, 2.9972251E+002, 2.9771964E+002, 2.9065767E+002, 2.8822428E+002, 2.8463728E+002, 3.0488084E+002, 3.5060922E+002, 3.9777083E+002, 4.4557920E+002, 5.0122847E+002, 5.8206386E+002, 6.3350311E+002, 3.7712431E+002, 4.4666507E+002, 3.3541594E+002, 2.4010665E+002, 2.6182381E+002, 2.6338022E+002, 2.4439727E+002, 2.3965384E+002, 2.2909150E+002, 2.0952763E+002, 2.1174877E+002, 2.1919941E+002, 2.1843420E+002, 2.2258314E+002, 2.2268187E+002, 2.2098480E+002, 1.9871039E+002, 2.3819611E+002, 2.4447269E+002, 2.4643531E+002, 2.4512609E+002, 2.4366834E+002, 2.4333209E+002, 2.4384222E+002, 2.4482017E+002, 2.4578199E+002, 2.4576123E+002, 2.4565796E+002, 2.4384188E+002, 2.3687517E+002, 2.3139327E+002, 2.2457238E+002, 2.2050484E+002, 2.1116431E+002, 2.1033826E+002, 2.1717235E+002, 2.2784324E+002, 2.3632517E+002, 2.3516959E+002, 2.3281116E+002, 2.3455721E+002, 2.2751284E+002, 2.1910583E+002, 2.2117277E+002, 2.3308744E+002, 2.3749994E+002, 2.2579238E+002, 2.0968423E+002, 2.0748564E+002, 2.0955700E+002, 2.1026705E+002, 2.0798893E+002, 2.0593548E+002, 2.0164410E+002, 2.0607453E+002, 2.2298892E+002, 2.3024203E+002, 2.2082501E+002, 2.1333514E+002, 1.2165488E+002, 1.2886178E+002, 1.2706169E+002, 1.2987596E+002, 1.3927771E+002, 1.4632941E+002, 1.5055290E+002, 1.4985899E+002, 1.4757170E+002, 1.4596364E+002, 1.4441332E+002, 1.4459948E+002, 1.4664158E+002, 1.4861598E+002, 1.5124725E+002, 1.5168237E+002, 1.5012395E+002, 1.4818916E+002, 1.4695562E+002, 1.5167310E+002, 1.6193594E+002, 1.7040165E+002, 1.8032720E+002, 1.8042351E+002, 1.7816443E+002, 1.7604982E+002, 1.7239102E+002, 1.6991065E+002, 1.6695502E+002, 1.6675284E+002, 1.6895429E+002, 1.7109041E+002, 1.7042787E+002, 1.6737221E+002, 1.5943446E+002, 1.5630925E+002, 1.5599698E+002, 1.5796960E+002, 1.6154648E+002, 1.6177554E+002, 1.6113104E+002, 1.6147994E+002, 1.6332739E+002, 1.6602241E+002, 1.7130448E+002, 1.7504789E+002, 1.7867137E+002, 1.8034433E+002, 1.8125878E+002, 1.8042862E+002, 1.7728641E+002, 1.7477424E+002, 1.7176254E+002, 1.7095821E+002, 1.7226526E+002, 1.7472281E+002, 1.7944282E+002, 1.8242129E+002, 1.8622191E+002, 1.8857996E+002, 1.9144691E+002, 1.9270899E+002, 1.9857615E+002, 2.0543510E+002, 2.2074356E+002, 2.3324666E+002, 2.4691709E+002, 2.4978140E+002, 2.4636049E+002, 2.4059204E+002, 2.3399108E+002, 2.3310679E+002, 2.3494247E+002, 2.3856587E+002, 2.4660347E+002, 2.5434846E+002, 2.5805797E+002, 2.5838302E+002, 2.6173338E+002, 2.5436172E+002, 2.2777602E+002, 2.0464206E+002, 1.9903092E+002, 2.1216088E+002, 2.4504137E+002, 2.6680929E+002, 2.9415262E+002, 3.0344174E+002, 3.1378898E+002, 3.1707510E+002, 3.1761521E+002, 3.1837054E+002, 3.2416410E+002, 3.2231152E+002
 2.6100361E+002, 1.1912803E+002, 1.1796498E+002, 1.3584435E+002, 1.4276173E+002, 1.4234083E+002, 1.4060181E+002, 1.3708828E+002, 1.3520128E+002, 1.3459745E+002, 1.3618317E+002, 1.4034030E+002, 1.4225259E+002, 1.4323471E+002, 1.4296569E+002, 1.4020525E+002, 1.3847021E+002, 1.4609503E+002, 1.5615675E+002, 1.6970314E+002, 1.7209377E+002, 1.7153370E+002, 1.7047036E+002, 1.6832719E+002, 1.6723411E+002, 1.6693227E+002, 1.6716735E+002, 1.6794943E+002, 1.6868560E+002, 1.6892203E+002, 1.6728388E+002, 1.6102279E+002, 1.5525093E+002, 1.4699181E+002, 1.4481022E+002, 1.4742527E+002, 1.4966912E+002, 1.5104054E+002, 1.5269687E+002, 1.5771230E+002, 1.6149286E+002, 1.6551585E+002, 1.6720823E+002, 1.6984853E+002, 1.7178777E+002, 1.7337463E+002, 1.7278711E+002, 1.7007243E+002, 1.6825334E+002, 1.6678587E+002, 1.6689102E+002, 1.6843663E+002, 1.7004686E+002, 1.7281404E+002, 1.7487111E+002, 1.7818319E+002, 1.8013239E+002, 1.8228376E+002, 1.8307688E+002, 1.8405801E+002, 1.8654825E+002, 1.9981114E+002, 2.1548964E+002, 2.3344043E+002, 2.3774612E+002, 2.3292244E+002, 2.2486171E+002, 2.2078129E+002, 2.2789356E+002, 2.4595335E+002, 2.5585010E+002, 2.5834956E+002, 2.5378119E+002, 2.4221709E+002, 2.3083557E+002, 2.1679352E+002, 2.1715493E+002, 2.1812971E+002, 2.1607915E+002, 2.2141545E+002, 2.3467534E+002, 2.5992365E+002, 2.7386815E+002, 2.8561161E+002, 2.8942750E+002, 2.9128517E+002, 2.9241382E+002, 2.8625241E+002, 2.7953267E+002, 2.7484025E+002, 2.7610399E+002, 3.4222590E+002, 4.3542965E+002, 5.3835458E+002, 6.1006225E+002, 6.0069729E+002, 5.3294468E+002, 5.0054970E+002, 4.9671422E+002, 5.1781428E+002, 5.1206540E+002, 5.0016244E+002, 5.2876021E+002, 5.1890536E+002, 4.9733002E+002, 4.3132943E+002, 3.6722880E+002, 3.0400036E+002, 2.7713458E+002, 2.3657047E+002, 2.3166522E+002, 2.2773862E+002, 2.2116288E+002, 2.1137484E+002, 2.0633271E+002, 2.1245302E+002, 2.1398973E+002, 2.2416822E+002, 1.7804544E+002, 2.0679980E+002, 2.3186142E+002, 2.3717035E+002, 2.3575956E+002, 2.3331675E+002, 2.3187474E+002, 2.2941697E+002, 2.2763215E+002, 2.2571155E+002, 2.2414027E+002, 2.1888441E+002, 2.1311574E+002, 2.0322006E+002, 1.9862998E+002, 1.9693227E+002, 1.9857064E+002, 1.9971880E+002, 1.9970922E+002, 2.0030601E+002, 1.9423299E+002, 1.9620836E+002, 2.0252830E+002, 2.0941001E+002, 2.0552108E+002, 1.9863973E+002, 2.0239388E+002, 2.1096179E+002, 2.1153759E+002, 2.1153404E+002, 2.2281565E+002, 2.3878536E+002, 2.4155278E+002, 2.2568755E+002, 2.1544620E+002, 2.0666758E+002, 2.0907119E+002, 2.0967541E+002, 2.0670850E+002, 1.9807163E+002, 2.0393664E+002, 2.1857979E+002, 2.2234442E+002, 1.2620255E+002, 1.2619803E+002, 1.4489605E+002, 1.4903717E+002, 1.4796737E+002, 1.4598781E+002, 1.4297226E+002, 1.4188545E+002, 1.4252798E+002, 1.4447769E+002, 1.4828807E+002, 1.4998603E+002, 1.4957228E+002, 1.4839553E+002, 1.4482491E+002, 1.4327051E+002, 1.5206447E+002, 1.6274773E+002, 1.7634595E+002, 1.7803524E+002, 1.7673061E+002, 1.7511601E+002, 1.7213811E+002, 1.7001033E+002, 1.6705868E+002, 1.6490180E+002, 1.6229514E+002, 1.6195182E+002, 1.6541968E+002, 1.6686117E+002, 1.6179077E+002, 1.5642996E+002, 1.5249733E+002, 1.5348866E+002, 1.5747193E+002, 1.5864400E+002, 1.5811980E+002, 1.5861478E+002, 1.6115974E+002, 1.6296458E+002, 1.6428986E+002, 1.6509811E+002, 1.6900375E+002, 1.7332491E+002, 1.7884100E+002, 1.7873777E+002, 1.7559597E+002, 1.7269903E+002, 1.6907700E+002, 1.6768876E+002, 1.6779685E+002, 1.6938480E+002, 1.7303678E+002, 1.7555477E+002, 1.7921700E+002, 1.8128173E+002, 1.8333122E+002, 1.8389527E+002, 1.8755513E+002, 1.9296207E+002, 2.0717969E+002, 2.2161688E+002, 2.4028747E+002, 2.4635589E+002, 2.4274086E+002, 2.3405517E+002, 2.2522892E+002, 2.2791981E+002, 2.3885592E+002, 2.4278155E+002, 2.3767334E+002, 2.3291532E+002, 2.3304874E+002, 2.3669139E+002, 2.4493057E+002, 2.4844732E+002, 2.4170002E+002, 2.2615739E+002, 2.0549122E+002, 2.0509662E+002, 2.2604996E+002, 2.5436072E+002, 2.7128601E+002, 2.7281763E+002, 2.7296812E+002, 2.8120765E+002, 3.0999502E+002, 3.1269855E+002, 3.1445096E+002, 3.1005699E+002, 3.4382611E+002, 4.0463497E+002, 4.8563090E+002, 5.6714640E+002
 2.6200145E+002, 1.2094389E+002, 1.3317021E+002, 1.4060750E+002, 1.3957240E+002, 1.3338477E+002, 1.3051269E+002, 1.3315017E+002, 1.3726195E+002, 1.4168816E+002, 1.4268676E+002, 1.4196430E+002, 1.4077755E+002, 1.3658730E+002, 1.3645990E+002, 1.5303022E+002, 1.6407597E+002, 1.6807686E+002, 1.6789700E+002, 1.6683291E+002, 1.6563526E+002, 1.6364753E+002, 1.6284785E+002, 1.6265034E+002, 1.6276204E+002, 1.6308554E+002, 1.6355373E+002, 1.6394314E+002, 1.6235169E+002, 1.5567217E+002, 1.4948423E+002, 1.4262053E+002, 1.4297182E+002, 1.4688075E+002, 1.4698789E+002, 1.4992411E+002, 1.5375391E+002, 1.5909607E+002, 1.6153859E+002, 1.6395762E+002, 1.6547257E+002, 1.6810609E+002, 1.6950143E+002, 1.6992057E+002, 1.6858097E+002, 1.6483302E+002, 1.6302014E+002, 1.6279820E+002, 1.6382201E+002, 1.6621797E+002, 1.6808725E+002, 1.7119371E+002, 1.7339944E+002, 1.7625560E+002, 1.7745826E+002, 1.7822522E+002, 1.7879231E+002, 1.8352046E+002, 1.9137272E+002, 2.1097249E+002, 2.2416355E+002, 2.3242540E+002, 2.2935715E+002, 2.1771333E+002, 2.1340172E+002, 2.2628701E+002, 2.3945242E+002, 2.4823870E+002, 2.4589768E+002, 2.3706682E+002, 2.3019548E+002, 2.1942143E+002, 2.0919367E+002, 2.0078649E+002, 2.0634921E+002, 2.1078515E+002, 2.1402729E+002, 2.3574595E+002, 2.5285802E+002, 2.6859551E+002, 2.7237259E+002, 2.7458226E+002, 2.7649459E+002, 2.8004431E+002, 2.8210205E+002, 2.7920245E+002, 2.7485106E+002, 3.3222426E+002, 4.1790613E+002, 5.0623973E+002, 5.6878843E+002, 5.5978729E+002, 5.1765382E+002, 4.7178318E+002, 4.4951412E+002, 4.6311202E+002, 4.5675139E+002, 4.5057455E+002, 4.5572219E+002, 4.5745925E+002, 4.7140992E+002, 4.7515300E+002, 4.7774812E+002, 4.7063220E+002, 4.4046535E+002, 4.1079688E+002, 3.9796912E+002, 3.8875586E+002, 3.6234298E+002, 3.1222058E+002, 2.6238456E+002, 2.2195811E+002, 2.4838567E+002, 2.3711961E+002, 2.2174662E+002, 2.0665343E+002, 2.0225419E+002, 2.1317060E+002, 1.7037413E+002, 2.1218821E+002, 2.2155632E+002, 2.1685236E+002, 2.2053218E+002, 2.2262808E+002, 2.1983033E+002, 2.1109102E+002, 2.0440923E+002, 1.9617175E+002, 1.9447657E+002, 1.9948245E+002, 2.0620476E+002, 2.1713321E+002, 2.2293255E+002, 2.2918878E+002, 2.3091017E+002, 2.2997878E+002, 2.2666110E+002, 2.1957816E+002, 2.1171971E+002, 1.9443623E+002, 1.8685145E+002, 1.8693339E+002, 1.9017502E+002, 1.9345426E+002, 1.8225673E+002, 1.7885659E+002, 1.8867779E+002, 1.9923077E+002, 2.0046001E+002, 2.0237141E+002, 2.0257376E+002, 2.1616944E+002, 2.2607250E+002, 2.4173329E+002, 2.3567598E+002, 2.1876373E+002, 2.0974363E+002, 2.0646896E+002, 2.0799156E+002, 1.9687094E+002, 1.9906855E+002, 1.2233585E+002, 1.4605134E+002, 1.4674304E+002, 1.4460764E+002, 1.3935676E+002, 1.3896390E+002, 1.4216296E+002, 1.4491262E+002, 1.4782845E+002, 1.4917223E+002, 1.4959188E+002, 1.4670457E+002, 1.4093418E+002, 1.4190962E+002, 1.6038981E+002, 1.7175113E+002, 1.7518945E+002, 1.7425458E+002, 1.7203542E+002, 1.7039321E+002, 1.6797032E+002, 1.6640456E+002, 1.6396771E+002, 1.6213775E+002, 1.5913437E+002, 1.5763904E+002, 1.5847363E+002, 1.6147038E+002, 1.5615012E+002, 1.5158510E+002, 1.5104874E+002, 1.5386580E+002, 1.5560702E+002, 1.5449318E+002, 1.5651776E+002, 1.5930859E+002, 1.6253898E+002, 1.6338623E+002, 1.6352276E+002, 1.6352403E+002, 1.6435890E+002, 1.6605560E+002, 1.7103586E+002, 1.7366574E+002, 1.7081828E+002, 1.6815531E+002, 1.6565205E+002, 1.6542888E+002, 1.6716588E+002, 1.6932558E+002, 1.7305316E+002, 1.7559076E+002, 1.7845483E+002, 1.7934628E+002, 1.7929804E+002, 1.7962996E+002, 1.8642344E+002, 1.9745268E+002, 2.1945723E+002, 2.3182320E+002, 2.3959874E+002, 2.3709099E+002, 2.2569952E+002, 2.2049440E+002, 2.2798639E+002, 2.3687634E+002, 2.4244719E+002, 2.3744939E+002, 2.2756042E+002, 2.2462836E+002, 2.2520810E+002, 2.2772846E+002, 2.3440450E+002, 2.3772466E+002, 2.1981376E+002, 2.0690697E+002, 2.2117986E+002, 2.3267492E+002, 2.3954877E+002, 2.5294496E+002, 2.5936734E+002, 2.6358297E+002, 2.7528049E+002, 2.8315674E+002, 2.9354718E+002, 2.9888683E+002, 3.6355464E+002, 4.0565413E+002, 4.5084475E+002, 4.9556829E+002, 5.3619265E+002, 5.2723345E+002, 5.1760667E+002, 4.8704315E+002
 2.6300113E+002, 1.1579264E+002, 1.3140391E+002, 1.3449956E+002, 1.2631143E+002, 1.3082262E+002, 1.3677814E+002, 1.4112460E+002, 1.4189165E+002, 1.4088253E+002, 1.3805873E+002, 1.3434197E+002, 1.4371916E+002, 1.5817808E+002, 1.6354526E+002, 1.6401597E+002, 1.6337185E+002, 1.6184647E+002, 1.6076324E+002, 1.5946578E+002, 1.5904884E+002, 1.5865525E+002, 1.5843557E+002, 1.5812979E+002, 1.5813341E+002, 1.5832965E+002, 1.5727019E+002, 1.5091713E+002, 1.4491081E+002, 1.4075134E+002, 1.4279923E+002, 1.4453428E+002, 1.4425696E+002, 1.5062286E+002, 1.5451124E+002, 1.5835448E+002, 1.6036470E+002, 1.6262312E+002, 1.6374865E+002, 1.6485059E+002, 1.6501320E+002, 1.6429770E+002, 1.6315586E+002, 1.6048526E+002, 1.5946806E+002, 1.6036449E+002, 1.6178684E+002, 1.6444138E+002, 1.6640847E+002, 1.6955404E+002, 1.7148811E+002, 1.7317235E+002, 1.7346588E+002, 1.7481655E+002, 1.8036322E+002, 1.9647661E+002, 2.0956612E+002, 2.2145516E+002, 2.2315035E+002, 2.1699705E+002, 2.1184687E+002, 2.1529987E+002, 2.2266048E+002, 2.3375674E+002, 2.3726427E+002, 2.3290233E+002, 2.2799349E+002, 2.1977370E+002, 2.1417863E+002, 2.0455724E+002, 1.9569995E+002, 1.9354826E+002, 2.0268445E+002, 2.2040252E+002, 2.3252643E+002, 2.4824435E+002, 2.5476651E+002, 2.5843201E+002, 2.6112878E+002, 2.6664890E+002, 2.6945004E+002, 2.6989239E+002, 2.6826538E+002, 2.9822541E+002, 3.4470233E+002, 4.1696860E+002, 4.4685361E+002, 4.4421994E+002, 4.3077977E+002, 4.1892166E+002, 4.2270322E+002, 4.2855469E+002, 4.2242206E+002, 4.2043023E+002, 4.2349148E+002, 4.1955273E+002, 4.2946064E+002, 4.3925592E+002, 4.3306218E+002, 4.1241449E+002, 3.9434299E+002, 3.6771869E+002, 3.5867300E+002, 3.4720265E+002, 3.4260410E+002, 3.3502897E+002, 3.3853510E+002, 3.3347453E+002, 3.2817310E+002, 3.2060752E+002, 3.1924048E+002, 2.8887338E+002, 2.6034781E+002, 2.8969347E+002, 2.9297352E+002, 2.6147698E+002, 2.3933290E+002, 2.1454044E+002, 2.0176882E+002, 1.7402616E+002, 1.9045338E+002, 2.1517578E+002, 2.0357577E+002, 1.8636519E+002, 1.8625881E+002, 2.0048421E+002, 2.1134604E+002, 2.2431478E+002, 2.2981736E+002, 2.3253708E+002, 2.3216935E+002, 2.3012121E+002, 2.2817029E+002, 2.2498486E+002, 2.2309625E+002, 2.2105620E+002, 2.1962364E+002, 2.1340194E+002, 2.0482684E+002, 1.8762051E+002, 1.7334907E+002, 1.6249590E+002, 1.6614741E+002, 1.7431041E+002, 1.8121386E+002, 1.7644555E+002, 1.7707959E+002, 2.0350105E+002, 2.1811283E+002, 2.2667078E+002, 2.2371869E+002, 2.1384019E+002, 2.0648131E+002, 1.9459730E+002, 2.0123435E+002, 2.1599953E+002, 2.2710420E+002, 2.3442089E+002, 2.1934672E+002, 1.9978770E+002, 2.0098524E+002, 7.9180151E+001, 1.4043850E+002, 1.3835203E+002, 1.3444417E+002, 1.4180398E+002, 1.4477731E+002, 1.4674940E+002, 1.4736202E+002, 1.4738154E+002, 1.4408683E+002, 1.3990244E+002, 1.5017211E+002, 1.6584950E+002, 1.7157354E+002, 1.7128791E+002, 1.6980869E+002, 1.6735341E+002, 1.6598115E+002, 1.6410485E+002, 1.6284841E+002, 1.6070582E+002, 1.5915098E+002, 1.5666321E+002, 1.5480981E+002, 1.5359754E+002, 1.5497021E+002, 1.5188467E+002, 1.4924949E+002, 1.5102246E+002, 1.5320882E+002, 1.5288856E+002, 1.5193984E+002, 1.5711297E+002, 1.6009842E+002, 1.6219196E+002, 1.6274499E+002, 1.6282527E+002, 1.6236053E+002, 1.6143130E+002, 1.6133600E+002, 1.6299691E+002, 1.6521014E+002, 1.6602410E+002, 1.6475112E+002, 1.6388306E+002, 1.6447942E+002, 1.6670912E+002, 1.6903895E+002, 1.7285634E+002, 1.7489972E+002, 1.7643475E+002, 1.7644479E+002, 1.7748928E+002, 1.8370701E+002, 2.0261897E+002, 2.1733524E+002, 2.2887251E+002, 2.2943152E+002, 2.2263021E+002, 2.1782126E+002, 2.2027284E+002, 2.2723219E+002, 2.3611067E+002, 2.3732026E+002, 2.3063374E+002, 2.2577338E+002, 2.1918982E+002, 2.1493093E+002, 2.1300652E+002, 2.1490363E+002, 2.1376914E+002, 2.1197168E+002, 2.1043578E+002, 2.1879531E+002, 2.3830910E+002, 2.4413939E+002, 2.4170269E+002, 2.4131726E+002, 2.5326510E+002, 2.6399617E+002, 2.7221874E+002, 2.7265100E+002, 3.2081606E+002, 3.9135479E+002, 4.4005770E+002, 4.4217880E+002, 4.3078613E+002, 4.2509064E+002, 4.0038721E+002, 3.8959145E+002, 4.1800347E+002, 4.1833769E+002, 4.2325774E+002, 4.4567506E+002
 2.6400682E+002, 7.6750580E+001, 1.2143600E+002, 1.2393895E+002, 1.2007435E+002, 1.3714483E+002, 1.3925937E+002, 1.3811016E+002, 1.3520268E+002, 1.4036495E+002, 1.4781401E+002, 1.5844104E+002, 1.6093702E+002, 1.6012662E+002, 1.5926352E+002, 1.5797320E+002, 1.5696206E+002, 1.5590162E+002, 1.5537142E+002, 1.5472309E+002, 1.5430097E+002, 1.5378395E+002, 1.5354842E+002, 1.5334160E+002, 1.5240786E+002, 1.4727909E+002, 1.4272197E+002, 1.3983339E+002, 1.4092331E+002, 1.4265445E+002, 1.4364138E+002, 1.4821801E+002, 1.5195430E+002, 1.5587369E+002, 1.5781915E+002, 1.5971601E+002, 1.6018457E+002, 1.6008736E+002, 1.5977937E+002, 1.5902813E+002, 1.5837657E+002, 1.5726493E+002, 1.5707505E+002, 1.5831298E+002, 1.5991027E+002, 1.6254053E+002, 1.6445121E+002, 1.6724595E+002, 1.6854353E+002, 1.6930638E+002, 1.6973370E+002, 1.7740467E+002, 1.8780746E+002, 2.0549262E+002, 2.1281361E+002, 2.1372618E+002, 2.0946118E+002, 2.0927526E+002, 2.1351059E+002, 2.2048829E+002, 2.2511766E+002, 2.2656802E+002, 2.2397594E+002, 2.1821169E+002, 2.1402039E+002, 2.0746611E+002, 2.0296317E+002, 1.9615220E+002, 1.9109655E+002, 2.0021154E+002, 2.1067825E+002, 2.2848980E+002, 2.3675543E+002, 2.4384532E+002, 2.4623462E+002, 2.5075063E+002, 2.5405218E+002, 2.5756200E+002, 2.5805740E+002, 2.9830976E+002, 3.3401156E+002, 3.6652134E+002, 3.8027972E+002, 3.9695638E+002, 3.9386551E+002, 3.8210890E+002, 3.8084348E+002, 3.8453654E+002, 3.8829463E+002, 3.9323714E+002, 3.9250144E+002, 3.8844739E+002, 3.8852791E+002, 3.8832089E+002, 3.9603429E+002, 4.0091588E+002, 3.9205157E+002, 3.9059181E+002, 3.9259132E+002, 3.5111960E+002, 3.1843011E+002, 3.4135877E+002, 3.4496683E+002, 3.4678709E+002, 3.3464551E+002, 3.2220522E+002, 2.8912227E+002, 2.9139968E+002, 2.9968950E+002, 2.9288701E+002, 2.9075443E+002, 2.8873207E+002, 2.9223438E+002, 2.8005689E+002, 2.7069889E+002, 2.7522509E+002, 2.9362760E+002, 2.9893843E+002, 2.9291651E+002, 2.7827180E+002, 2.4213517E+002, 2.0251391E+002, 1.8153609E+002, 1.7968749E+002, 2.1318827E+002, 2.2486928E+002, 2.2605066E+002, 2.2440688E+002, 2.2248955E+002, 2.1987511E+002, 2.1859588E+002, 2.1702550E+002, 2.1607619E+002, 2.1519110E+002, 2.1508662E+002, 2.1361916E+002, 2.1157577E+002, 2.0779274E+002, 2.0202743E+002, 1.8697942E+002, 1.7357275E+002, 1.6057547E+002, 1.5642375E+002, 1.5057947E+002, 1.5026145E+002, 1.5928036E+002, 1.6497151E+002, 1.8546267E+002, 1.9340163E+002, 2.0456551E+002, 2.1777910E+002, 2.3491850E+002, 2.4177853E+002, 2.4429595E+002, 2.3632602E+002, 2.2406319E+002, 2.1341501E+002, 1.9647963E+002, 2.0258781E+002, 2.2504775E+002, 2.1506917E+002, 5.1487969E+001, 8.4257490E+001, 1.3135091E+002, 1.3844705E+002, 1.4507435E+002, 1.4548486E+002, 1.4351572E+002, 1.4070927E+002, 1.4760780E+002, 1.5487940E+002, 1.6641803E+002, 1.6874974E+002, 1.6728720E+002, 1.6584607E+002, 1.6386434E+002, 1.6271437E+002, 1.6116846E+002, 1.6000841E+002, 1.5799169E+002, 1.5668548E+002, 1.5477758E+002, 1.5339836E+002, 1.5159328E+002, 1.5067634E+002, 1.4909084E+002, 1.4830409E+002, 1.4959263E+002, 1.5127836E+002, 1.5197207E+002, 1.5264217E+002, 1.5590875E+002, 1.5893645E+002, 1.6111560E+002, 1.6152672E+002, 1.6129506E+002, 1.6051963E+002, 1.5902134E+002, 1.5852238E+002, 1.5893254E+002, 1.6003958E+002, 1.6189621E+002, 1.6239351E+002, 1.6258666E+002, 1.6321668E+002, 1.6526906E+002, 1.6741843E+002, 1.7114811E+002, 1.7282028E+002, 1.7368321E+002, 1.7394998E+002, 1.8202520E+002, 1.9347332E+002, 2.1255527E+002, 2.2029658E+002, 2.2119350E+002, 2.1645811E+002, 2.1444660E+002, 2.1863305E+002, 2.2577866E+002, 2.2960511E+002, 2.3008797E+002, 2.2671365E+002, 2.1950565E+002, 2.1494291E+002, 2.1053677E+002, 2.0707589E+002, 2.0384931E+002, 2.0309649E+002, 2.0799468E+002, 2.1184447E+002, 2.1890012E+002, 2.2472246E+002, 2.3587046E+002, 2.4205497E+002, 2.4418110E+002, 2.4578977E+002, 2.4942194E+002, 2.5494477E+002, 2.9848785E+002, 3.4097569E+002, 3.8685395E+002, 4.0093051E+002, 4.1501026E+002, 4.0248273E+002, 3.7691775E+002, 3.4715485E+002, 3.5244704E+002, 3.5191617E+002, 3.7131948E+002, 3.9198778E+002, 4.0370102E+002, 4.2278544E+002, 4.0299037E+002, 3.6291047E+002
 2.6501233E+002, 7.3481945E+001, 1.1574271E+002, 1.1453674E+002, 1.2733102E+002, 1.3377291E+002, 1.3328248E+002, 1.4370915E+002, 1.5060841E+002, 1.5763295E+002, 1.5729716E+002, 1.5566419E+002, 1.5503095E+002, 1.5377315E+002, 1.5314728E+002, 1.5242937E+002, 1.5186000E+002, 1.5104268E+002, 1.5059137E+002, 1.5007168E+002, 1.4986151E+002, 1.4926847E+002, 1.4774488E+002, 1.4244490E+002, 1.3954816E+002, 1.3849736E+002, 1.3953025E+002, 1.4133601E+002, 1.4411770E+002, 1.4797177E+002, 1.5064870E+002, 1.5328664E+002, 1.5470371E+002, 1.5602489E+002, 1.5598499E+002, 1.5556660E+002, 1.5521865E+002, 1.5478404E+002, 1.5457140E+002, 1.5456180E+002, 1.5516064E+002, 1.5709654E+002, 1.5883572E+002, 1.6156540E+002, 1.6336353E+002, 1.6522607E+002, 1.6568837E+002, 1.6726607E+002, 1.7295294E+002, 1.8798406E+002, 1.9881950E+002, 2.0893492E+002, 2.0850358E+002, 2.0348947E+002, 2.0594340E+002, 2.1173029E+002, 2.1645784E+002, 2.1959582E+002, 2.1706395E+002, 2.1110198E+002, 2.0727232E+002, 2.0229906E+002, 1.9931601E+002, 1.9519563E+002, 1.9259827E+002, 1.8989155E+002, 1.9507883E+002, 2.0829532E+002, 2.1814704E+002, 2.3109838E+002, 2.3381351E+002, 2.3779475E+002, 2.4091718E+002, 2.4440308E+002, 2.4460571E+002, 2.7938749E+002, 3.1350324E+002, 3.4520556E+002, 3.6239825E+002, 3.7009566E+002, 3.6236687E+002, 3.4400420E+002, 3.4025437E+002, 3.4496469E+002, 3.5024763E+002, 3.5703286E+002, 3.6487594E+002, 3.5820548E+002, 3.5523174E+002, 3.5360151E+002, 3.5559713E+002, 3.5856769E+002, 3.6204699E+002, 3.6717670E+002, 3.6925117E+002, 3.6944365E+002, 3.6846910E+002, 3.3536972E+002, 3.1535247E+002, 3.1313386E+002, 3.0249304E+002, 3.0299030E+002, 3.1036287E+002, 3.0444136E+002, 2.4456042E+002, 2.5876338E+002, 2.2809907E+002, 2.0144843E+002, 2.1275825E+002, 2.4899121E+002, 2.6530547E+002, 2.7006963E+002, 2.7135571E+002, 2.7171892E+002, 2.7760680E+002, 2.6577504E+002, 2.6269956E+002, 2.6419710E+002, 2.8251795E+002, 3.0578480E+002, 3.0434162E+002, 3.0044139E+002, 2.8929305E+002, 2.3908091E+002, 2.1874633E+002, 2.0819004E+002, 2.1119850E+002, 2.1086327E+002, 2.1068292E+002, 2.1221898E+002, 2.1356293E+002, 2.1445263E+002, 2.1477773E+002, 2.1380494E+002, 2.1092896E+002, 2.0562568E+002, 2.0247097E+002, 1.9661217E+002, 1.9274660E+002, 1.8759178E+002, 1.8464986E+002, 1.8253212E+002, 1.7878185E+002, 1.6898215E+002, 1.6249312E+002, 1.5428881E+002, 1.5009262E+002, 1.4800559E+002, 1.6397359E+002, 1.9356269E+002, 2.0072098E+002, 2.2781753E+002, 2.3269087E+002, 2.3209865E+002, 2.3308417E+002, 2.3611224E+002, 2.3853819E+002, 2.4067922E+002, 2.3584451E+002, 2.1335218E+002, 2.0571801E+002, 5.8033884E+001, 9.3397299E+001, 1.3118315E+002, 1.4266740E+002, 1.3975993E+002, 1.4029074E+002, 1.5168183E+002, 1.5886459E+002, 1.6536579E+002, 1.6456344E+002, 1.6259512E+002, 1.6151350E+002, 1.6001468E+002, 1.5916875E+002, 1.5784820E+002, 1.5684662E+002, 1.5527699E+002, 1.5440465E+002, 1.5306080E+002, 1.5197279E+002, 1.4991736E+002, 1.4838771E+002, 1.4667120E+002, 1.4696282E+002, 1.4833313E+002, 1.4937999E+002, 1.5085949E+002, 1.5329086E+002, 1.5653006E+002, 1.5851103E+002, 1.5937513E+002, 1.5945015E+002, 1.5890258E+002, 1.5816069E+002, 1.5671029E+002, 1.5608129E+002, 1.5690593E+002, 1.5792368E+002, 1.5957816E+002, 1.6052782E+002, 1.6145149E+002, 1.6239611E+002, 1.6461297E+002, 1.6661162E+002, 1.6923103E+002, 1.7025812E+002, 1.7203759E+002, 1.7800474E+002, 1.9401915E+002, 2.0508970E+002, 2.1535181E+002, 2.1521907E+002, 2.1045420E+002, 2.1209747E+002, 2.1803452E+002, 2.2246406E+002, 2.2594546E+002, 2.2353738E+002, 2.1623309E+002, 2.1086182E+002, 2.0368595E+002, 2.0036992E+002, 1.9788117E+002, 1.9712045E+002, 1.9804098E+002, 2.0211830E+002, 2.1433531E+002, 2.1987024E+002, 2.2679642E+002, 2.2798172E+002, 2.2828442E+002, 2.3527149E+002, 2.4237033E+002, 2.4487789E+002, 2.7541180E+002, 3.1200139E+002, 3.5311375E+002, 3.7398096E+002, 3.9382670E+002, 3.8754744E+002, 3.6945294E+002, 3.4965744E+002, 3.1976637E+002, 3.0365102E+002, 2.7391457E+002, 2.8202552E+002, 3.7291313E+002, 3.8983954E+002, 3.6688354E+002, 3.5779875E+002, 3.3908325E+002, 3.1615694E+002, 3.2672933E+002, 3.4644223E+002
 2.6601226E+002, 6.3790767E+001, 1.1664854E+002, 1.1508477E+002, 1.2673265E+002, 1.4017839E+002, 1.5000296E+002, 1.5438053E+002, 1.5287990E+002, 1.5147780E+002, 1.5089110E+002, 1.4977990E+002, 1.4951692E+002, 1.4881595E+002, 1.4832599E+002, 1.4774130E+002, 1.4744583E+002, 1.4713406E+002, 1.4684456E+002, 1.4567131E+002, 1.4365506E+002, 1.3954940E+002, 1.3769923E+002, 1.3673082E+002, 1.3815668E+002, 1.4086058E+002, 1.4358134E+002, 1.4792207E+002, 1.4970214E+002, 1.4990745E+002, 1.5056568E+002, 1.5184799E+002, 1.5192622E+002, 1.5185974E+002, 1.5171509E+002, 1.5168491E+002, 1.5188544E+002, 1.5248946E+002, 1.5315740E+002, 1.5518055E+002, 1.5711968E+002, 1.5994853E+002, 1.6124875E+002, 1.6209473E+002, 1.6401266E+002, 1.7294465E+002, 1.8141858E+002, 1.9558428E+002, 2.0239520E+002, 2.0333529E+002, 2.0143122E+002, 2.0273606E+002, 2.0433033E+002, 2.1229926E+002, 2.1336404E+002, 2.0882090E+002, 2.0453166E+002, 1.9860070E+002, 1.9519204E+002, 1.9069250E+002, 1.8828826E+002, 1.8644717E+002, 1.8897404E+002, 1.9741529E+002, 2.0342416E+002, 2.1510605E+002, 2.2275382E+002, 2.2625458E+002, 2.2834452E+002, 2.3185047E+002, 2.3304543E+002, 2.5318393E+002, 2.7740597E+002, 3.0237495E+002, 3.2170104E+002, 3.5119762E+002, 3.4245290E+002, 3.2336388E+002, 3.1567136E+002, 3.1757993E+002, 3.1900789E+002, 3.2247811E+002, 3.2747441E+002, 3.3357143E+002, 3.3453050E+002, 3.3014170E+002, 3.2434194E+002, 3.2719766E+002, 3.3344288E+002, 3.3956831E+002, 3.4079059E+002, 3.4097432E+002, 3.4376111E+002, 3.3910421E+002, 3.2325060E+002, 3.0758510E+002, 2.8280918E+002, 2.8843192E+002, 2.8542021E+002, 2.7167624E+002, 2.6471804E+002, 2.6499592E+002, 2.4628807E+002, 2.3329341E+002, 2.7373541E+002, 3.3572731E+002, 3.0755782E+002, 2.6927403E+002, 2.5738367E+002, 2.1581570E+002, 1.9167217E+002, 2.1971262E+002, 2.4069379E+002, 2.5339302E+002, 2.5475564E+002, 2.5413238E+002, 2.6373501E+002, 2.5998674E+002, 2.4433109E+002, 2.9148030E+002, 2.8732084E+002, 2.8098583E+002, 2.8310669E+002, 2.8287171E+002, 2.8415307E+002, 2.5858590E+002, 2.3199666E+002, 1.9485595E+002, 2.0302584E+002, 2.0747917E+002, 2.0115770E+002, 1.9357509E+002, 1.9192716E+002, 1.9299653E+002, 1.9537370E+002, 1.9910550E+002, 2.0089161E+002, 2.0281754E+002, 2.0374340E+002, 2.0350258E+002, 2.0123957E+002, 1.9475104E+002, 1.8947860E+002, 1.8520069E+002, 1.8260965E+002, 1.7632727E+002, 1.7208537E+002, 1.6838354E+002, 1.6395580E+002, 1.5989013E+002, 1.7864357E+002, 2.2061400E+002, 2.2346627E+002, 2.1331829E+002, 2.1701965E+002, 2.2832921E+002, 2.3075999E+002, 2.3239277E+002, 2.3213470E+002, 2.3073132E+002, 2.2876848E+002, 5.7009905E+001, 1.1793624E+002, 1.3379316E+002, 1.4028156E+002, 1.5007573E+002, 1.5996266E+002, 1.6189801E+002, 1.6034801E+002, 1.5843675E+002, 1.5762057E+002, 1.5646556E+002, 1.5579584E+002, 1.5459453E+002, 1.5379919E+002, 1.5293818E+002, 1.5254564E+002, 1.5191289E+002, 1.5111744E+002, 1.4878973E+002, 1.4691457E+002, 1.4542531E+002, 1.4572578E+002, 1.4700850E+002, 1.4804156E+002, 1.5038103E+002, 1.5278760E+002, 1.5648648E+002, 1.5735697E+002, 1.5685694E+002, 1.5655570E+002, 1.5611705E+002, 1.5573682E+002, 1.5488645E+002, 1.5407293E+002, 1.5357862E+002, 1.5441637E+002, 1.5722917E+002, 1.5887750E+002, 1.6040250E+002, 1.6156630E+002, 1.6380488E+002, 1.6515399E+002, 1.6657001E+002, 1.6868065E+002, 1.7822188E+002, 1.8693486E+002, 2.0099169E+002, 2.0799726E+002, 2.0928363E+002, 2.0809024E+002, 2.1008486E+002, 2.1224227E+002, 2.1915620E+002, 2.2091075E+002, 2.1640866E+002, 2.1157548E+002, 2.0422562E+002, 1.9955294E+002, 1.9395113E+002, 1.9127843E+002, 1.9034640E+002, 1.9329400E+002, 2.0211606E+002, 2.0883289E+002, 2.1836131E+002, 2.2406833E+002, 2.2421044E+002, 2.2116990E+002, 2.2102968E+002, 2.2523729E+002, 2.5027234E+002, 2.7852608E+002, 3.0491030E+002, 3.2124460E+002, 3.5593400E+002, 3.6192827E+002, 3.5574626E+002, 3.4396086E+002, 3.2567409E+002, 3.1495220E+002, 2.9421354E+002, 2.8090728E+002, 2.8763054E+002, 2.9812185E+002, 2.9806248E+002, 3.0852714E+002, 3.1995210E+002, 3.0898609E+002, 3.0629083E+002, 3.1346241E+002, 3.1148051E+002, 3.1246032E+002, 2.7573814E+002, 2.9098059E+002
 2.6700769E+002, 5.6857702E+001, 1.1414290E+002, 1.1954422E+002, 1.3716188E+002, 1.5074265E+002, 1.4849238E+002, 1.4749170E+002, 1.4663339E+002, 1.4602697E+002, 1.4569663E+002, 1.4529175E+002, 1.4510927E+002, 1.4496622E+002, 1.4492441E+002, 1.4470522E+002, 1.4424890E+002, 1.4246374E+002, 1.4001313E+002, 1.3625990E+002, 1.3468346E+002, 1.3626285E+002, 1.3775339E+002, 1.4027351E+002, 1.4324021E+002, 1.4831300E+002, 1.4875949E+002, 1.4727574E+002, 1.4679027E+002, 1.4764091E+002, 1.4808959E+002, 1.4870051E+002, 1.4875289E+002, 1.4904661E+002, 1.4951393E+002, 1.5072767E+002, 1.5166018E+002, 1.5335599E+002, 1.5507277E+002, 1.5764559E+002, 1.5859019E+002, 1.6046384E+002, 1.6567237E+002, 1.7857735E+002, 1.8995962E+002, 2.0023794E+002, 1.9934531E+002, 1.9621456E+002, 1.9624101E+002, 1.9940713E+002, 2.0670478E+002, 2.0734892E+002, 2.0369938E+002, 1.9750572E+002, 1.9348534E+002, 1.8845988E+002, 1.8570117E+002, 1.8237420E+002, 1.8185302E+002, 1.8678981E+002, 1.9232610E+002, 2.0434711E+002, 2.1271881E+002, 2.1799460E+002, 2.1896554E+002, 2.1999006E+002, 2.2077361E+002, 2.3685379E+002, 2.5388639E+002, 2.7399914E+002, 2.9046957E+002, 3.2673914E+002, 3.2280483E+002, 3.0879434E+002, 3.0418055E+002, 2.9824547E+002, 2.9795352E+002, 2.9990618E+002, 3.0201027E+002, 3.0775938E+002, 3.0840788E+002, 3.0796257E+002, 3.0057552E+002, 2.9483366E+002, 2.9526108E+002, 2.9551028E+002, 3.0377556E+002, 3.1499453E+002, 3.1933576E+002, 3.0684850E+002, 2.9883805E+002, 2.9013523E+002, 2.7271088E+002, 2.6582482E+002, 2.6977552E+002, 2.8241951E+002, 2.7958396E+002, 2.6405805E+002, 2.5753823E+002, 2.3967294E+002, 2.5164749E+002, 2.8057247E+002, 3.3872059E+002, 2.3489933E+002, 2.4436428E+002, 2.7395439E+002, 2.3074744E+002, 2.0496173E+002, 2.0804757E+002, 2.2436185E+002, 2.3754694E+002, 2.2074282E+002, 2.0741157E+002, 2.0841957E+002, 2.3796272E+002, 2.3822923E+002, 2.3151558E+002, 2.4762876E+002, 2.3802833E+002, 2.7295120E+002, 2.7210137E+002, 2.6833501E+002, 2.7193263E+002, 2.7229987E+002, 2.7658503E+002, 2.8945820E+002, 2.8681030E+002, 2.7509947E+002, 2.4534827E+002, 2.0184062E+002, 1.6071020E+002, 1.9156629E+002, 2.0189993E+002, 2.0678905E+002, 2.0707390E+002, 2.0580053E+002, 2.0461747E+002, 2.0319816E+002, 2.0255783E+002, 2.0193399E+002, 2.0140351E+002, 1.9914977E+002, 1.9907533E+002, 1.9673984E+002, 1.9173591E+002, 1.8471151E+002, 1.8142397E+002, 1.7565154E+002, 1.7252915E+002, 1.7125966E+002, 1.7064899E+002, 1.7963363E+002, 2.0220153E+002, 1.9131542E+002, 1.8423990E+002, 1.9223551E+002, 2.0618138E+002, 2.1973765E+002, 2.2401905E+002, 2.2628355E+002, 2.2644565E+002, 5.5362406E+001, 1.2621643E+002, 1.3691240E+002, 1.5448452E+002, 1.5843663E+002, 1.5623565E+002, 1.5455720E+002, 1.5392392E+002, 1.5283041E+002, 1.5223520E+002, 1.5146332E+002, 1.5114167E+002, 1.5099037E+002, 1.5104692E+002, 1.5069983E+002, 1.4970556E+002, 1.4711692E+002, 1.4509665E+002, 1.4374423E+002, 1.4422506E+002, 1.4632792E+002, 1.4746244E+002, 1.4977864E+002, 1.5264380E+002, 1.5586996E+002, 1.5580601E+002, 1.5445492E+002, 1.5317437E+002, 1.5308582E+002, 1.5324559E+002, 1.5306440E+002, 1.5229146E+002, 1.5121401E+002, 1.5159956E+002, 1.5418042E+002, 1.5652921E+002, 1.5931745E+002, 1.6057071E+002, 1.6248782E+002, 1.6335273E+002, 1.6546260E+002, 1.7103417E+002, 1.8408620E+002, 1.9535350E+002, 2.0579578E+002, 2.0473372E+002, 2.0310479E+002, 2.0427154E+002, 2.0917189E+002, 2.1559938E+002, 2.1512950E+002, 2.1148333E+002, 2.0538897E+002, 2.0089111E+002, 1.9431305E+002, 1.9053635E+002, 1.8655587E+002, 1.8589968E+002, 1.9047531E+002, 1.9656678E+002, 2.0873024E+002, 2.1676931E+002, 2.2245735E+002, 2.2129177E+002, 2.1677806E+002, 2.1318317E+002, 2.2238743E+002, 2.3943768E+002, 2.7226334E+002, 2.9072775E+002, 3.2936087E+002, 3.2871291E+002, 3.1502392E+002, 3.1545936E+002, 3.2289804E+002, 3.2176941E+002, 2.9735322E+002, 2.8266047E+002, 2.7981802E+002, 2.8567378E+002, 2.9624415E+002, 3.0051266E+002, 2.9348903E+002, 2.8996178E+002, 2.4638381E+002, 2.4968388E+002, 3.0541595E+002, 2.9879561E+002, 2.8401837E+002, 2.5116718E+002, 2.5402979E+002, 2.4774337E+002, 3.1022449E+002, 3.6169198E+002
 2.6800176E+002, 4.7763374E+001, 1.0768062E+002, 1.3395185E+002, 1.4485419E+002, 1.4187235E+002, 1.4143477E+002, 1.4180154E+002, 1.4193594E+002, 1.4225053E+002, 1.4246747E+002, 1.4278452E+002, 1.4282544E+002, 1.4244935E+002, 1.4178627E+002, 1.3980748E+002, 1.3734627E+002, 1.3335244E+002, 1.3219722E+002, 1.3535385E+002, 1.3654655E+002, 1.3988714E+002, 1.4433248E+002, 1.4751887E+002, 1.4741945E+002, 1.4547186E+002, 1.4378980E+002, 1.4326057E+002, 1.4448135E+002, 1.4597588E+002, 1.4628540E+002, 1.4679368E+002, 1.4750816E+002, 1.4904371E+002, 1.5015747E+002, 1.5166584E+002, 1.5285991E+002, 1.5511049E+002, 1.5570506E+002, 1.5990911E+002, 1.6644242E+002, 1.8476060E+002, 1.9445635E+002, 1.9445948E+002, 1.9149297E+002, 1.9028170E+002, 1.9313133E+002, 2.0123580E+002, 2.0146635E+002, 1.9708313E+002, 1.9349724E+002, 1.8802748E+002, 1.8473563E+002, 1.8069464E+002, 1.7860748E+002, 1.7812354E+002, 1.8083493E+002, 1.8937305E+002, 1.9936006E+002, 2.0953430E+002, 2.1091028E+002, 2.1005577E+002, 2.1319914E+002, 2.2842732E+002, 2.4047170E+002, 2.6293533E+002, 2.8644555E+002, 3.0735518E+002, 3.0438197E+002, 2.9374477E+002, 2.8854052E+002, 2.8760015E+002, 2.8937767E+002, 2.8951487E+002, 2.8735721E+002, 2.8629619E+002, 2.8703376E+002, 2.8876675E+002, 2.8870306E+002, 2.8658607E+002, 2.8220638E+002, 2.7333856E+002, 2.7082823E+002, 2.8049133E+002, 2.8547842E+002, 2.8361245E+002, 2.8554548E+002, 2.8241987E+002, 2.6571888E+002, 2.6189779E+002, 2.7012317E+002, 2.7579127E+002, 2.8112536E+002, 2.8230831E+002, 2.7417331E+002, 2.5831868E+002, 2.4476831E+002, 2.5646560E+002, 2.6762841E+002, 3.1291916E+002, 3.6026363E+002, 3.7634962E+002, 4.3029145E+002, 2.5633886E+002, 2.4102099E+002, 2.1493139E+002, 2.1193277E+002, 2.0262818E+002, 2.0040580E+002, 1.8914523E+002, 1.8450813E+002, 1.8470661E+002, 1.9281762E+002, 2.0653605E+002, 1.9827619E+002, 2.1316922E+002, 2.1454621E+002, 2.2541680E+002, 2.4006584E+002, 2.4724966E+002, 2.4645354E+002, 2.4735390E+002, 2.5137736E+002, 2.5869005E+002, 2.5896674E+002, 2.6893893E+002, 2.8079187E+002, 2.7897340E+002, 2.6940343E+002, 2.6204201E+002, 2.3116401E+002, 1.8843152E+002, 1.9177642E+002, 1.9290182E+002, 1.9416771E+002, 1.9696194E+002, 1.9937000E+002, 2.0354314E+002, 2.0640384E+002, 2.1030856E+002, 2.1259706E+002, 2.1518326E+002, 2.1535054E+002, 2.0995865E+002, 2.0246758E+002, 1.9693280E+002, 1.9528290E+002, 1.8865189E+002, 1.8301977E+002, 1.7473811E+002, 1.6829056E+002, 1.6841768E+002, 1.7056107E+002, 1.8568481E+002, 1.7767227E+002, 1.7566335E+002, 1.7910744E+002, 1.9101168E+002, 2.0137835E+002, 2.1321043E+002, 2.1527143E+002, 5.0557496E+001, 1.2580242E+002, 1.4603303E+002, 1.5412424E+002, 1.4963864E+002, 1.4962860E+002, 1.4903490E+002, 1.4886321E+002, 1.4885570E+002, 1.4907227E+002, 1.4941920E+002, 1.4947038E+002, 1.4881375E+002, 1.4770918E+002, 1.4537063E+002, 1.4359810E+002, 1.4222749E+002, 1.4272688E+002, 1.4498643E+002, 1.4620616E+002, 1.5004945E+002, 1.5283158E+002, 1.5391022E+002, 1.5358007E+002, 1.5238461E+002, 1.5083892E+002, 1.4986321E+002, 1.5058817E+002, 1.5150384E+002, 1.5105545E+002, 1.4973082E+002, 1.4948442E+002, 1.5143948E+002, 1.5387293E+002, 1.5804243E+002, 1.5930601E+002, 1.6090493E+002, 1.6119395E+002, 1.6536781E+002, 1.7215485E+002, 1.9061573E+002, 2.0063196E+002, 2.0028702E+002, 1.9770098E+002, 1.9865998E+002, 2.0354953E+002, 2.1171075E+002, 2.1045791E+002, 2.0533775E+002, 2.0198718E+002, 1.9634265E+002, 1.9234805E+002, 1.8689736E+002, 1.8419988E+002, 1.8289791E+002, 1.8486346E+002, 1.9224314E+002, 2.0152584E+002, 2.1419691E+002, 2.1865075E+002, 2.1694458E+002, 2.1550766E+002, 2.1828590E+002, 2.2405342E+002, 2.4135223E+002, 2.6499121E+002, 3.0524218E+002, 3.0642436E+002, 3.0036702E+002, 2.9321445E+002, 2.8789781E+002, 2.8926915E+002, 2.9661650E+002, 2.9768696E+002, 2.8086865E+002, 2.7691927E+002, 2.7430346E+002, 2.7722377E+002, 2.9039468E+002, 2.9133843E+002, 2.7893068E+002, 2.6990167E+002, 2.7002674E+002, 2.6557732E+002, 2.3790131E+002, 2.5112382E+002, 2.5450574E+002, 2.4115036E+002, 2.4029710E+002, 3.0820590E+002, 3.5542954E+002, 3.6085306E+002, 3.8238369E+002, 3.4788514E+002
 2.6900160E+002, 5.5181522E+001, 1.1576286E+002, 1.4115038E+002, 1.3804355E+002, 1.3530511E+002, 1.3617697E+002, 1.3890045E+002, 1.4015904E+002, 1.4097035E+002, 1.4095048E+002, 1.4012602E+002, 1.3927214E+002, 1.3691524E+002, 1.3414842E+002, 1.3091995E+002, 1.3205550E+002, 1.3373525E+002, 1.3475086E+002, 1.4241167E+002, 1.4491748E+002, 1.4546828E+002, 1.4531562E+002, 1.4312021E+002, 1.4092790E+002, 1.3956728E+002, 1.4142119E+002, 1.4378632E+002, 1.4445176E+002, 1.4515892E+002, 1.4600526E+002, 1.4767292E+002, 1.4892283E+002, 1.5072454E+002, 1.5172933E+002, 1.5275235E+002, 1.5240062E+002, 1.5900779E+002, 1.7518790E+002, 1.9197642E+002, 1.9192056E+002, 1.8545418E+002, 1.8367269E+002, 1.9180712E+002, 1.9712012E+002, 1.9534179E+002, 1.9214063E+002, 1.8725337E+002, 1.8439217E+002, 1.7965630E+002, 1.7683797E+002, 1.7409897E+002, 1.7310356E+002, 1.7700189E+002, 1.8619461E+002, 2.0114622E+002, 2.0585729E+002, 2.0558144E+002, 2.0269067E+002, 2.1099658E+002, 2.2536499E+002, 2.6677589E+002, 2.8531552E+002, 2.8800482E+002, 2.8304528E+002, 2.7598442E+002, 2.7497505E+002, 2.7593863E+002, 2.7568968E+002, 2.7432652E+002, 2.7385212E+002, 2.7352456E+002, 2.7318034E+002, 2.7345070E+002, 2.7425685E+002, 2.7534756E+002, 2.7489012E+002, 2.6843515E+002, 2.6147688E+002, 2.5836691E+002, 2.6336875E+002, 2.6463400E+002, 2.6058478E+002, 2.6347450E+002, 2.6008914E+002, 2.5284261E+002, 2.5777082E+002, 2.5255954E+002, 2.4207628E+002, 2.6007723E+002, 2.5038997E+002, 2.4033944E+002, 2.3319584E+002, 2.2881258E+002, 2.3903783E+002, 2.5934487E+002, 3.0368764E+002, 3.1322675E+002, 3.1415001E+002, 3.4393770E+002, 3.5589409E+002, 3.5313305E+002, 3.1775697E+002, 2.3634340E+002, 2.2865516E+002, 2.2415308E+002, 2.0949284E+002, 2.0835874E+002, 2.1413570E+002, 2.0841638E+002, 1.9149873E+002, 1.7988088E+002, 1.7823166E+002, 1.7829414E+002, 1.7932055E+002, 1.8543434E+002, 1.8858614E+002, 1.9226499E+002, 2.2383224E+002, 2.3438443E+002, 2.3280434E+002, 2.3154252E+002, 2.3101218E+002, 2.3224013E+002, 2.3511800E+002, 2.4032146E+002, 2.4516990E+002, 2.4607195E+002, 2.5323972E+002, 2.4387164E+002, 2.4517346E+002, 2.2243916E+002, 1.8720899E+002, 1.9842543E+002, 2.0553286E+002, 2.1118740E+002, 2.1334176E+002, 2.1408814E+002, 2.1318911E+002, 2.1057533E+002, 2.0827419E+002, 2.0413793E+002, 2.0116418E+002, 1.9655891E+002, 1.9287806E+002, 1.8971158E+002, 1.8456529E+002, 1.7862443E+002, 1.7911929E+002, 1.8222008E+002, 1.8098067E+002, 1.7402244E+002, 1.6633993E+002, 1.6250640E+002, 1.7002807E+002, 1.7059641E+002, 1.7180410E+002, 1.7831459E+002, 1.8174494E+002, 1.9004302E+002, 1.9686236E+002, 6.3020092E+001, 1.3268891E+002, 1.5100984E+002, 1.4430434E+002, 1.4330015E+002, 1.4396902E+002, 1.4613584E+002, 1.4711668E+002, 1.4775766E+002, 1.4750154E+002, 1.4621784E+002, 1.4479159E+002, 1.4252048E+002, 1.4136113E+002, 1.4113834E+002, 1.4218678E+002, 1.4341125E+002, 1.4565352E+002, 1.5119915E+002, 1.5192419E+002, 1.5149057E+002, 1.5104607E+002, 1.4981809E+002, 1.4820600E+002, 1.4679919E+002, 1.4805614E+002, 1.5006595E+002, 1.5055989E+002, 1.4867257E+002, 1.4820358E+002, 1.4894472E+002, 1.5067993E+002, 1.5604343E+002, 1.5866575E+002, 1.5914548E+002, 1.5839696E+002, 1.6529540E+002, 1.8116394E+002, 1.9802590E+002, 1.9765316E+002, 1.9159266E+002, 1.9162404E+002, 2.0267883E+002, 2.0779598E+002, 2.0488966E+002, 2.0122670E+002, 1.9621408E+002, 1.9314801E+002, 1.8799473E+002, 1.8438595E+002, 1.8047357E+002, 1.7909743E+002, 1.8144345E+002, 1.8806500E+002, 2.0049075E+002, 2.0733678E+002, 2.1454014E+002, 2.1284984E+002, 2.1640116E+002, 2.2566041E+002, 2.4814917E+002, 2.5929653E+002, 2.6826836E+002, 2.8049818E+002, 2.8103699E+002, 2.8095316E+002, 2.7866079E+002, 2.7323653E+002, 2.6297731E+002, 2.6183169E+002, 2.7350259E+002, 2.7745958E+002, 2.7173021E+002, 2.6769631E+002, 2.6262900E+002, 2.6308223E+002, 2.8086653E+002, 2.7950288E+002, 2.5173018E+002, 2.5590017E+002, 2.7026012E+002, 2.4932360E+002, 2.3234728E+002, 2.4182331E+002, 2.4698773E+002, 2.3270405E+002, 2.6899837E+002, 3.1880098E+002, 3.8366352E+002, 3.4863312E+002, 2.0146464E+002, 1.7642700E+002, 1.8264708E+002, 1.7931056E+002
 2.7000185E+002, 4.0212575E+001, 1.3153470E+002, 1.3930027E+002, 1.3072642E+002, 1.3030755E+002, 1.3550028E+002, 1.3817788E+002, 1.3848099E+002, 1.3773791E+002, 1.3678800E+002, 1.3455130E+002, 1.3253826E+002, 1.3075582E+002, 1.3148544E+002, 1.3196759E+002, 1.3412662E+002, 1.4140554E+002, 1.4282597E+002, 1.4317121E+002, 1.4291428E+002, 1.4120613E+002, 1.3927458E+002, 1.3663112E+002, 1.3775660E+002, 1.4136432E+002, 1.4289173E+002, 1.4389661E+002, 1.4461949E+002, 1.4608894E+002, 1.4738898E+002, 1.4969413E+002, 1.5080066E+002, 1.5038362E+002, 1.4923766E+002, 1.6265973E+002, 1.7863261E+002, 1.8779910E+002, 1.8536676E+002, 1.7979948E+002, 1.8231320E+002, 1.9201357E+002, 1.9405021E+002, 1.8754197E+002, 1.8410524E+002, 1.8025872E+002, 1.7799931E+002, 1.7411768E+002, 1.7182659E+002, 1.6957039E+002, 1.7081852E+002, 1.8272537E+002, 1.9252836E+002, 2.0052834E+002, 2.0235814E+002, 1.9691287E+002, 2.0323060E+002, 2.4098324E+002, 2.5887711E+002, 2.6711211E+002, 2.6482310E+002, 2.6311267E+002, 2.6366520E+002, 2.6452599E+002, 2.6362297E+002, 2.6095173E+002, 2.5993704E+002, 2.6048209E+002, 2.6138089E+002, 2.6243102E+002, 2.6268714E+002, 2.6215419E+002, 2.6102445E+002, 2.5821228E+002, 2.5619483E+002, 2.5243555E+002, 2.4983413E+002, 2.5128758E+002, 2.5593402E+002, 2.5659954E+002, 2.4900349E+002, 2.4113872E+002, 2.4156691E+002, 2.4038150E+002, 2.3598999E+002, 2.3472560E+002, 2.5570565E+002, 2.4935835E+002, 2.2754409E+002, 2.0501276E+002, 2.1213112E+002, 2.2877670E+002, 2.6189022E+002, 2.8858532E+002, 3.0042647E+002, 3.0472550E+002, 3.0607499E+002, 3.1066031E+002, 2.9871631E+002, 2.7640902E+002, 2.9169173E+002, 2.3679840E+002, 2.1871800E+002, 2.1877458E+002, 2.2447199E+002, 2.0785712E+002, 2.0421046E+002, 2.1774108E+002, 2.2221558E+002, 2.2226900E+002, 2.1762663E+002, 1.7685273E+002, 1.8896057E+002, 1.8689450E+002, 1.8300966E+002, 1.8219829E+002, 1.7306853E+002, 1.8422657E+002, 1.5205356E+002, 2.2208912E+002, 2.2754686E+002, 2.3082221E+002, 2.2707311E+002, 2.2412239E+002, 2.2402168E+002, 2.2445924E+002, 2.2531255E+002, 2.2666770E+002, 2.1194843E+002, 2.3963357E+002, 2.4086224E+002, 2.3608853E+002, 2.3124156E+002, 1.8042685E+002, 2.0258716E+002, 2.0153987E+002, 1.9559759E+002, 1.9542794E+002, 2.0171330E+002, 2.0969082E+002, 2.1279121E+002, 2.1588083E+002, 2.1802190E+002, 2.2010704E+002, 2.2138823E+002, 2.2377768E+002, 2.2412131E+002, 2.1789717E+002, 2.0878793E+002, 1.9362515E+002, 1.8494069E+002, 1.7645772E+002, 1.7242663E+002, 1.6788560E+002, 1.6306306E+002, 1.5918504E+002, 1.6454950E+002, 1.7019409E+002, 1.7302060E+002, 1.7745005E+002, 1.7484493E+002, 4.9018314E+001, 1.3522284E+002, 1.4444362E+002, 1.3666242E+002, 1.3947585E+002, 1.4332523E+002, 1.4508843E+002, 1.4489576E+002, 1.4336915E+002, 1.4203695E+002, 1.4029243E+002, 1.3982469E+002, 1.4047968E+002, 1.4124715E+002, 1.4222430E+002, 1.4583106E+002, 1.4967652E+002, 1.4987891E+002, 1.4926325E+002, 1.4871845E+002, 1.4761812E+002, 1.4654644E+002, 1.4435297E+002, 1.4514355E+002, 1.4809836E+002, 1.4920538E+002, 1.4853374E+002, 1.4757001E+002, 1.4735595E+002, 1.4806194E+002, 1.5167963E+002, 1.5567629E+002, 1.5692047E+002, 1.5601091E+002, 1.6951968E+002, 1.8483569E+002, 1.9337331E+002, 1.9097881E+002, 1.8746911E+002, 1.9188221E+002, 2.0201408E+002, 2.0333007E+002, 1.9722314E+002, 1.9401832E+002, 1.8969502E+002, 1.8713866E+002, 1.8303125E+002, 1.8018293E+002, 1.7668360E+002, 1.7687040E+002, 1.8532530E+002, 1.9354966E+002, 2.0183588E+002, 2.0614060E+002, 2.0723836E+002, 2.1361299E+002, 2.4371399E+002, 2.5651783E+002, 2.5916716E+002, 2.5419699E+002, 2.4944390E+002, 2.5302584E+002, 2.6656634E+002, 2.6872595E+002, 2.6208605E+002, 2.5704743E+002, 2.5601460E+002, 2.5984961E+002, 2.6606430E+002, 2.6668296E+002, 2.6042496E+002, 2.5430760E+002, 2.4011294E+002, 2.3361581E+002, 2.4608369E+002, 2.4952080E+002, 2.4499247E+002, 2.5149185E+002, 2.5791165E+002, 2.4910017E+002, 2.4037336E+002, 2.3642306E+002, 2.4195031E+002, 2.3645191E+002, 2.7871844E+002, 3.3264908E+002, 3.6561086E+002, 3.0720562E+002, 2.2131542E+002, 1.7998655E+002, 2.0211783E+002, 2.3474884E+002, 2.9353724E+002, 3.2086516E+002
 2.7101130E+002, 2.8593177E+001, 1.3083932E+002, 1.4158377E+002, 1.2903667E+002, 1.2867384E+002, 1.3417658E+002, 1.3490368E+002, 1.3411929E+002, 1.3225456E+002, 1.3114632E+002, 1.3093107E+002, 1.3142925E+002, 1.3167014E+002, 1.3351305E+002, 1.3859873E+002, 1.4020159E+002, 1.4042133E+002, 1.4025463E+002, 1.3914637E+002, 1.3781052E+002, 1.3536168E+002, 1.3482481E+002, 1.3812053E+002, 1.4062653E+002, 1.4250153E+002, 1.4324609E+002, 1.4467893E+002, 1.4595754E+002, 1.4805365E+002, 1.4894418E+002, 1.4800334E+002, 1.4932768E+002, 1.6601825E+002, 1.7693627E+002, 1.8214371E+002, 1.7949539E+002, 1.7778676E+002, 1.8179620E+002, 1.8937482E+002, 1.9120934E+002, 1.8371609E+002, 1.7785896E+002, 1.7398670E+002, 1.7228056E+002, 1.6963022E+002, 1.6759338E+002, 1.6759334E+002, 1.7320287E+002, 1.8554383E+002, 1.9197316E+002, 1.9654846E+002, 1.9665929E+002, 1.9983190E+002, 2.2104415E+002, 2.4519650E+002, 2.5130105E+002, 2.4994226E+002, 2.4996771E+002, 2.5096717E+002, 2.5140749E+002, 2.5073696E+002, 2.4991491E+002, 2.4945227E+002, 2.5000421E+002, 2.5147292E+002, 2.5228970E+002, 2.5200093E+002, 2.5071105E+002, 2.4694970E+002, 2.4368896E+002, 2.3937018E+002, 2.3787080E+002, 2.3791757E+002, 2.3960063E+002, 2.4431128E+002, 2.4766162E+002, 2.4919280E+002, 2.4381643E+002, 2.3048775E+002, 2.2741006E+002, 2.1865827E+002, 2.2156948E+002, 2.3024536E+002, 2.4369875E+002, 2.4306545E+002, 2.2570346E+002, 1.9528853E+002, 1.9450900E+002, 2.1118626E+002, 2.5732603E+002, 2.8393106E+002, 2.8683855E+002, 2.8575757E+002, 2.8379406E+002, 2.8511432E+002, 2.8351257E+002, 2.5959663E+002, 2.4693870E+002, 2.4995190E+002, 2.1840680E+002, 2.1472826E+002, 2.1470898E+002, 2.1971060E+002, 2.0660114E+002, 1.9509898E+002, 2.1341241E+002, 2.1673717E+002, 2.2013585E+002, 2.2336159E+002, 2.2307202E+002, 2.1153023E+002, 1.8320367E+002, 1.9121656E+002, 1.8971537E+002, 1.8451759E+002, 1.8758262E+002, 1.7722164E+002, 1.7467738E+002, 1.9728593E+002, 2.2289810E+002, 2.2587822E+002, 2.2190165E+002, 2.1940941E+002, 2.1907681E+002, 2.1842172E+002, 2.1787293E+002, 2.1521622E+002, 2.1581372E+002, 2.0456838E+002, 2.1806670E+002, 2.3940701E+002, 2.4423970E+002, 2.2057340E+002, 1.8353015E+002, 1.7066950E+002, 1.9082912E+002, 2.1416794E+002, 2.1690667E+002, 2.1722271E+002, 2.1771866E+002, 2.1813338E+002, 2.1718607E+002, 2.1517853E+002, 2.1385685E+002, 2.1209814E+002, 2.1080701E+002, 2.0885552E+002, 2.0819981E+002, 2.0602811E+002, 2.0452626E+002, 2.0071543E+002, 1.9860866E+002, 1.9143520E+002, 1.8495679E+002, 1.7681004E+002, 1.6554229E+002, 1.5747235E+002, 1.6247016E+002, 1.6989422E+002, 1.7034182E+002, 2.4146468E+001, 1.0952956E+002, 1.4259417E+002, 1.3068392E+002, 1.3827807E+002, 1.4095538E+002, 1.4067197E+002, 1.3951143E+002, 1.3820830E+002, 1.3822371E+002, 1.3930413E+002, 1.4021617E+002, 1.4244813E+002, 1.4479144E+002, 1.4761006E+002, 1.4777664E+002, 1.4715120E+002, 1.4654085E+002, 1.4539835E+002, 1.4450790E+002, 1.4326260E+002, 1.4283530E+002, 1.4512688E+002, 1.4684975E+002, 1.4765526E+002, 1.4720403E+002, 1.4670402E+002, 1.4713149E+002, 1.4921624E+002, 1.5127795E+002, 1.5355030E+002, 1.5635637E+002, 1.7263678E+002, 1.8296025E+002, 1.8734834E+002, 1.8550405E+002, 1.8582365E+002, 1.9094975E+002, 1.9801043E+002, 1.9883783E+002, 1.9236507E+002, 1.8806564E+002, 1.8412884E+002, 1.8217179E+002, 1.7901439E+002, 1.7639494E+002, 1.7475657E+002, 1.7820066E+002, 1.8825153E+002, 1.9372054E+002, 1.9703640E+002, 1.9932361E+002, 2.0725281E+002, 2.2871477E+002, 2.5060448E+002, 2.5445858E+002, 2.4941835E+002, 2.4589168E+002, 2.4002293E+002, 2.3857629E+002, 2.4596863E+002, 2.4941766E+002, 2.5065308E+002, 2.5123725E+002, 2.5333523E+002, 2.5531763E+002, 2.5714543E+002, 2.5582248E+002, 2.4778067E+002, 2.3875899E+002, 2.2138730E+002, 2.1208196E+002, 2.1334483E+002, 2.1760000E+002, 2.2322942E+002, 2.3103528E+002, 2.4590669E+002, 2.4409656E+002, 2.3810340E+002, 2.3406439E+002, 2.2865203E+002, 2.4539442E+002, 2.9174722E+002, 3.1629386E+002, 3.0105667E+002, 2.5516859E+002, 2.0813996E+002, 1.6741514E+002, 2.2976718E+002, 2.8706728E+002, 3.1457210E+002, 2.9202952E+002, 2.4348968E+002, 2.2599385E+002
 2.7200298E+002, 5.9662572E+001, 1.3353661E+002, 1.4222767E+002, 1.3169442E+002, 1.2679422E+002, 1.2997462E+002, 1.2995862E+002, 1.2995458E+002, 1.3063838E+002, 1.3132476E+002, 1.3287817E+002, 1.3448531E+002, 1.3695400E+002, 1.3785150E+002, 1.3769427E+002, 1.3745986E+002, 1.3673218E+002, 1.3584675E+002, 1.3434695E+002, 1.3398455E+002, 1.3572967E+002, 1.3809900E+002, 1.4096513E+002, 1.4213787E+002, 1.4372880E+002, 1.4482626E+002, 1.4593832E+002, 1.4579218E+002, 1.4946461E+002, 1.5702970E+002, 1.6871163E+002, 1.7514128E+002, 1.7595251E+002, 1.7577605E+002, 1.7895342E+002, 1.8237271E+002, 1.8711892E+002, 1.8680391E+002, 1.8019858E+002, 1.7421825E+002, 1.6850559E+002, 1.6738030E+002, 1.6529041E+002, 1.6454708E+002, 1.6940986E+002, 1.7608316E+002, 1.8616274E+002, 1.8990650E+002, 1.8996227E+002, 1.9619805E+002, 2.1444058E+002, 2.2393747E+002, 2.3938173E+002, 2.4017320E+002, 2.3859393E+002, 2.3861070E+002, 2.3849689E+002, 2.3857806E+002, 2.3938645E+002, 2.4032225E+002, 2.4195446E+002, 2.4276244E+002, 2.4287848E+002, 2.4205184E+002, 2.3939112E+002, 2.3654108E+002, 2.3123954E+002, 2.2800594E+002, 2.2533398E+002, 2.2567247E+002, 2.2877075E+002, 2.3153461E+002, 2.3605380E+002, 2.3823623E+002, 2.3432546E+002, 2.2419062E+002, 2.1939710E+002, 2.2218299E+002, 2.3268575E+002, 2.3935297E+002, 2.5090167E+002, 2.4941586E+002, 2.3877906E+002, 2.2169328E+002, 1.9549759E+002, 1.8588784E+002, 1.9160917E+002, 2.2182328E+002, 2.5650121E+002, 2.6861352E+002, 2.6524676E+002, 2.6310939E+002, 2.6788232E+002, 2.6283145E+002, 2.4559049E+002, 2.2968269E+002, 2.2412979E+002, 2.1970833E+002, 2.0589200E+002, 2.0537908E+002, 2.0704071E+002, 2.1352570E+002, 1.9759106E+002, 1.9456398E+002, 2.1032340E+002, 2.1647637E+002, 2.1818029E+002, 2.1791939E+002, 2.1997674E+002, 2.2081664E+002, 2.2254094E+002, 2.1797725E+002, 1.9197916E+002, 1.9031127E+002, 1.8677004E+002, 1.8138037E+002, 1.9079363E+002, 1.9023522E+002, 1.3816558E+002, 1.9284090E+002, 2.1658400E+002, 2.1900514E+002, 2.1886930E+002, 2.1871673E+002, 2.1631197E+002, 2.1324574E+002, 2.1180850E+002, 2.0790946E+002, 2.0723403E+002, 2.0618642E+002, 2.0248355E+002, 2.2849527E+002, 2.5443450E+002, 2.3302237E+002, 1.7494548E+002, 1.8192577E+002, 2.0665773E+002, 2.0585556E+002, 2.0307555E+002, 2.0188271E+002, 2.0182043E+002, 2.0294947E+002, 2.0488470E+002, 2.0575646E+002, 2.0695586E+002, 2.0777371E+002, 2.0872192E+002, 2.0902282E+002, 2.0940675E+002, 2.0834372E+002, 2.0446053E+002, 2.0122991E+002, 1.9652812E+002, 1.9286779E+002, 1.8831519E+002, 1.8693105E+002, 1.8261477E+002, 1.7295593E+002, 1.6226776E+002, 1.6105675E+002, 4.0228735E+001, 1.0017498E+002, 1.4000501E+002, 1.2875134E+002, 1.3481369E+002, 1.3632771E+002, 1.3649862E+002, 1.3684507E+002, 1.3801182E+002, 1.3932041E+002, 1.4211217E+002, 1.4403229E+002, 1.4564700E+002, 1.4558219E+002, 1.4482285E+002, 1.4418798E+002, 1.4305313E+002, 1.4230863E+002, 1.4165786E+002, 1.4175978E+002, 1.4272516E+002, 1.4419583E+002, 1.4597134E+002, 1.4645000E+002, 1.4658262E+002, 1.4681914E+002, 1.4764162E+002, 1.4799723E+002, 1.5401500E+002, 1.6266673E+002, 1.7486002E+002, 1.8062295E+002, 1.8182223E+002, 1.8193445E+002, 1.8577794E+002, 1.8909428E+002, 1.9317295E+002, 1.9289173E+002, 1.8775738E+002, 1.8340455E+002, 1.7913032E+002, 1.7768731E+002, 1.7532186E+002, 1.7364019E+002, 1.7583512E+002, 1.8119402E+002, 1.8937026E+002, 1.9225869E+002, 1.9173922E+002, 1.9765740E+002, 2.1984678E+002, 2.3169945E+002, 2.4592278E+002, 2.4572622E+002, 2.4005672E+002, 2.3575334E+002, 2.2927646E+002, 2.2737016E+002, 2.3308366E+002, 2.3860059E+002, 2.4373267E+002, 2.4601262E+002, 2.4747729E+002, 2.4692788E+002, 2.4450966E+002, 2.4170889E+002, 2.3268228E+002, 2.2407525E+002, 2.1221175E+002, 2.0787097E+002, 2.0903285E+002, 2.1176575E+002, 2.1554960E+002, 2.1990933E+002, 2.2913255E+002, 2.3099097E+002, 2.2822927E+002, 2.3141798E+002, 2.5151312E+002, 2.6509273E+002, 2.8303745E+002, 2.8477416E+002, 2.5937889E+002, 2.3314910E+002, 1.8452605E+002, 1.6926502E+002, 2.0686677E+002, 2.5936188E+002, 2.9445581E+002, 2.7405243E+002, 2.5293233E+002, 2.3375019E+002, 2.1434487E+002, 2.1824340E+002
 2.7301422E+002, 9.1995750E+001, 1.2922936E+002, 1.3779945E+002, 1.2782444E+002, 1.2356088E+002, 1.2663037E+002, 1.2972195E+002, 1.3168142E+002, 1.3413745E+002, 1.3547945E+002, 1.3644734E+002, 1.3595370E+002, 1.3488007E+002, 1.3461900E+002, 1.3415158E+002, 1.3368087E+002, 1.3318852E+002, 1.3326470E+002, 1.3467474E+002, 1.3670369E+002, 1.3975495E+002, 1.4135635E+002, 1.4265976E+002, 1.4296956E+002, 1.4397420E+002, 1.4717063E+002, 1.5482179E+002, 1.6148866E+002, 1.7147546E+002, 1.7294267E+002, 1.7331853E+002, 1.7471263E+002, 1.7955021E+002, 1.8259500E+002, 1.8284234E+002, 1.8057232E+002, 1.7421017E+002, 1.6938102E+002, 1.6378641E+002, 1.6270681E+002, 1.6287968E+002, 1.6535466E+002, 1.7157783E+002, 1.7794528E+002, 1.8445108E+002, 1.8561228E+002, 1.9531364E+002, 2.0255505E+002, 2.1805971E+002, 2.2942028E+002, 2.2939172E+002, 2.2812436E+002, 2.2808641E+002, 2.2748768E+002, 2.2788990E+002, 2.2931025E+002, 2.3209171E+002, 2.3365370E+002, 2.3459835E+002, 2.3403074E+002, 2.3143672E+002, 2.2894145E+002, 2.2448489E+002, 2.2135054E+002, 2.1740956E+002, 2.1587220E+002, 2.1610725E+002, 2.1782104E+002, 2.2184930E+002, 2.2453073E+002, 2.2610639E+002, 2.2345036E+002, 2.2500527E+002, 2.2676252E+002, 2.2488177E+002, 2.3725508E+002, 2.4719691E+002, 2.4573351E+002, 2.3868372E+002, 2.3005734E+002, 2.1508135E+002, 2.0531657E+002, 1.9153709E+002, 1.8327395E+002, 1.7924868E+002, 1.8842543E+002, 2.3264390E+002, 2.5013266E+002, 2.4942506E+002, 2.4906380E+002, 2.5140981E+002, 2.4887244E+002, 2.3132884E+002, 2.1155065E+002, 2.1300173E+002, 2.1146566E+002, 2.0797804E+002, 2.0359804E+002, 2.0051186E+002, 2.0654549E+002, 2.0460483E+002, 1.9111044E+002, 1.9608103E+002, 2.0922752E+002, 2.0963208E+002, 2.0523375E+002, 1.9973326E+002, 1.9476901E+002, 1.9029494E+002, 1.8878369E+002, 1.9035925E+002, 1.9659462E+002, 2.0653665E+002, 2.0483166E+002, 1.9586805E+002, 1.8884060E+002, 1.7933947E+002, 1.7882466E+002, 1.8585125E+002, 1.5445268E+002, 2.0259416E+002, 2.1322687E+002, 2.2056266E+002, 2.2183097E+002, 2.1827225E+002, 2.0889084E+002, 2.1891650E+002, 2.1733097E+002, 2.0734024E+002, 2.0276701E+002, 2.0020631E+002, 1.9500617E+002, 2.2765526E+002, 2.5308672E+002, 2.2997024E+002, 1.9709133E+002, 1.7112393E+002, 1.8334485E+002, 1.9554625E+002, 2.0319576E+002, 2.1078500E+002, 2.1381513E+002, 2.1616801E+002, 2.1660298E+002, 2.1621813E+002, 2.1555311E+002, 2.1420273E+002, 2.1340330E+002, 2.1362037E+002, 2.1333911E+002, 2.1373383E+002, 2.1304135E+002, 2.1096656E+002, 2.0936441E+002, 2.0606280E+002, 2.0314192E+002, 1.9745576E+002, 1.9297649E+002, 1.8608678E+002, 1.8042387E+002, 7.4119183E+001, 1.0991402E+002, 1.3455289E+002, 1.2925302E+002, 1.3352243E+002, 1.3538058E+002, 1.3735821E+002, 1.3892012E+002, 1.4166294E+002, 1.4334999E+002, 1.4423440E+002, 1.4352386E+002, 1.4215550E+002, 1.4152321E+002, 1.4066543E+002, 1.4019562E+002, 1.4010107E+002, 1.4036294E+002, 1.4137836E+002, 1.4252171E+002, 1.4463868E+002, 1.4585901E+002, 1.4624551E+002, 1.4590990E+002, 1.4629873E+002, 1.4961637E+002, 1.5878633E+002, 1.6640166E+002, 1.7714563E+002, 1.7911085E+002, 1.7951378E+002, 1.8099044E+002, 1.8501407E+002, 1.8720300E+002, 1.8689770E+002, 1.8494165E+002, 1.8118773E+002, 1.7807509E+002, 1.7446770E+002, 1.7330799E+002, 1.7248778E+002, 1.7374535E+002, 1.7806573E+002, 1.8290358E+002, 1.8897936E+002, 1.8929960E+002, 1.9742469E+002, 2.0594485E+002, 2.2342938E+002, 2.3782870E+002, 2.3735065E+002, 2.3399235E+002, 2.2840906E+002, 2.2379651E+002, 2.1787904E+002, 2.1749773E+002, 2.2145741E+002, 2.2839068E+002, 2.3706933E+002, 2.3953682E+002, 2.3784942E+002, 2.3498888E+002, 2.2904401E+002, 2.2442039E+002, 2.1677427E+002, 2.1058475E+002, 2.0254771E+002, 2.0112026E+002, 2.0394299E+002, 2.0967648E+002, 2.1389367E+002, 2.1675443E+002, 2.2199145E+002, 2.3152502E+002, 2.3913246E+002, 2.4749216E+002, 2.6166954E+002, 2.6829213E+002, 2.5572243E+002, 2.3887838E+002, 2.1104319E+002, 1.9109024E+002, 1.7176286E+002, 1.6775773E+002, 1.6518868E+002, 1.9629748E+002, 2.7150655E+002, 2.5736450E+002, 2.3775016E+002, 2.3172198E+002, 2.2444018E+002, 2.1091784E+002, 2.1996214E+002, 2.2646858E+002
 2.7401789E+002, 1.1287225E+002, 1.2407582E+002, 1.2754775E+002, 1.1474417E+002, 1.2638116E+002, 1.3104176E+002, 1.3492082E+002, 1.3605777E+002, 1.3547967E+002, 1.3407726E+002, 1.3206562E+002, 1.3161985E+002, 1.3160066E+002, 1.3177444E+002, 1.3225364E+002, 1.3285629E+002, 1.3441536E+002, 1.3605539E+002, 1.3885700E+002, 1.4009040E+002, 1.4097764E+002, 1.4279134E+002, 1.4777663E+002, 1.5270065E+002, 1.6369834E+002, 1.6890441E+002, 1.7001272E+002, 1.6955719E+002, 1.7234216E+002, 1.7652627E+002, 1.7942427E+002, 1.7871599E+002, 1.7553719E+002, 1.7181135E+002, 1.6563019E+002, 1.6141528E+002, 1.5961737E+002, 1.6080025E+002, 1.6494700E+002, 1.6923497E+002, 1.7726798E+002, 1.8042116E+002, 1.8479834E+002, 1.9008657E+002, 1.9953237E+002, 2.1406503E+002, 2.2252679E+002, 2.2031286E+002, 2.1864007E+002, 2.1810959E+002, 2.1803380E+002, 2.1907539E+002, 2.2162249E+002, 2.2341083E+002, 2.2571683E+002, 2.2604499E+002, 2.2487354E+002, 2.2266445E+002, 2.1784641E+002, 2.1443417E+002, 2.1023384E+002, 2.0814643E+002, 2.0672674E+002, 2.0732065E+002, 2.1017205E+002, 2.1243408E+002, 2.1395784E+002, 2.1420463E+002, 2.1833987E+002, 2.2059134E+002, 2.1834447E+002, 2.2689782E+002, 2.3529084E+002, 2.3211983E+002, 2.2159610E+002, 2.1354674E+002, 2.0073673E+002, 1.9334493E+002, 1.8472205E+002, 1.8028344E+002, 1.7615340E+002, 1.7679623E+002, 1.8523558E+002, 1.9448335E+002, 2.2270689E+002, 2.3353694E+002, 2.3616522E+002, 2.3650993E+002, 2.3498045E+002, 2.3379801E+002, 2.2160464E+002, 2.0420481E+002, 2.0135445E+002, 2.0576967E+002, 2.0433198E+002, 2.0052540E+002, 2.0093372E+002, 2.0563604E+002, 2.0346940E+002, 1.9623322E+002, 1.9383912E+002, 2.0451775E+002, 2.0717961E+002, 1.9919511E+002, 1.9350706E+002, 1.8652833E+002, 1.8127248E+002, 1.7781527E+002, 1.6473712E+002, 1.5543463E+002, 1.7108350E+002, 1.8152791E+002, 1.8715288E+002, 1.9047804E+002, 1.9249507E+002, 1.9524080E+002, 1.8706481E+002, 1.8301579E+002, 1.7337019E+002, 1.8416580E+002, 1.5783331E+002, 1.9508875E+002, 2.1471190E+002, 2.1319275E+002, 2.0919549E+002, 2.1064583E+002, 2.2000765E+002, 2.2040953E+002, 2.1941429E+002, 2.1621265E+002, 2.0803153E+002, 2.0150161E+002, 1.8997066E+002, 2.1879175E+002, 2.3765593E+002, 2.2538216E+002, 2.0759078E+002, 1.6549053E+002, 2.0165437E+002, 2.0941805E+002, 2.1364057E+002, 2.1461579E+002, 2.1453189E+002, 2.1402380E+002, 2.1338180E+002, 2.1317386E+002, 2.1315407E+002, 2.1326162E+002, 2.1404742E+002, 2.1469312E+002, 2.1495272E+002, 2.1616396E+002, 2.1596365E+002, 2.1432717E+002, 2.1127894E+002, 2.0887520E+002, 2.0575409E+002, 2.0435633E+002, 2.0207177E+002, 1.9786798E+002, 9.8344347E+001, 1.2361144E+002, 1.3027202E+002, 1.2712324E+002, 1.3660680E+002, 1.3902852E+002, 1.4166468E+002, 1.4262777E+002, 1.4238589E+002, 1.4128227E+002, 1.3899798E+002, 1.3829605E+002, 1.3818722E+002, 1.3830993E+002, 1.3888383E+002, 1.3952240E+002, 1.4059214E+002, 1.4147744E+002, 1.4385615E+002, 1.4493816E+002, 1.4481861E+002, 1.4571514E+002, 1.4947470E+002, 1.5366067E+002, 1.6516421E+002, 1.7177082E+002, 1.7615867E+002, 1.7611292E+002, 1.7879312E+002, 1.8209708E+002, 1.8358189E+002, 1.8225916E+002, 1.7918157E+002, 1.7679603E+002, 1.7348030E+002, 1.7101882E+002, 1.6970181E+002, 1.7018276E+002, 1.7315983E+002, 1.7604934E+002, 1.8223704E+002, 1.8566819E+002, 1.8822279E+002, 1.9320047E+002, 2.0243949E+002, 2.1541908E+002, 2.3234439E+002, 2.3059506E+002, 2.2555903E+002, 2.2154638E+002, 2.1640662E+002, 2.1375117E+002, 2.1255296E+002, 2.1350861E+002, 2.1839668E+002, 2.2227191E+002, 2.2697334E+002, 2.2889630E+002, 2.2537009E+002, 2.2060306E+002, 2.1355304E+002, 2.0954202E+002, 2.0455196E+002, 2.0183914E+002, 1.9859068E+002, 1.9787828E+002, 1.9968234E+002, 2.0066350E+002, 2.0663007E+002, 2.1489533E+002, 2.2815552E+002, 2.3605796E+002, 2.5815012E+002, 2.5944493E+002, 2.4287447E+002, 2.2533943E+002, 1.9447979E+002, 1.7462119E+002, 1.5297793E+002, 1.4560313E+002, 1.4397943E+002, 1.5073050E+002, 1.7001004E+002, 1.8047788E+002, 2.0443690E+002, 2.4192101E+002, 2.4454151E+002, 2.2986066E+002, 2.2170307E+002, 2.1133556E+002, 2.0327577E+002, 2.1483229E+002, 2.0117258E+002, 1.8144222E+002
 2.7500665E+002, 1.1162462E+002, 1.2563937E+002, 1.0867154E+002, 1.2563452E+002, 1.3394462E+002, 1.3428746E+002, 1.3291341E+002, 1.3140109E+002, 1.2935269E+002, 1.2891961E+002, 1.2967248E+002, 1.3069992E+002, 1.3209444E+002, 1.3285907E+002, 1.3437038E+002, 1.3567414E+002, 1.3758187E+002, 1.3902482E+002, 1.4368349E+002, 1.4983479E+002, 1.6046979E+002, 1.6498124E+002, 1.6599028E+002, 1.6555972E+002, 1.6751120E+002, 1.7149695E+002, 1.7555109E+002, 1.7554831E+002, 1.7380265E+002, 1.7152640E+002, 1.6652346E+002, 1.6209992E+002, 1.5661430E+002, 1.5596572E+002, 1.5928808E+002, 1.6471086E+002, 1.7396226E+002, 1.7708786E+002, 1.7800940E+002, 1.8109795E+002, 1.9265312E+002, 2.0665989E+002, 2.1866795E+002, 2.1753172E+002, 2.1152871E+002, 2.0981088E+002, 2.0957686E+002, 2.1107500E+002, 2.1330787E+002, 2.1476876E+002, 2.1666935E+002, 2.1744727E+002, 2.1698563E+002, 2.1554036E+002, 2.1157669E+002, 2.0814366E+002, 2.0335104E+002, 2.0101402E+002, 1.9942513E+002, 1.9971815E+002, 2.0132291E+002, 2.0293192E+002, 2.0496060E+002, 2.0530425E+002, 2.0676730E+002, 2.0910782E+002, 2.1720138E+002, 2.2204536E+002, 2.2094569E+002, 2.1838795E+002, 2.1288440E+002, 2.0545658E+002, 1.9057234E+002, 1.8074533E+002, 1.7042657E+002, 1.6665994E+002, 1.6425604E+002, 1.6312835E+002, 1.7100849E+002, 1.8221468E+002, 2.0877684E+002, 2.2206037E+002, 2.2430737E+002, 2.1418924E+002, 1.9029273E+002, 1.9540804E+002, 2.2129460E+002, 2.1484747E+002, 2.1132902E+002, 2.0285619E+002, 1.9266339E+002, 1.9599716E+002, 1.9408444E+002, 1.9441903E+002, 2.0466605E+002, 2.0457484E+002, 2.0170562E+002, 2.0006742E+002, 2.0480107E+002, 2.0710092E+002, 2.1561504E+002, 2.0368469E+002, 1.9008625E+002, 1.8086978E+002, 1.7548180E+002, 1.6927320E+002, 1.6347520E+002, 1.5800486E+002, 1.5069961E+002, 1.5704734E+002, 1.6932119E+002, 1.7324953E+002, 1.8239064E+002, 1.8675146E+002, 1.9742951E+002, 1.9529321E+002, 1.9022607E+002, 1.8623776E+002, 1.6732624E+002, 1.7022787E+002, 1.8977227E+002, 1.5227418E+002, 1.9656346E+002, 2.0284121E+002, 2.1190339E+002, 2.1382851E+002, 2.1276998E+002, 2.1240287E+002, 2.1406251E+002, 2.1544793E+002, 2.1616570E+002, 2.1440677E+002, 2.0967631E+002, 1.9901878E+002, 2.0446026E+002, 2.1008440E+002, 2.2497145E+002, 2.1543166E+002, 1.9250809E+002, 2.0356356E+002, 2.0914112E+002, 2.1064159E+002, 2.1205702E+002, 2.1286357E+002, 2.1403361E+002, 2.1468299E+002, 2.1556100E+002, 2.1645549E+002, 2.1782192E+002, 2.1872835E+002, 2.2225586E+002, 2.2109806E+002, 2.2206266E+002, 2.2157469E+002, 2.2024502E+002, 2.1918147E+002, 2.1638821E+002, 2.1334060E+002, 2.0780430E+002, 2.0309559E+002, 7.8059930E+001, 1.2886313E+002, 1.2054491E+002, 1.3869983E+002, 1.4084893E+002, 1.4076529E+002, 1.3957174E+002, 1.3813783E+002, 1.3584832E+002, 1.3556885E+002, 1.3641342E+002, 1.3721889E+002, 1.3835993E+002, 1.3908862E+002, 1.4024311E+002, 1.4126985E+002, 1.4266964E+002, 1.4337272E+002, 1.4558622E+002, 1.4979676E+002, 1.5903469E+002, 1.6448068E+002, 1.6885059E+002, 1.7074910E+002, 1.7462932E+002, 1.7804561E+002, 1.8010147E+002, 1.7886537E+002, 1.7654134E+002, 1.7483527E+002, 1.7175626E+002, 1.6913693E+002, 1.6607760E+002, 1.6558443E+002, 1.6779384E+002, 1.7189612E+002, 1.7955480E+002, 1.8260137E+002, 1.8306314E+002, 1.8428678E+002, 1.9266517E+002, 2.0490419E+002, 2.2492090E+002, 2.2711763E+002, 2.2203689E+002, 2.1806895E+002, 2.1376393E+002, 2.1236131E+002, 2.1036588E+002, 2.0934533E+002, 2.0951088E+002, 2.1194007E+002, 2.1651637E+002, 2.1840727E+002, 2.1861853E+002, 2.1610121E+002, 2.0895225E+002, 2.0380066E+002, 1.9796634E+002, 1.9754050E+002, 1.9869942E+002, 1.9823537E+002, 1.9898113E+002, 2.0035809E+002, 2.0107905E+002, 2.0455135E+002, 2.1739507E+002, 2.3026840E+002, 2.4510861E+002, 2.4593338E+002, 2.4114010E+002, 2.3462106E+002, 2.1165144E+002, 1.8673059E+002, 1.5070631E+002, 1.4157473E+002, 1.4069810E+002, 1.3773209E+002, 1.4357125E+002, 1.5641554E+002, 1.7902224E+002, 1.8890304E+002, 2.1720674E+002, 2.2304781E+002, 1.5568118E+002, 1.5305907E+002, 2.2605971E+002, 2.1424971E+002, 2.0424685E+002, 2.0170149E+002, 2.0359785E+002, 1.8749761E+002, 1.8048548E+002, 2.0548981E+002
 2.7600048E+002, 9.8901099E+001, 1.1322763E+002, 1.2456636E+002, 1.2851224E+002, 1.2962035E+002, 1.2825766E+002, 1.2636183E+002, 1.2685092E+002, 1.2937812E+002, 1.3074525E+002, 1.3217501E+002, 1.3283741E+002, 1.3319922E+002, 1.3389641E+002, 1.4010722E+002, 1.4679327E+002, 1.5615333E+002, 1.5983872E+002, 1.6152950E+002, 1.6173577E+002, 1.6378644E+002, 1.6654603E+002, 1.7057181E+002, 1.7162454E+002, 1.7071427E+002, 1.6935108E+002, 1.6666107E+002, 1.6430098E+002, 1.5921058E+002, 1.5508830E+002, 1.5267795E+002, 1.5653983E+002, 1.6727983E+002, 1.7229822E+002, 1.7332194E+002, 1.7449361E+002, 1.8572138E+002, 1.9812367E+002, 2.1243641E+002, 2.1474278E+002, 2.1006570E+002, 2.0592414E+002, 2.0312093E+002, 2.0342358E+002, 2.0595991E+002, 2.0733451E+002, 2.0830789E+002, 2.0866292E+002, 2.0909446E+002, 2.0875293E+002, 2.0672002E+002, 2.0417732E+002, 1.9908889E+002, 1.9590574E+002, 1.9335136E+002, 1.9306834E+002, 1.9412807E+002, 1.9551811E+002, 1.9762941E+002, 1.9812281E+002, 1.9839061E+002, 2.0157362E+002, 2.1194059E+002, 2.1512754E+002, 2.0886206E+002, 2.0559904E+002, 2.0613004E+002, 2.0291078E+002, 1.9052083E+002, 1.8037456E+002, 1.6597521E+002, 1.5881023E+002, 1.5287416E+002, 1.5387919E+002, 1.5752410E+002, 1.6656153E+002, 1.9500541E+002, 2.0835028E+002, 2.1303290E+002, 2.0756761E+002, 1.8622056E+002, 1.6665702E+002, 1.4557887E+002, 1.5164657E+002, 2.0515465E+002, 2.1219625E+002, 2.0093918E+002, 2.0276049E+002, 1.8271496E+002, 1.8728909E+002, 1.8974578E+002, 1.8714075E+002, 1.9702285E+002, 1.9917325E+002, 1.9959028E+002, 2.1169391E+002, 2.4930265E+002, 2.9236429E+002, 2.5895624E+002, 2.2615306E+002, 2.1344270E+002, 1.9215770E+002, 1.7675078E+002, 1.6463805E+002, 1.5641000E+002, 1.5989199E+002, 1.5885503E+002, 1.5933142E+002, 1.7857304E+002, 1.8985226E+002, 1.8303221E+002, 1.7568450E+002, 1.7529486E+002, 1.8716062E+002, 1.9591682E+002, 1.9547416E+002, 1.9875991E+002, 1.9598111E+002, 1.8984868E+002, 1.7258203E+002, 1.7288055E+002, 1.8697000E+002, 1.4444934E+002, 1.9027907E+002, 2.0555141E+002, 2.0553879E+002, 2.0716999E+002, 2.0859891E+002, 2.0951815E+002, 2.0981678E+002, 2.1106325E+002, 2.1198610E+002, 2.1173470E+002, 2.1090672E+002, 2.0846549E+002, 1.9865266E+002, 2.0242646E+002, 2.2027384E+002, 1.8556865E+002, 1.9681262E+002, 2.0702805E+002, 2.0880216E+002, 2.1230739E+002, 2.1431728E+002, 2.1631402E+002, 2.1726303E+002, 2.1843017E+002, 2.1879367E+002, 2.1846337E+002, 2.1794850E+002, 2.1695107E+002, 2.1632319E+002, 2.1563365E+002, 2.1510346E+002, 2.1326358E+002, 2.1171259E+002, 2.1001733E+002, 2.0980737E+002, 2.1056617E+002, 2.1022409E+002, 5.1965446E+001, 1.1574011E+002, 1.3168262E+002, 1.3792747E+002, 1.3623294E+002, 1.3453129E+002, 1.3304115E+002, 1.3396253E+002, 1.3577770E+002, 1.3663448E+002, 1.3800392E+002, 1.3895658E+002, 1.3901996E+002, 1.3910042E+002, 1.4323331E+002, 1.4802842E+002, 1.5492368E+002, 1.5797403E+002, 1.6029493E+002, 1.6203496E+002, 1.6802763E+002, 1.7286895E+002, 1.7685580E+002, 1.7668978E+002, 1.7387209E+002, 1.7151607E+002, 1.6902909E+002, 1.6798276E+002, 1.6562051E+002, 1.6314716E+002, 1.6204997E+002, 1.6537215E+002, 1.7441505E+002, 1.7884480E+002, 1.7979045E+002, 1.7949919E+002, 1.8613942E+002, 1.9688596E+002, 2.1421207E+002, 2.2028847E+002, 2.1900441E+002, 2.1552202E+002, 2.1142248E+002, 2.0997754E+002, 2.0927063E+002, 2.0862424E+002, 2.0713598E+002, 2.0583637E+002, 2.0408061E+002, 2.0472111E+002, 2.0781078E+002, 2.0981804E+002, 2.0693774E+002, 2.0271283E+002, 1.9608714E+002, 1.9309312E+002, 1.9250151E+002, 1.9416826E+002, 1.9615610E+002, 1.9610640E+002, 1.9634094E+002, 1.9974782E+002, 2.1176675E+002, 2.2080154E+002, 2.2618072E+002, 2.2799671E+002, 2.3302430E+002, 2.3087883E+002, 2.1575517E+002, 1.9894130E+002, 1.7249942E+002, 1.5664172E+002, 1.3755327E+002, 1.3268297E+002, 1.4623405E+002, 1.5689460E+002, 1.7784572E+002, 1.8279637E+002, 1.7956466E+002, 1.9067704E+002, 2.0226472E+002, 1.7895917E+002, 1.2425929E+002, 1.1017124E+002, 1.8450971E+002, 2.0331753E+002, 2.0462772E+002, 1.9633954E+002, 1.9501490E+002, 2.0959512E+002, 1.9512718E+002, 2.0518166E+002, 2.1385725E+002, 2.1524974E+002
 2.7700020E+002, 8.4944794E+001, 1.1103869E+002, 1.2424287E+002, 1.2450729E+002, 1.2297771E+002, 1.2298287E+002, 1.2814981E+002, 1.3054428E+002, 1.3248390E+002, 1.3280285E+002, 1.3139654E+002, 1.3425324E+002, 1.4883657E+002, 1.5476319E+002, 1.5689138E+002, 1.5700628E+002, 1.5913976E+002, 1.6216031E+002, 1.6685288E+002, 1.6838179E+002, 1.6803666E+002, 1.6689967E+002, 1.6468426E+002, 1.6317993E+002, 1.6098901E+002, 1.5908539E+002, 1.5357795E+002, 1.4927937E+002, 1.5428840E+002, 1.6315552E+002, 1.6942577E+002, 1.6903333E+002, 1.7489905E+002, 1.8671598E+002, 2.0313520E+002, 2.0903009E+002, 2.0993492E+002, 2.0635737E+002, 1.9865810E+002, 1.9739030E+002, 1.9820963E+002, 1.9970946E+002, 2.0125606E+002, 2.0155685E+002, 2.0127978E+002, 2.0087137E+002, 2.0018931E+002, 1.9936268E+002, 1.9698591E+002, 1.9447175E+002, 1.9012345E+002, 1.8808986E+002, 1.8758808E+002, 1.8837957E+002, 1.9071561E+002, 1.9212856E+002, 1.9156839E+002, 1.9202712E+002, 2.0274429E+002, 2.0909482E+002, 2.0702021E+002, 2.0011155E+002, 1.9535458E+002, 1.9689251E+002, 1.9282009E+002, 1.8561448E+002, 1.7019822E+002, 1.5966030E+002, 1.4869324E+002, 1.4487288E+002, 1.4333456E+002, 1.4656729E+002, 1.6891057E+002, 1.8911997E+002, 2.0282938E+002, 2.0089815E+002, 1.8959718E+002, 1.7745448E+002, 1.5328796E+002, 1.3872583E+002, 1.3221343E+002, 1.5126388E+002, 1.9070404E+002, 1.9824407E+002, 1.8686395E+002, 1.7387118E+002, 1.9310253E+002, 1.7286003E+002, 1.8819567E+002, 1.9023866E+002, 1.8804175E+002, 1.9075783E+002, 2.0339675E+002, 2.5495026E+002, 2.9039046E+002, 3.1483965E+002, 2.8445600E+002, 2.4205818E+002, 2.8421494E+002, 3.0348440E+002, 2.5487563E+002, 1.9667254E+002, 1.7641180E+002, 1.5008762E+002, 1.5382064E+002, 1.6818774E+002, 2.0151311E+002, 2.2275818E+002, 2.2705999E+002, 2.1198144E+002, 2.0496857E+002, 2.1421033E+002, 1.9930056E+002, 1.7640424E+002, 1.8919239E+002, 1.8303627E+002, 1.9402408E+002, 1.9664611E+002, 1.9533550E+002, 1.9557389E+002, 1.7799078E+002, 1.6977152E+002, 1.8330843E+002, 1.6657780E+002, 1.9770175E+002, 2.0041068E+002, 2.0198285E+002, 2.0314369E+002, 2.0538741E+002, 2.0688714E+002, 2.0773476E+002, 2.0699715E+002, 2.0735326E+002, 2.0745714E+002, 2.0697716E+002, 2.0626987E+002, 2.0347301E+002, 1.9563714E+002, 1.9017299E+002, 1.8467631E+002, 1.9529271E+002, 2.0455572E+002, 2.0948141E+002, 2.1098047E+002, 2.1235093E+002, 2.1283068E+002, 2.1306502E+002, 2.1305685E+002, 2.1294456E+002, 2.1284403E+002, 2.1264950E+002, 2.1222379E+002, 2.1153735E+002, 2.1239248E+002, 2.1220231E+002, 2.1203572E+002, 2.1089965E+002, 2.0951202E+002, 2.0560810E+002, 2.0254749E+002, 5.2692473E+001, 1.0581421E+002, 1.3121760E+002, 1.3110825E+002, 1.2941558E+002, 1.3118899E+002, 1.3490858E+002, 1.3612959E+002, 1.3754849E+002, 1.3828341E+002, 1.3732070E+002, 1.3934795E+002, 1.5129799E+002, 1.5606824E+002, 1.5743274E+002, 1.5734592E+002, 1.5966411E+002, 1.6338834E+002, 1.7096170E+002, 1.7363076E+002, 1.7320778E+002, 1.7115015E+002, 1.6699037E+002, 1.6482698E+002, 1.6330707E+002, 1.6387795E+002, 1.6074942E+002, 1.5803773E+002, 1.6430427E+002, 1.7214392E+002, 1.7717159E+002, 1.7631315E+002, 1.7745740E+002, 1.8512192E+002, 2.0283745E+002, 2.1060393E+002, 2.1530122E+002, 2.1350264E+002, 2.0822653E+002, 2.0660509E+002, 2.0583945E+002, 2.0583780E+002, 2.0528802E+002, 2.0467505E+002, 2.0315195E+002, 2.0104038E+002, 1.9771231E+002, 1.9694333E+002, 1.9838721E+002, 1.9943458E+002, 1.9734744E+002, 1.9410476E+002, 1.9012786E+002, 1.8937379E+002, 1.9116630E+002, 1.9318531E+002, 1.9298324E+002, 1.9295771E+002, 2.0298207E+002, 2.1184488E+002, 2.1558529E+002, 2.1468329E+002, 2.1771723E+002, 2.2466962E+002, 2.2511394E+002, 2.1523720E+002, 1.8954547E+002, 1.6744623E+002, 1.4720583E+002, 1.3903028E+002, 1.3039660E+002, 1.3055022E+002, 1.5534699E+002, 1.7880954E+002, 1.8682293E+002, 1.7919702E+002, 1.7959139E+002, 1.8587951E+002, 1.6915149E+002, 1.4081359E+002, 1.0637517E+002, 1.0153281E+002, 1.5038541E+002, 1.9083845E+002, 1.7468379E+002, 1.3137361E+002, 1.9267875E+002, 1.9170060E+002, 2.1061267E+002, 1.9671973E+002, 2.1292653E+002, 2.1544132E+002, 2.1428812E+002, 2.4712001E+002
 2.7800958E+002, 1.1041612E+002, 1.2220094E+002, 1.1935802E+002, 1.1782312E+002, 1.2281427E+002, 1.2850467E+002, 1.3084519E+002, 1.3035035E+002, 1.3583517E+002, 1.4303454E+002, 1.5050427E+002, 1.5264278E+002, 1.5478370E+002, 1.5743462E+002, 1.6201577E+002, 1.6420046E+002, 1.6508356E+002, 1.6411799E+002, 1.6188647E+002, 1.6024438E+002, 1.5831904E+002, 1.5751855E+002, 1.5628697E+002, 1.5427215E+002, 1.4857374E+002, 1.4890658E+002, 1.5926219E+002, 1.6250478E+002, 1.6755734E+002, 1.7850483E+002, 1.9228760E+002, 1.9931634E+002, 2.0423947E+002, 2.0429060E+002, 2.0003616E+002, 1.9519966E+002, 1.9276598E+002, 1.9265938E+002, 1.9373459E+002, 1.9419727E+002, 1.9451016E+002, 1.9429976E+002, 1.9330702E+002, 1.9242939E+002, 1.9093670E+002, 1.8978645E+002, 1.8756576E+002, 1.8598131E+002, 1.8406598E+002, 1.8338228E+002, 1.8421001E+002, 1.8553195E+002, 1.8665503E+002, 1.8631951E+002, 1.9065511E+002, 1.9805393E+002, 2.0168103E+002, 1.9874253E+002, 1.8894538E+002, 1.8494769E+002, 1.8678262E+002, 1.8562834E+002, 1.7971440E+002, 1.7272875E+002, 1.5840745E+002, 1.4891342E+002, 1.4063594E+002, 1.3838256E+002, 1.4849577E+002, 1.6862975E+002, 1.8655658E+002, 1.9078984E+002, 1.8559741E+002, 1.7805250E+002, 1.6254857E+002, 1.5100122E+002, 1.3449048E+002, 1.2814471E+002, 1.4578762E+002, 1.6812132E+002, 1.8730803E+002, 1.8303769E+002, 1.5759128E+002, 1.4245436E+002, 1.4906922E+002, 1.7095037E+002, 1.8173292E+002, 1.8852040E+002, 1.9065779E+002, 1.8246929E+002, 2.2015547E+002, 2.5358737E+002, 2.7886106E+002, 2.8665798E+002, 2.6607280E+002, 2.4007718E+002, 2.3064605E+002, 2.4935506E+002, 2.7819449E+002, 3.2901672E+002, 3.5240438E+002, 2.1907863E+002, 1.7902313E+002, 1.4146275E+002, 2.1324202E+002, 2.2990150E+002, 2.1885071E+002, 2.0577782E+002, 1.8263688E+002, 1.7812889E+002, 1.8802212E+002, 1.9911741E+002, 2.0838187E+002, 2.1331900E+002, 1.7740243E+002, 1.8007693E+002, 1.8745902E+002, 1.8866608E+002, 1.8644367E+002, 1.8986737E+002, 1.9273375E+002, 1.9218215E+002, 1.7803647E+002, 1.7959266E+002, 1.8406364E+002, 1.9111137E+002, 1.9080482E+002, 1.9996239E+002, 2.0424126E+002, 2.0405936E+002, 2.0326951E+002, 2.0310727E+002, 2.0348271E+002, 2.0377124E+002, 2.0374868E+002, 2.0468306E+002, 2.0337868E+002, 2.0138552E+002, 1.9659458E+002, 1.9074311E+002, 1.7325945E+002, 1.9361740E+002, 2.0319396E+002, 2.0547007E+002, 2.0728334E+002, 2.0814624E+002, 2.0888469E+002, 2.0896361E+002, 2.0888035E+002, 2.0883249E+002, 2.0872910E+002, 2.0864737E+002, 2.0869498E+002, 2.0939305E+002, 2.0910052E+002, 2.1014061E+002, 2.1029697E+002, 2.0973708E+002, 2.0757724E+002, 2.0575282E+002, 1.0027433E+002, 1.1624380E+002, 1.2593336E+002, 1.2585819E+002, 1.3321341E+002, 1.3548712E+002, 1.3616416E+002, 1.3582666E+002, 1.4194445E+002, 1.4830472E+002, 1.5415555E+002, 1.5552385E+002, 1.5696923E+002, 1.5873332E+002, 1.6260290E+002, 1.6577626E+002, 1.6968168E+002, 1.6929628E+002, 1.6626607E+002, 1.6355240E+002, 1.5965942E+002, 1.5808623E+002, 1.5800288E+002, 1.5892418E+002, 1.5657252E+002, 1.5986343E+002, 1.6954321E+002, 1.7184664E+002, 1.7388036E+002, 1.8130262E+002, 1.9253295E+002, 1.9816749E+002, 2.0407855E+002, 2.0672317E+002, 2.0595248E+002, 2.0390709E+002, 2.0215187E+002, 2.0152463E+002, 2.0114653E+002, 2.0078696E+002, 2.0043572E+002, 1.9999081E+002, 1.9738485E+002, 1.9444830E+002, 1.9104781E+002, 1.8998500E+002, 1.9013887E+002, 1.9035306E+002, 1.8997952E+002, 1.8904306E+002, 1.8765043E+002, 1.8796856E+002, 1.8919042E+002, 1.8921002E+002, 1.9424119E+002, 2.0250544E+002, 2.0727645E+002, 2.0755389E+002, 2.0598078E+002, 2.0662960E+002, 2.1554180E+002, 2.1599240E+002, 2.0284510E+002, 1.8926991E+002, 1.6894323E+002, 1.5367244E+002, 1.3898924E+002, 1.3417909E+002, 1.3627227E+002, 1.5421372E+002, 1.7805680E+002, 1.8189089E+002, 1.7580670E+002, 1.7393480E+002, 1.6088561E+002, 1.4706863E+002, 1.3011992E+002, 1.1986060E+002, 1.1128595E+002, 1.2380584E+002, 1.5970097E+002, 1.7356307E+002, 1.4469721E+002, 1.1976783E+002, 1.4400953E+002, 1.6062766E+002, 1.9522543E+002, 1.9725276E+002, 1.9220656E+002, 2.1056971E+002, 2.4380721E+002, 2.7251901E+002, 2.6286635E+002, 2.4197105E+002
 2.7900834E+002, 1.1665648E+002, 1.1958060E+002, 1.1279014E+002, 1.2089590E+002, 1.2755598E+002, 1.3374331E+002, 1.4209706E+002, 1.4586185E+002, 1.5051134E+002, 1.5314082E+002, 1.5694817E+002, 1.5901051E+002, 1.6101958E+002, 1.6142142E+002, 1.6022742E+002, 1.5844972E+002, 1.5563358E+002, 1.5431281E+002, 1.5323373E+002, 1.5236715E+002, 1.4969736E+002, 1.4761624E+002, 1.5260150E+002, 1.5565974E+002, 1.5875972E+002, 1.6946562E+002, 1.8221069E+002, 1.8878844E+002, 1.9679872E+002, 1.9820080E+002, 1.9782750E+002, 1.9550968E+002, 1.8986393E+002, 1.8850602E+002, 1.8733279E+002, 1.8765408E+002, 1.8800205E+002, 1.8771993E+002, 1.8726123E+002, 1.8650365E+002, 1.8503436E+002, 1.8404471E+002, 1.8257497E+002, 1.8154824E+002, 1.8047631E+002, 1.8006810E+002, 1.8015340E+002, 1.8065843E+002, 1.8148922E+002, 1.8152810E+002, 1.8307127E+002, 1.8822338E+002, 1.9416469E+002, 1.9457050E+002, 1.9029010E+002, 1.8338811E+002, 1.7531335E+002, 1.7579478E+002, 1.7415254E+002, 1.7137097E+002, 1.6323516E+002, 1.5692648E+002, 1.4596986E+002, 1.3969157E+002, 1.3511393E+002, 1.4756304E+002, 1.6867755E+002, 1.7673228E+002, 1.8145810E+002, 1.7712745E+002, 1.6635343E+002, 1.5688780E+002, 1.3956621E+002, 1.2976652E+002, 1.2555556E+002, 1.3832620E+002, 1.6178851E+002, 1.7330319E+002, 1.7386253E+002, 1.6178189E+002, 1.3723231E+002, 1.3073658E+002, 1.4229200E+002, 1.6009192E+002, 1.7792539E+002, 1.8588644E+002, 1.8875361E+002, 1.9655259E+002, 2.2525906E+002, 2.5563469E+002, 2.6687380E+002, 2.6093920E+002, 2.4787255E+002, 2.2343611E+002, 2.3465117E+002, 2.3382881E+002, 2.4521903E+002, 3.0566371E+002, 3.0586382E+002, 2.9198867E+002, 3.1340772E+002, 3.2233656E+002, 2.2404604E+002, 2.0812279E+002, 2.0527328E+002, 1.9385459E+002, 1.8879788E+002, 1.8650719E+002, 1.8009801E+002, 1.7305262E+002, 1.7875179E+002, 1.8270020E+002, 1.8491825E+002, 2.0908735E+002, 1.7313173E+002, 1.7722301E+002, 1.7964701E+002, 1.8151853E+002, 1.8189343E+002, 1.8312427E+002, 1.8439183E+002, 1.8468370E+002, 1.8609888E+002, 1.8262041E+002, 1.7455146E+002, 1.6946036E+002, 1.7552600E+002, 1.9586671E+002, 1.9873405E+002, 1.9804579E+002, 1.9828799E+002, 1.9828757E+002, 1.9852489E+002, 1.9893086E+002, 1.9980801E+002, 1.9925713E+002, 1.9840619E+002, 1.9914218E+002, 1.9942750E+002, 1.9669666E+002, 1.9084193E+002, 1.8061858E+002, 1.8872571E+002, 1.9714078E+002, 2.0061451E+002, 2.0295655E+002, 2.0563440E+002, 2.0668665E+002, 2.0699169E+002, 2.0667199E+002, 2.0574399E+002, 2.0510118E+002, 2.0452493E+002, 2.0494375E+002, 2.0422124E+002, 2.0452108E+002, 2.0495548E+002, 2.0470282E+002, 2.0457403E+002, 2.0394028E+002, 1.1386002E+002, 1.2248255E+002, 1.2801066E+002, 1.3178045E+002, 1.3511001E+002, 1.4107392E+002, 1.4823865E+002, 1.5148036E+002, 1.5485890E+002, 1.5660869E+002, 1.5840271E+002, 1.5908514E+002, 1.5942588E+002, 1.6032310E+002, 1.6376582E+002, 1.6294634E+002, 1.5971310E+002, 1.5747630E+002, 1.5537686E+002, 1.5469396E+002, 1.5356261E+002, 1.5471346E+002, 1.6237590E+002, 1.6512922E+002, 1.6765394E+002, 1.7558592E+002, 1.8617293E+002, 1.9053604E+002, 1.9556682E+002, 1.9675629E+002, 1.9944500E+002, 1.9987653E+002, 1.9837855E+002, 1.9792405E+002, 1.9649599E+002, 1.9635018E+002, 1.9590561E+002, 1.9549138E+002, 1.9529826E+002, 1.9395577E+002, 1.8967735E+002, 1.8681755E+002, 1.8454899E+002, 1.8435075E+002, 1.8446626E+002, 1.8496478E+002, 1.8559748E+002, 1.8573580E+002, 1.8519684E+002, 1.8433742E+002, 1.8619665E+002, 1.9288291E+002, 2.0016118E+002, 2.0131975E+002, 2.0092944E+002, 1.9803290E+002, 1.9647568E+002, 2.0056534E+002, 2.0015197E+002, 1.9264683E+002, 1.7252279E+002, 1.6294083E+002, 1.4996261E+002, 1.4221103E+002, 1.3434308E+002, 1.3935872E+002, 1.6208143E+002, 1.7195624E+002, 1.7729875E+002, 1.7560548E+002, 1.6933597E+002, 1.5944708E+002, 1.4036514E+002, 1.2517953E+002, 1.0913988E+002, 1.0792336E+002, 1.1975725E+002, 1.3749009E+002, 1.5655709E+002, 1.5696075E+002, 1.2996151E+002, 1.2233509E+002, 1.4403696E+002, 1.6117792E+002, 1.8837156E+002, 1.9647332E+002, 1.9102749E+002, 2.1989604E+002, 2.4863135E+002, 2.6104090E+002, 2.5298406E+002, 2.2408026E+002, 2.2339008E+002, 2.6787467E+002
 2.8000868E+002, 1.1057801E+002, 1.1054539E+002, 1.1692979E+002, 1.3346416E+002, 1.4237982E+002, 1.4713716E+002, 1.5141128E+002, 1.5346364E+002, 1.5596723E+002, 1.5657244E+002, 1.5631205E+002, 1.5574653E+002, 1.5431190E+002, 1.5308622E+002, 1.5133982E+002, 1.5042464E+002, 1.4894337E+002, 1.4755077E+002, 1.4577688E+002, 1.4859481E+002, 1.5200551E+002, 1.6061485E+002, 1.7427301E+002, 1.7932283E+002, 1.8800673E+002, 1.9105563E+002, 1.9194327E+002, 1.9212235E+002, 1.9055048E+002, 1.8761715E+002, 1.8416583E+002, 1.8242345E+002, 1.8137606E+002, 1.8172154E+002, 1.8103550E+002, 1.8081164E+002, 1.7984955E+002, 1.7904171E+002, 1.7786576E+002, 1.7719492E+002, 1.7649673E+002, 1.7625709E+002, 1.7634326E+002, 1.7677658E+002, 1.7719888E+002, 1.7704473E+002, 1.7818669E+002, 1.8200871E+002, 1.8731348E+002, 1.8900623E+002, 1.8932597E+002, 1.8643555E+002, 1.7698922E+002, 1.7067800E+002, 1.6676387E+002, 1.6498460E+002, 1.6182567E+002, 1.5783500E+002, 1.5026869E+002, 1.4562615E+002, 1.3736758E+002, 1.3527553E+002, 1.5171693E+002, 1.6044359E+002, 1.7125106E+002, 1.7394563E+002, 1.6872229E+002, 1.6373738E+002, 1.5294645E+002, 1.4298510E+002, 1.2779443E+002, 1.2449197E+002, 1.3914507E+002, 1.4947500E+002, 1.6405848E+002, 1.6669499E+002, 1.5674997E+002, 1.4493033E+002, 1.3305643E+002, 1.3589944E+002, 1.5214210E+002, 1.6591996E+002, 1.7902022E+002, 1.8268802E+002, 1.9078561E+002, 2.1411630E+002, 2.3303890E+002, 2.4228385E+002, 2.3858035E+002, 2.3356400E+002, 2.2772704E+002, 2.2332762E+002, 2.2615666E+002, 2.4245165E+002, 2.6297571E+002, 2.7980521E+002, 2.9510887E+002, 2.6266007E+002, 2.4318565E+002, 2.4429683E+002, 2.5771756E+002, 2.7198336E+002, 2.8687542E+002, 1.8093042E+002, 1.8342628E+002, 1.8397862E+002, 1.8700006E+002, 1.8196632E+002, 1.8779591E+002, 1.7248943E+002, 1.7557142E+002, 1.8380855E+002, 1.8045189E+002, 1.7581433E+002, 1.7114971E+002, 1.7380758E+002, 1.7434151E+002, 1.7720905E+002, 1.7313240E+002, 1.7584082E+002, 1.7106321E+002, 1.6953235E+002, 1.7235537E+002, 1.7859379E+002, 1.7991923E+002, 1.7344608E+002, 1.5229407E+002, 1.8030631E+002, 1.9177313E+002, 1.9293987E+002, 1.9167567E+002, 1.9113399E+002, 1.9452259E+002, 1.9648935E+002, 1.9960268E+002, 2.0124261E+002, 1.9801563E+002, 1.9464414E+002, 1.9524335E+002, 1.9419329E+002, 1.9369846E+002, 1.9072019E+002, 1.7861763E+002, 1.7929827E+002, 1.9097608E+002, 1.9907542E+002, 2.0341565E+002, 2.0445026E+002, 2.0509015E+002, 2.0519172E+002, 2.0552196E+002, 2.0595248E+002, 2.0651214E+002, 2.0650029E+002, 2.0412351E+002, 2.0391453E+002, 2.0239152E+002, 2.0186079E+002, 1.9930439E+002, 1.9855108E+002, 9.6307100E+001, 1.1939803E+002, 1.3634839E+002, 1.4319827E+002, 1.5014628E+002, 1.5357813E+002, 1.5582974E+002, 1.5677644E+002, 1.5738954E+002, 1.5690238E+002, 1.5593038E+002, 1.5585634E+002, 1.5586533E+002, 1.5598553E+002, 1.5493601E+002, 1.5373783E+002, 1.5171835E+002, 1.5091355E+002, 1.5484288E+002, 1.5864189E+002, 1.6187535E+002, 1.6993850E+002, 1.8028893E+002, 1.8404543E+002, 1.8924295E+002, 1.8995937E+002, 1.8808442E+002, 1.8875058E+002, 1.9231636E+002, 1.9278563E+002, 1.9327726E+002, 1.9154845E+002, 1.9086186E+002, 1.9052974E+002, 1.8994318E+002, 1.8973590E+002, 1.8865997E+002, 1.8682332E+002, 1.8300167E+002, 1.8038277E+002, 1.7942276E+002, 1.7967869E+002, 1.8122413E+002, 1.8220271E+002, 1.8278055E+002, 1.8203852E+002, 1.8257333E+002, 1.8633448E+002, 1.9162168E+002, 1.9403884E+002, 1.9630470E+002, 1.9515341E+002, 1.8985308E+002, 1.8721597E+002, 1.8965075E+002, 1.9167285E+002, 1.8786743E+002, 1.7843656E+002, 1.5782160E+002, 1.4904410E+002, 1.3967529E+002, 1.3646564E+002, 1.4743395E+002, 1.5690681E+002, 1.6645097E+002, 1.7060219E+002, 1.6538457E+002, 1.6242728E+002, 1.5552452E+002, 1.4702883E+002, 1.2882134E+002, 1.1888846E+002, 1.1369982E+002, 1.1390351E+002, 1.2358362E+002, 1.3391606E+002, 1.3690534E+002, 1.3458504E+002, 1.2856210E+002, 1.3492329E+002, 1.5004819E+002, 1.6913440E+002, 1.8179799E+002, 1.8069961E+002, 2.0617804E+002, 2.2175312E+002, 2.5123873E+002, 2.5250384E+002, 2.3637474E+002, 2.1966126E+002, 2.0867299E+002, 2.3035314E+002, 2.5634593E+002, 2.5689977E+002
 2.8101409E+002, 9.1742791E+001, 1.0284886E+002, 1.2725905E+002, 1.4320751E+002, 1.4911797E+002, 1.5166396E+002, 1.5204722E+002, 1.5162488E+002, 1.5063211E+002, 1.4988908E+002, 1.4884728E+002, 1.4819663E+002, 1.4709740E+002, 1.4629289E+002, 1.4507840E+002, 1.4474800E+002, 1.4545048E+002, 1.4702446E+002, 1.5915281E+002, 1.6764855E+002, 1.7695597E+002, 1.8356972E+002, 1.8493219E+002, 1.8516575E+002, 1.8576178E+002, 1.8579340E+002, 1.8382293E+002, 1.8214648E+002, 1.7900870E+002, 1.7682136E+002, 1.7602836E+002, 1.7494802E+002, 1.7432486E+002, 1.7395865E+002, 1.7343106E+002, 1.7296492E+002, 1.7239240E+002, 1.7219135E+002, 1.7239397E+002, 1.7283509E+002, 1.7370962E+002, 1.7388752E+002, 1.7366909E+002, 1.7538664E+002, 1.7994816E+002, 1.8263048E+002, 1.8600639E+002, 1.8573445E+002, 1.7972006E+002, 1.7305026E+002, 1.6350996E+002, 1.6088789E+002, 1.5838937E+002, 1.5793023E+002, 1.5582297E+002, 1.5083738E+002, 1.4395761E+002, 1.3945298E+002, 1.3409985E+002, 1.4114215E+002, 1.5332754E+002, 1.6373985E+002, 1.6787212E+002, 1.6388513E+002, 1.5664753E+002, 1.5136743E+002, 1.4144658E+002, 1.3284700E+002, 1.2537244E+002, 1.3035472E+002, 1.4117291E+002, 1.5191514E+002, 1.5777047E+002, 1.5438377E+002, 1.4326349E+002, 1.3501548E+002, 1.3509376E+002, 1.4366866E+002, 1.6249085E+002, 1.7141238E+002, 1.7688065E+002, 1.8751880E+002, 2.0334990E+002, 2.0854634E+002, 2.2597514E+002, 2.2724040E+002, 2.1761837E+002, 2.1555037E+002, 2.2057857E+002, 2.2734499E+002, 2.3541842E+002, 2.4992275E+002, 2.6107927E+002, 2.7059001E+002, 2.7910859E+002, 2.9092056E+002, 2.6981211E+002, 2.3374082E+002, 2.8400624E+002, 3.3180834E+002, 2.6384662E+002, 2.2910414E+002, 2.3195914E+002, 1.7844559E+002, 1.8796414E+002, 1.8938021E+002, 1.8852572E+002, 1.8818133E+002, 2.0551501E+002, 1.6228783E+002, 1.8479090E+002, 1.9368478E+002, 2.0230374E+002, 1.9997593E+002, 1.8784201E+002, 1.7633102E+002, 1.6510433E+002, 1.6575882E+002, 1.7241053E+002, 1.6330316E+002, 1.6583888E+002, 1.6779704E+002, 1.6895128E+002, 1.6912860E+002, 1.7418668E+002, 1.7513545E+002, 1.7237692E+002, 1.6338750E+002, 1.7623741E+002, 1.8713515E+002, 1.8018572E+002, 1.8914100E+002, 2.0004070E+002, 2.0379728E+002, 2.0577501E+002, 2.0520355E+002, 2.0022202E+002, 1.9554516E+002, 1.9999160E+002, 1.9576118E+002, 1.9370921E+002, 1.9124789E+002, 1.8787603E+002, 1.8241408E+002, 1.7058995E+002, 1.8116649E+002, 1.9680170E+002, 2.0196173E+002, 2.0678696E+002, 2.0823281E+002, 2.0921247E+002, 2.0967792E+002, 2.0980354E+002, 2.0901366E+002, 2.0806768E+002, 2.0993624E+002, 2.0627851E+002, 2.0349044E+002, 2.0181814E+002, 1.9851085E+002, 6.8936863E+001, 1.1892109E+002, 1.4801956E+002, 1.5234109E+002, 1.5505973E+002, 1.5551763E+002, 1.5470179E+002, 1.5396017E+002, 1.5284140E+002, 1.5206331E+002, 1.5070917E+002, 1.5005561E+002, 1.4891729E+002, 1.4779916E+002, 1.4707612E+002, 1.4961216E+002, 1.5401679E+002, 1.5735046E+002, 1.7030309E+002, 1.7592500E+002, 1.8342960E+002, 1.8788081E+002, 1.8583286E+002, 1.8336859E+002, 1.8219194E+002, 1.8373190E+002, 1.8658521E+002, 1.8903833E+002, 1.8822617E+002, 1.8672496E+002, 1.8524866E+002, 1.8408839E+002, 1.8333614E+002, 1.8311273E+002, 1.8303657E+002, 1.8108253E+002, 1.7785783E+002, 1.7622254E+002, 1.7558986E+002, 1.7625481E+002, 1.7830707E+002, 1.7887239E+002, 1.7937465E+002, 1.8127144E+002, 1.8533622E+002, 1.8760639E+002, 1.9153146E+002, 1.9197979E+002, 1.8791292E+002, 1.8371364E+002, 1.7917927E+002, 1.8094646E+002, 1.8502248E+002, 1.8694021E+002, 1.8404524E+002, 1.7508779E+002, 1.5667621E+002, 1.4561465E+002, 1.3630753E+002, 1.3936116E+002, 1.5312346E+002, 1.6202032E+002, 1.6834153E+002, 1.6435233E+002, 1.5361979E+002, 1.4747420E+002, 1.3937124E+002, 1.3403989E+002, 1.2291898E+002, 1.1996759E+002, 1.1849183E+002, 1.1927745E+002, 1.2233212E+002, 1.2461688E+002, 1.2422923E+002, 1.2244571E+002, 1.2666547E+002, 1.4039029E+002, 1.6218029E+002, 1.7419744E+002, 1.7521735E+002, 1.7991814E+002, 1.9833509E+002, 1.9609509E+002, 2.1820675E+002, 2.1500894E+002, 2.2518146E+002, 2.1451477E+002, 2.1172301E+002, 2.2506145E+002, 2.4892984E+002, 2.6264499E+002, 2.6976829E+002, 2.6262066E+002
 2.8200519E+002, 8.7593283E+001, 1.0242269E+002, 1.3692725E+002, 1.4598997E+002, 1.4683684E+002, 1.4632283E+002, 1.4542866E+002, 1.4483302E+002, 1.4396442E+002, 1.4338553E+002, 1.4239518E+002, 1.4208969E+002, 1.4304082E+002, 1.4382619E+002, 1.4716898E+002, 1.5460808E+002, 1.6467752E+002, 1.7141648E+002, 1.7905636E+002, 1.7929646E+002, 1.7933265E+002, 1.7989801E+002, 1.8037195E+002, 1.7943519E+002, 1.7797554E+002, 1.7628112E+002, 1.7345792E+002, 1.7241223E+002, 1.7008778E+002, 1.6916608E+002, 1.6902704E+002, 1.6904248E+002, 1.6912155E+002, 1.6901433E+002, 1.6868887E+002, 1.6887260E+002, 1.6966423E+002, 1.7016564E+002, 1.7036392E+002, 1.7087766E+002, 1.7405636E+002, 1.7651942E+002, 1.8055021E+002, 1.8291914E+002, 1.8111478E+002, 1.7671121E+002, 1.6620808E+002, 1.5870566E+002, 1.5388301E+002, 1.5279032E+002, 1.5483776E+002, 1.5501247E+002, 1.4990291E+002, 1.4582271E+002, 1.3908050E+002, 1.3467824E+002, 1.3598853E+002, 1.4306003E+002, 1.5489227E+002, 1.6425612E+002, 1.6024792E+002, 1.5532375E+002, 1.4756263E+002, 1.4152590E+002, 1.3049543E+002, 1.2473121E+002, 1.2792025E+002, 1.3250328E+002, 1.4559051E+002, 1.4774685E+002, 1.4461737E+002, 1.4086339E+002, 1.3278022E+002, 1.2921053E+002, 1.4027044E+002, 1.5104890E+002, 1.6926358E+002, 1.7698232E+002, 1.8830460E+002, 1.9079703E+002, 2.0162906E+002, 2.0916294E+002, 2.0608117E+002, 2.0695762E+002, 2.1161133E+002, 2.1744519E+002, 2.2630394E+002, 2.3570816E+002, 2.4360730E+002, 2.4778453E+002, 2.4982013E+002, 2.4418191E+002, 2.3835325E+002, 2.3499066E+002, 2.4006768E+002, 2.7391939E+002, 2.9982012E+002, 3.4115992E+002, 3.4941638E+002, 3.5306343E+002, 3.4504574E+002, 2.9539093E+002, 2.6278428E+002, 1.6683316E+002, 2.1390097E+002, 1.8980693E+002, 1.9005157E+002, 1.9984871E+002, 2.1397025E+002, 1.5455912E+002, 1.8885490E+002, 2.0534363E+002, 2.0668300E+002, 2.0230338E+002, 2.0032621E+002, 2.0377940E+002, 2.0347700E+002, 1.9199827E+002, 1.7319914E+002, 1.6349269E+002, 1.5909939E+002, 1.6439977E+002, 1.6688970E+002, 1.6781537E+002, 1.7036703E+002, 1.7025297E+002, 1.6925710E+002, 1.7059737E+002, 1.5883236E+002, 1.7043216E+002, 1.8375773E+002, 1.9179902E+002, 2.0018112E+002, 1.9886424E+002, 1.9497288E+002, 1.9241663E+002, 1.9041894E+002, 1.9130950E+002, 1.9411781E+002, 1.9608655E+002, 1.9198038E+002, 1.9119762E+002, 1.8928507E+002, 1.8694811E+002, 1.8206459E+002, 1.6778644E+002, 1.8646080E+002, 1.9873446E+002, 2.0383376E+002, 2.0535629E+002, 2.0692906E+002, 2.0732107E+002, 2.0753197E+002, 2.0768345E+002, 2.0756814E+002, 2.0697740E+002, 2.0701511E+002, 2.0608740E+002, 2.0200170E+002, 2.0292601E+002, 6.6313314E+001, 1.2801561E+002, 1.5107170E+002, 1.5226072E+002, 1.5119080E+002, 1.5032750E+002, 1.4895166E+002, 1.4775670E+002, 1.4575568E+002, 1.4453304E+002, 1.4306919E+002, 1.4300042E+002, 1.4603019E+002, 1.4868420E+002, 1.5694651E+002, 1.6608007E+002, 1.7406212E+002, 1.8013884E+002, 1.8474671E+002, 1.8339223E+002, 1.8055415E+002, 1.8012569E+002, 1.8150668E+002, 1.8279506E+002, 1.8523386E+002, 1.8495596E+002, 1.8308958E+002, 1.8167341E+002, 1.7898030E+002, 1.7825371E+002, 1.7839152E+002, 1.7936544E+002, 1.8073970E+002, 1.7975996E+002, 1.7579516E+002, 1.7348820E+002, 1.7376357E+002, 1.7485621E+002, 1.7542494E+002, 1.7664562E+002, 1.8052496E+002, 1.8262119E+002, 1.8612326E+002, 1.8823410E+002, 1.8673733E+002, 1.8334448E+002, 1.7599645E+002, 1.7155649E+002, 1.7331983E+002, 1.7615227E+002, 1.8060783E+002, 1.7966052E+002, 1.6868509E+002, 1.5923861E+002, 1.4575938E+002, 1.3899854E+002, 1.3501568E+002, 1.4155759E+002, 1.5387842E+002, 1.6420152E+002, 1.6353603E+002, 1.5675259E+002, 1.4694134E+002, 1.4047058E+002, 1.2938192E+002, 1.2386469E+002, 1.2168250E+002, 1.2098711E+002, 1.2108932E+002, 1.1875244E+002, 1.1385030E+002, 1.1345310E+002, 1.1451039E+002, 1.1537749E+002, 1.2940716E+002, 1.4685066E+002, 1.7052768E+002, 1.7588799E+002, 1.8182886E+002, 1.8720699E+002, 1.9120525E+002, 2.0387521E+002, 2.0271419E+002, 1.9545401E+002, 2.0754230E+002, 2.0908500E+002, 2.2129141E+002, 2.3830013E+002, 2.5373055E+002, 2.6928639E+002, 2.7279000E+002, 2.4660070E+002, 2.3180757E+002, 2.1900511E+002
 2.8300814E+002, 9.8896350E+001, 1.1253729E+002, 1.3669174E+002, 1.3994146E+002, 1.4053931E+002, 1.4028090E+002, 1.3949078E+002, 1.3886060E+002, 1.3915999E+002, 1.4044803E+002, 1.4296292E+002, 1.4584497E+002, 1.5509676E+002, 1.6109242E+002, 1.7244524E+002, 1.7478385E+002, 1.7448244E+002, 1.7447556E+002, 1.7537634E+002, 1.7620530E+002, 1.7613893E+002, 1.7455465E+002, 1.7152049E+002, 1.6984722E+002, 1.6796273E+002, 1.6600178E+002, 1.6468147E+002, 1.6489474E+002, 1.6599522E+002, 1.6698368E+002, 1.6753220E+002, 1.6714548E+002, 1.6642932E+002, 1.6666407E+002, 1.6733260E+002, 1.6738562E+002, 1.6774068E+002, 1.6920608E+002, 1.7356491E+002, 1.7724453E+002, 1.7925436E+002, 1.7761127E+002, 1.7245070E+002, 1.6663092E+002, 1.5426397E+002, 1.4812383E+002, 1.4650640E+002, 1.4985493E+002, 1.5177163E+002, 1.4784673E+002, 1.4138712E+002, 1.3742672E+002, 1.3200008E+002, 1.3097881E+002, 1.3903387E+002, 1.4668394E+002, 1.6038583E+002, 1.5991022E+002, 1.5381300E+002, 1.4930920E+002, 1.4234731E+002, 1.3690304E+002, 1.2612612E+002, 1.2118078E+002, 1.2729985E+002, 1.3730664E+002, 1.4083044E+002, 1.3783703E+002, 1.3243699E+002, 1.2873816E+002, 1.2406356E+002, 1.2932432E+002, 1.4482027E+002, 1.6060906E+002, 1.7464213E+002, 1.7973111E+002, 1.8935603E+002, 1.9686842E+002, 1.9596550E+002, 1.9630510E+002, 2.0101619E+002, 2.0747091E+002, 2.1631773E+002, 2.2382122E+002, 2.3560197E+002, 2.4033971E+002, 2.3667834E+002, 2.3237496E+002, 2.2400956E+002, 2.1791876E+002, 2.1569191E+002, 2.2144506E+002, 2.2202198E+002, 2.2498896E+002, 2.5722898E+002, 2.9264051E+002, 2.8734915E+002, 3.0766768E+002, 2.9992626E+002, 2.8917092E+002, 2.2963132E+002, 2.1582835E+002, 2.0610842E+002, 2.2473330E+002, 2.0917552E+002, 1.7374952E+002, 1.9366609E+002, 2.0642328E+002, 2.2459269E+002, 1.8575269E+002, 1.9228021E+002, 1.9423295E+002, 1.8936937E+002, 1.8894665E+002, 1.9827258E+002, 2.0572922E+002, 2.0866411E+002, 2.0934125E+002, 2.0903494E+002, 2.0712988E+002, 1.8824447E+002, 1.7192242E+002, 1.6355533E+002, 1.6731235E+002, 1.6885714E+002, 1.6524726E+002, 1.6684210E+002, 1.7211781E+002, 1.7328259E+002, 1.4746264E+002, 1.8538550E+002, 1.8677480E+002, 1.8573488E+002, 1.8204565E+002, 1.7955007E+002, 1.7918493E+002, 1.8003918E+002, 1.8098390E+002, 1.8380590E+002, 1.8553864E+002, 1.8779390E+002, 1.8888038E+002, 1.8756274E+002, 1.8528139E+002, 1.8132290E+002, 1.8116488E+002, 1.6193789E+002, 1.8189363E+002, 1.9799468E+002, 1.9979890E+002, 2.0171221E+002, 2.0242222E+002, 2.0320033E+002, 2.0365739E+002, 2.0432926E+002, 2.0457940E+002, 2.0449778E+002, 2.0443615E+002, 2.0376109E+002, 2.0227181E+002, 8.3889348E+001, 1.4358847E+002, 1.4685313E+002, 1.4653714E+002, 1.4478028E+002, 1.4340180E+002, 1.4115674E+002, 1.3983717E+002, 1.4016810E+002, 1.4231354E+002, 1.4693887E+002, 1.5334507E+002, 1.6522295E+002, 1.7127246E+002, 1.8122465E+002, 1.8176323E+002, 1.7942496E+002, 1.7775277E+002, 1.7569415E+002, 1.7585990E+002, 1.7868371E+002, 1.8102467E+002, 1.8064720E+002, 1.7908541E+002, 1.7616581E+002, 1.7430698E+002, 1.7333607E+002, 1.7426361E+002, 1.7732608E+002, 1.8006111E+002, 1.8205758E+002, 1.8044802E+002, 1.7404946E+002, 1.7129372E+002, 1.7072266E+002, 1.7175000E+002, 1.7348932E+002, 1.7585072E+002, 1.8112478E+002, 1.8430160E+002, 1.8484458E+002, 1.8292964E+002, 1.7884357E+002, 1.7412587E+002, 1.6555739E+002, 1.6344157E+002, 1.6836154E+002, 1.7530251E+002, 1.7628151E+002, 1.6797663E+002, 1.5138383E+002, 1.4294001E+002, 1.3582979E+002, 1.3321214E+002, 1.3648790E+002, 1.4348491E+002, 1.5762540E+002, 1.6285084E+002, 1.5642176E+002, 1.5040178E+002, 1.4158306E+002, 1.3643289E+002, 1.2612900E+002, 1.2097246E+002, 1.2348389E+002, 1.2697501E+002, 1.2420118E+002, 1.1810133E+002, 1.0999988E+002, 1.0782867E+002, 1.0907222E+002, 1.1430287E+002, 1.3210140E+002, 1.5228610E+002, 1.7705230E+002, 1.8130770E+002, 1.8548384E+002, 1.9204961E+002, 2.0397819E+002, 2.0202353E+002, 1.9714800E+002, 1.9926639E+002, 2.0328291E+002, 1.9818901E+002, 2.1021816E+002, 2.2288385E+002, 2.6268516E+002, 2.6826579E+002, 2.5701471E+002, 2.2383344E+002, 1.7242152E+002, 1.7640911E+002, 2.1135616E+002, 2.4118097E+002
 2.8400804E+002, 9.8117768E+001, 1.2352740E+002, 1.2506808E+002, 1.3432387E+002, 1.3556284E+002, 1.3616750E+002, 1.3862013E+002, 1.4084454E+002, 1.4534325E+002, 1.5037695E+002, 1.6045242E+002, 1.6907163E+002, 1.7134803E+002, 1.7045528E+002, 1.7027526E+002, 1.7100107E+002, 1.7198988E+002, 1.7263200E+002, 1.7205355E+002, 1.7046966E+002, 1.6663573E+002, 1.6520532E+002, 1.6225886E+002, 1.6047923E+002, 1.6017820E+002, 1.6111102E+002, 1.6417742E+002, 1.6580586E+002, 1.6614916E+002, 1.6536602E+002, 1.6444278E+002, 1.6438053E+002, 1.6449219E+002, 1.6471196E+002, 1.6617106E+002, 1.6889396E+002, 1.7440875E+002, 1.7600746E+002, 1.7417255E+002, 1.7193047E+002, 1.6675419E+002, 1.5956133E+002, 1.4400789E+002, 1.3850975E+002, 1.4422943E+002, 1.4982895E+002, 1.4764206E+002, 1.4354849E+002, 1.3648835E+002, 1.3226676E+002, 1.2841339E+002, 1.3089355E+002, 1.4262873E+002, 1.5437379E+002, 1.5712500E+002, 1.5396751E+002, 1.4762539E+002, 1.4409460E+002, 1.3821199E+002, 1.3373832E+002, 1.2546806E+002, 1.2032538E+002, 1.2342708E+002, 1.3488952E+002, 1.3567509E+002, 1.3203958E+002, 1.2609461E+002, 1.2223493E+002, 1.2282512E+002, 1.3114845E+002, 1.5544755E+002, 1.6711214E+002, 1.7451945E+002, 1.8123289E+002, 1.8948605E+002, 1.8961854E+002, 1.9136817E+002, 1.9599868E+002, 2.0291650E+002, 2.0859171E+002, 2.1957019E+002, 2.2714531E+002, 2.3151697E+002, 2.3031013E+002, 2.2456424E+002, 2.1827913E+002, 2.0472811E+002, 1.9655795E+002, 1.9866830E+002, 2.0718597E+002, 2.1219462E+002, 2.1719901E+002, 2.3520616E+002, 2.6298034E+002, 2.6290027E+002, 2.7373394E+002, 2.7841929E+002, 2.8217551E+002, 2.2089437E+002, 2.6616174E+002, 2.5302073E+002, 1.8615740E+002, 1.9510185E+002, 2.0702444E+002, 2.0698343E+002, 1.8091079E+002, 1.5232943E+002, 2.1275734E+002, 2.2377640E+002, 2.0036423E+002, 1.8202452E+002, 1.8358570E+002, 1.8808373E+002, 1.9222335E+002, 2.0453213E+002, 2.0588864E+002, 2.0693524E+002, 2.1049437E+002, 2.1766292E+002, 2.2003258E+002, 2.1517344E+002, 2.1101462E+002, 1.9957239E+002, 1.8008686E+002, 1.5760983E+002, 1.6068368E+002, 1.6947922E+002, 1.7064422E+002, 1.7844552E+002, 1.4564292E+002, 1.8163191E+002, 1.7556902E+002, 1.7351520E+002, 1.7407498E+002, 1.7590475E+002, 1.7801025E+002, 1.8260953E+002, 1.8592754E+002, 1.8831251E+002, 1.8941044E+002, 1.8758300E+002, 1.8545592E+002, 1.8547738E+002, 1.8570083E+002, 1.8395942E+002, 1.8019746E+002, 1.7526268E+002, 1.6782997E+002, 1.7985609E+002, 1.9214514E+002, 1.9422639E+002, 1.9789653E+002, 2.0302094E+002, 2.0509997E+002, 2.0546421E+002, 2.0516689E+002, 2.0522676E+002, 2.0507498E+002, 2.0522239E+002, 2.0312065E+002, 8.8813340E+001, 1.4150676E+002, 1.3924027E+002, 1.3980339E+002, 1.3797028E+002, 1.3754784E+002, 1.3888113E+002, 1.4223154E+002, 1.5160832E+002, 1.5947522E+002, 1.7148274E+002, 1.7831179E+002, 1.7852244E+002, 1.7683904E+002, 1.7475527E+002, 1.7348256E+002, 1.7200095E+002, 1.7250671E+002, 1.7537718E+002, 1.7762156E+002, 1.7572041E+002, 1.7349523E+002, 1.7011740E+002, 1.6873975E+002, 1.6961575E+002, 1.7207360E+002, 1.7766830E+002, 1.8028328E+002, 1.8029650E+002, 1.7753376E+002, 1.7139753E+002, 1.6854186E+002, 1.6741004E+002, 1.6798426E+002, 1.7074651E+002, 1.7424798E+002, 1.8110812E+002, 1.8293086E+002, 1.8051461E+002, 1.7838493E+002, 1.7361514E+002, 1.6653085E+002, 1.5530281E+002, 1.5601694E+002, 1.6856845E+002, 1.7626753E+002, 1.7545218E+002, 1.6874384E+002, 1.5082652E+002, 1.3857266E+002, 1.3182391E+002, 1.3274909E+002, 1.4091161E+002, 1.5043858E+002, 1.5939925E+002, 1.5809732E+002, 1.5015108E+002, 1.4593114E+002, 1.3919989E+002, 1.3373328E+002, 1.2534081E+002, 1.2007144E+002, 1.2280569E+002, 1.3029914E+002, 1.2729692E+002, 1.2121672E+002, 1.1275678E+002, 1.0924036E+002, 1.1223679E+002, 1.2089847E+002, 1.4353467E+002, 1.5996169E+002, 1.7899676E+002, 1.8332848E+002, 1.9008387E+002, 1.9245534E+002, 1.9844831E+002, 1.9514706E+002, 1.9854840E+002, 2.0353698E+002, 2.0252306E+002, 2.0375566E+002, 2.1140498E+002, 2.1832807E+002, 2.3629817E+002, 2.2616318E+002, 2.1590781E+002, 1.7788504E+002, 1.5443735E+002, 1.6157687E+002, 2.0352451E+002, 2.3898966E+002, 2.7196549E+002, 2.8037154E+002
 2.8500159E+002, 8.5985916E+001, 1.2667855E+002, 1.2273264E+002, 1.3427800E+002, 1.3951550E+002, 1.4299174E+002, 1.5042882E+002, 1.5729594E+002, 1.6718956E+002, 1.6794266E+002, 1.6632581E+002, 1.6615922E+002, 1.6723056E+002, 1.6784270E+002, 1.6895829E+002, 1.6932981E+002, 1.6797205E+002, 1.6556332E+002, 1.6198426E+002, 1.6036636E+002, 1.5749565E+002, 1.5702156E+002, 1.5737535E+002, 1.5878994E+002, 1.6254136E+002, 1.6370708E+002, 1.6321653E+002, 1.6224966E+002, 1.6131791E+002, 1.6127491E+002, 1.6227304E+002, 1.6393864E+002, 1.6823090E+002, 1.7147429E+002, 1.7382260E+002, 1.7283268E+002, 1.6969819E+002, 1.6786537E+002, 1.6320905E+002, 1.5604997E+002, 1.3800415E+002, 1.3051146E+002, 1.4138807E+002, 1.4699214E+002, 1.4536943E+002, 1.4149935E+002, 1.3363576E+002, 1.2889676E+002, 1.2782920E+002, 1.3246719E+002, 1.4870774E+002, 1.5458970E+002, 1.5118196E+002, 1.4621282E+002, 1.4071319E+002, 1.3784411E+002, 1.3266120E+002, 1.2865268E+002, 1.2173853E+002, 1.1877893E+002, 1.2233374E+002, 1.3081957E+002, 1.3139612E+002, 1.2796840E+002, 1.2257561E+002, 1.1894963E+002, 1.2384078E+002, 1.3677068E+002, 1.6291355E+002, 1.6932028E+002, 1.7933612E+002, 1.8356429E+002, 1.8603009E+002, 1.8822335E+002, 1.9296608E+002, 1.9738407E+002, 2.0562690E+002, 2.1122429E+002, 2.1742049E+002, 2.1850007E+002, 2.1843203E+002, 2.1521748E+002, 2.0318112E+002, 1.9113569E+002, 1.7144761E+002, 1.7316581E+002, 1.9231379E+002, 2.0114406E+002, 2.1181714E+002, 2.2688482E+002, 2.4666636E+002, 2.5582992E+002, 2.5841680E+002, 2.6295397E+002, 2.7389711E+002, 2.7520928E+002, 2.6630466E+002, 2.6149531E+002, 2.8512925E+002, 2.8804104E+002, 2.3313870E+002, 2.0063421E+002, 2.4323511E+002, 2.5802910E+002, 2.6949232E+002, 2.5896156E+002, 2.1397214E+002, 1.8454110E+002, 1.9679511E+002, 1.8297689E+002, 1.8169562E+002, 1.8829459E+002, 1.9308029E+002, 1.9518321E+002, 1.9978956E+002, 1.9983323E+002, 2.0332242E+002, 2.0686751E+002, 2.1274807E+002, 2.1810659E+002, 2.1882394E+002, 2.1781192E+002, 2.1979705E+002, 2.1830083E+002, 2.0239108E+002, 1.6972578E+002, 1.6475019E+002, 1.6999144E+002, 1.7565534E+002, 1.6295354E+002, 1.7210023E+002, 1.5888506E+002, 1.6745058E+002, 1.7456364E+002, 1.8257349E+002, 1.8628911E+002, 1.8913331E+002, 1.9021543E+002, 1.9149562E+002, 1.9086785E+002, 1.8821078E+002, 1.8612173E+002, 1.8396649E+002, 1.8353347E+002, 1.8319000E+002, 1.8306538E+002, 1.8134754E+002, 1.7683168E+002, 1.6593535E+002, 1.6645834E+002, 1.8712507E+002, 1.9354342E+002, 2.0000609E+002, 2.0193874E+002, 2.0512128E+002, 2.0681357E+002, 2.0816671E+002, 2.0862838E+002, 2.0913852E+002, 2.1008682E+002, 8.8485540E+001, 1.3335584E+002, 1.3506745E+002, 1.3743223E+002, 1.4105157E+002, 1.4568687E+002, 1.5807018E+002, 1.6713933E+002, 1.7572177E+002, 1.7548511E+002, 1.7312571E+002, 1.7205263E+002, 1.7065581E+002, 1.6974748E+002, 1.6977206E+002, 1.7098545E+002, 1.7350371E+002, 1.7330073E+002, 1.7021397E+002, 1.6820891E+002, 1.6599426E+002, 1.6650579E+002, 1.6868006E+002, 1.7137302E+002, 1.7566927E+002, 1.7639103E+002, 1.7370353E+002, 1.7026222E+002, 1.6626839E+002, 1.6541305E+002, 1.6593117E+002, 1.6726007E+002, 1.7106104E+002, 1.7424765E+002, 1.7806321E+002, 1.7863670E+002, 1.7631168E+002, 1.7464899E+002, 1.6944885E+002, 1.6197042E+002, 1.4779814E+002, 1.4881993E+002, 1.6560007E+002, 1.7113096E+002, 1.6701775E+002, 1.5839783E+002, 1.4483463E+002, 1.3670308E+002, 1.2988497E+002, 1.3346897E+002, 1.4642932E+002, 1.5542196E+002, 1.5576513E+002, 1.5059797E+002, 1.4374425E+002, 1.4029259E+002, 1.3497267E+002, 1.3069904E+002, 1.2327225E+002, 1.1944290E+002, 1.2205058E+002, 1.2909657E+002, 1.2696729E+002, 1.2128948E+002, 1.1542673E+002, 1.1217056E+002, 1.1842342E+002, 1.3064595E+002, 1.5751723E+002, 1.6880969E+002, 1.8294051E+002, 1.8695840E+002, 1.8958221E+002, 1.9168945E+002, 1.9311459E+002, 1.9343933E+002, 1.9966124E+002, 2.0450640E+002, 2.0270141E+002, 2.0169391E+002, 2.1660929E+002, 2.2791505E+002, 2.2096393E+002, 1.9362120E+002, 1.3654988E+002, 1.3011570E+002, 1.6009988E+002, 1.9016033E+002, 2.2775123E+002, 2.6194275E+002, 2.7657858E+002, 2.7474251E+002, 2.7998500E+002, 2.7758673E+002
 2.8601553E+002, 8.3274683E+001, 1.2339305E+002, 1.2797063E+002, 1.4319076E+002, 1.5993150E+002, 1.6486551E+002, 1.6448924E+002, 1.6295955E+002, 1.6254285E+002, 1.6318614E+002, 1.6441157E+002, 1.6553515E+002, 1.6656365E+002, 1.6588964E+002, 1.6243353E+002, 1.5983770E+002, 1.5685427E+002, 1.5516175E+002, 1.5474387E+002, 1.5497638E+002, 1.5600570E+002, 1.5794783E+002, 1.6016868E+002, 1.6032478E+002, 1.5953464E+002, 1.5891834E+002, 1.5826594E+002, 1.5905261E+002, 1.6312571E+002, 1.6657492E+002, 1.7009759E+002, 1.7067439E+002, 1.6937111E+002, 1.6762151E+002, 1.6539721E+002, 1.6392856E+002, 1.5847510E+002, 1.5081693E+002, 1.3142255E+002, 1.2521883E+002, 1.4115414E+002, 1.4562881E+002, 1.4186616E+002, 1.3684350E+002, 1.3003209E+002, 1.2502761E+002, 1.2743322E+002, 1.3911847E+002, 1.5179193E+002, 1.5171065E+002, 1.4557028E+002, 1.4009615E+002, 1.3498214E+002, 1.3184235E+002, 1.2658529E+002, 1.2263052E+002, 1.1683590E+002, 1.1667583E+002, 1.2525407E+002, 1.2920623E+002, 1.2662871E+002, 1.2352298E+002, 1.1907197E+002, 1.1595540E+002, 1.2463364E+002, 1.4750931E+002, 1.6712730E+002, 1.7393278E+002, 1.7961694E+002, 1.8191739E+002, 1.8578750E+002, 1.8876662E+002, 1.9576949E+002, 2.0140945E+002, 2.0731289E+002, 2.0740630E+002, 2.0607766E+002, 2.0721951E+002, 2.0909692E+002, 2.0912197E+002, 1.9120159E+002, 1.6433988E+002, 1.5225362E+002, 1.6419467E+002, 1.9028398E+002, 2.0153166E+002, 2.2450247E+002, 2.4381411E+002, 2.5091785E+002, 2.5689582E+002, 2.6101610E+002, 2.7585006E+002, 2.7738009E+002, 2.7176883E+002, 2.5772458E+002, 2.6290588E+002, 2.6270943E+002, 2.5749128E+002, 2.5125704E+002, 2.6836316E+002, 2.2451183E+002, 2.4584538E+002, 2.6020239E+002, 2.8641366E+002, 2.7860223E+002, 2.4762577E+002, 2.3422104E+002, 2.3000516E+002, 2.2764367E+002, 2.1785264E+002, 1.9281632E+002, 1.8585856E+002, 2.0397568E+002, 2.0676919E+002, 2.0507285E+002, 2.0245514E+002, 1.9705355E+002, 1.9776297E+002, 2.0462307E+002, 2.0848253E+002, 2.1328139E+002, 2.1325672E+002, 2.1116996E+002, 2.1190685E+002, 2.1486496E+002, 2.1598353E+002, 2.0259832E+002, 1.8032316E+002, 1.6581470E+002, 1.5728937E+002, 1.7062939E+002, 1.6205325E+002, 1.5970420E+002, 1.7530814E+002, 1.8389288E+002, 1.8549637E+002, 1.8694837E+002, 1.8681912E+002, 1.8631325E+002, 1.8581019E+002, 1.8528898E+002, 1.8511997E+002, 1.8302597E+002, 1.8231880E+002, 1.8180354E+002, 1.8055228E+002, 1.8022608E+002, 1.7973773E+002, 1.7914832E+002, 1.7025999E+002, 1.5698252E+002, 1.8702075E+002, 2.0102149E+002, 2.0724095E+002, 2.1262656E+002, 2.1438607E+002, 2.1472225E+002, 2.1393231E+002, 2.1200294E+002, 2.1012844E+002, 7.2758504E+001, 1.2502461E+002, 1.4124709E+002, 1.5179108E+002, 1.6897426E+002, 1.7296488E+002, 1.7203725E+002, 1.7038878E+002, 1.6882653E+002, 1.6814811E+002, 1.6772203E+002, 1.6823445E+002, 1.7003827E+002, 1.7074832E+002, 1.6953400E+002, 1.6768883E+002, 1.6495674E+002, 1.6377067E+002, 1.6453636E+002, 1.6581088E+002, 1.6779307E+002, 1.6930176E+002, 1.7075822E+002, 1.7019791E+002, 1.6652835E+002, 1.6397703E+002, 1.6309138E+002, 1.6346392E+002, 1.6648756E+002, 1.6924066E+002, 1.7218250E+002, 1.7320748E+002, 1.7416683E+002, 1.7374653E+002, 1.7192651E+002, 1.6996994E+002, 1.6268092E+002, 1.5322729E+002, 1.4087938E+002, 1.4520939E+002, 1.6354672E+002, 1.6899668E+002, 1.6386761E+002, 1.5071074E+002, 1.3643468E+002, 1.3072268E+002, 1.2954578E+002, 1.3740568E+002, 1.5246200E+002, 1.5472332E+002, 1.4992277E+002, 1.4488804E+002, 1.3884399E+002, 1.3521200E+002, 1.2965084E+002, 1.2559034E+002, 1.1984447E+002, 1.1830676E+002, 1.2461539E+002, 1.2915908E+002, 1.2434921E+002, 1.1816379E+002, 1.1375191E+002, 1.1224066E+002, 1.2111273E+002, 1.4168513E+002, 1.6556927E+002, 1.7582111E+002, 1.8452516E+002, 1.8647024E+002, 1.8877517E+002, 1.8996776E+002, 1.9056023E+002, 1.9372173E+002, 2.0520388E+002, 2.0456428E+002, 1.9181709E+002, 1.9300523E+002, 2.2017404E+002, 2.2399999E+002, 2.0745562E+002, 1.6257165E+002, 1.2010210E+002, 1.2313660E+002, 1.8304964E+002, 2.0553311E+002, 2.6257402E+002, 2.6984440E+002, 2.6940773E+002, 2.7327299E+002, 2.8517778E+002, 2.9058680E+002, 2.7816502E+002, 2.8870749E+002
 2.8701449E+002, 5.3461216E+001, 1.1982253E+002, 1.4622032E+002, 1.5928641E+002, 1.5893262E+002, 1.5883692E+002, 1.5976473E+002, 1.6090226E+002, 1.6275926E+002, 1.6357009E+002, 1.6250436E+002, 1.6022243E+002, 1.5650221E+002, 1.5464809E+002, 1.5301360E+002, 1.5299587E+002, 1.5365590E+002, 1.5386428E+002, 1.5452529E+002, 1.5548124E+002, 1.5659216E+002, 1.5662434E+002, 1.5608594E+002, 1.5627267E+002, 1.5809384E+002, 1.6042375E+002, 1.6441504E+002, 1.6624471E+002, 1.6677024E+002, 1.6601149E+002, 1.6408098E+002, 1.6270351E+002, 1.6060912E+002, 1.5809477E+002, 1.5067394E+002, 1.4184059E+002, 1.2654507E+002, 1.2670540E+002, 1.4011324E+002, 1.4350516E+002, 1.3994063E+002, 1.3514859E+002, 1.2796796E+002, 1.2369355E+002, 1.2767503E+002, 1.4032403E+002, 1.4902316E+002, 1.4685136E+002, 1.4047183E+002, 1.3614962E+002, 1.3107901E+002, 1.2792481E+002, 1.2206637E+002, 1.1789045E+002, 1.1511977E+002, 1.1835169E+002, 1.2521567E+002, 1.2570837E+002, 1.2201193E+002, 1.1911343E+002, 1.1519093E+002, 1.1505159E+002, 1.3405972E+002, 1.5429752E+002, 1.6993200E+002, 1.7444147E+002, 1.7859167E+002, 1.8082213E+002, 1.8624617E+002, 1.9084917E+002, 1.9774630E+002, 2.0029322E+002, 1.9893416E+002, 1.9708901E+002, 1.9870068E+002, 2.0225780E+002, 2.0428277E+002, 1.9941829E+002, 1.7705860E+002, 1.5732021E+002, 1.5524285E+002, 1.6953320E+002, 1.9492563E+002, 2.1165094E+002, 2.3737494E+002, 2.4451068E+002, 2.4420081E+002, 2.5444035E+002, 2.6294050E+002, 2.6084307E+002, 2.6031498E+002, 2.5835531E+002, 2.6180439E+002, 2.6751713E+002, 2.5396740E+002, 2.3777143E+002, 2.3329309E+002, 2.3290930E+002, 2.3427215E+002, 2.2748108E+002, 2.4302737E+002, 2.6810814E+002, 2.7497607E+002, 2.7153216E+002, 2.6732638E+002, 2.7347228E+002, 2.3331138E+002, 2.3142594E+002, 2.3147035E+002, 2.2714507E+002, 2.2102711E+002, 2.1513920E+002, 1.9502742E+002, 2.0624320E+002, 2.0816017E+002, 2.0756692E+002, 2.0089648E+002, 1.9739643E+002, 1.9444236E+002, 1.9530659E+002, 2.0043297E+002, 2.0553870E+002, 2.0983600E+002, 2.0941469E+002, 2.0720118E+002, 2.0648853E+002, 2.1041134E+002, 2.1088990E+002, 1.8937932E+002, 1.5501492E+002, 1.6657159E+002, 1.5827784E+002, 1.5674024E+002, 1.7281632E+002, 1.8017289E+002, 1.8111570E+002, 1.7802907E+002, 1.7840128E+002, 1.8191856E+002, 1.8413938E+002, 1.8560550E+002, 1.8571845E+002, 1.8558559E+002, 1.8489149E+002, 1.8471690E+002, 1.8360936E+002, 1.7813350E+002, 1.7728337E+002, 1.7475002E+002, 1.7678567E+002, 1.4511765E+002, 1.8670261E+002, 2.0391559E+002, 2.0898683E+002, 2.1286056E+002, 2.1419076E+002, 2.1503421E+002, 2.1519777E+002, 2.1414224E+002, 2.1418873E+002, 4.5025948E+001, 1.2601750E+002, 1.6683160E+002, 1.6890181E+002, 1.6687665E+002, 1.6606207E+002, 1.6567146E+002, 1.6599405E+002, 1.6692831E+002, 1.6755390E+002, 1.6759196E+002, 1.6641235E+002, 1.6402057E+002, 1.6271490E+002, 1.6207332E+002, 1.6279933E+002, 1.6422513E+002, 1.6429319E+002, 1.6385424E+002, 1.6419763E+002, 1.6609042E+002, 1.6623867E+002, 1.6263291E+002, 1.6026123E+002, 1.6119989E+002, 1.6355365E+002, 1.6756926E+002, 1.6942235E+002, 1.7043368E+002, 1.7062666E+002, 1.7033842E+002, 1.6941172E+002, 1.6611838E+002, 1.6185873E+002, 1.5151094E+002, 1.4369926E+002, 1.3944325E+002, 1.4676903E+002, 1.6328498E+002, 1.6925808E+002, 1.6524265E+002, 1.5521748E+002, 1.3826881E+002, 1.2949389E+002, 1.2944428E+002, 1.3974649E+002, 1.5176400E+002, 1.5041300E+002, 1.4466494E+002, 1.4113614E+002, 1.3546348E+002, 1.3168868E+002, 1.2583481E+002, 1.2158515E+002, 1.1770871E+002, 1.1944322E+002, 1.2630236E+002, 1.2735395E+002, 1.2139208E+002, 1.1618841E+002, 1.1157757E+002, 1.1234366E+002, 1.2995099E+002, 1.5064367E+002, 1.7079449E+002, 1.7714700E+002, 1.8317185E+002, 1.8538801E+002, 1.8654524E+002, 1.8820565E+002, 1.9107955E+002, 1.9725956E+002, 2.0041006E+002, 1.9464905E+002, 1.9150018E+002, 2.0076433E+002, 2.1224539E+002, 2.0410996E+002, 1.8004009E+002, 1.5611031E+002, 1.2836603E+002, 1.3885349E+002, 1.9763216E+002, 2.3136803E+002, 2.5075828E+002, 2.5958631E+002, 2.7529410E+002, 2.8406620E+002, 2.7973611E+002, 2.6451867E+002, 2.5696946E+002, 2.6098740E+002, 2.6807412E+002, 2.7468983E+002
 2.8801110E+002, 2.8351509E+001, 1.1351730E+002, 1.4870104E+002, 1.5028472E+002, 1.5601932E+002, 1.5873140E+002, 1.6061148E+002, 1.6024386E+002, 1.5730205E+002, 1.5456706E+002, 1.5165049E+002, 1.5064502E+002, 1.5099660E+002, 1.5187926E+002, 1.5235555E+002, 1.5217606E+002, 1.5210003E+002, 1.5267365E+002, 1.5385725E+002, 1.5414152E+002, 1.5474894E+002, 1.5611887E+002, 1.5934451E+002, 1.6147786E+002, 1.6343079E+002, 1.6358040E+002, 1.6259417E+002, 1.6167822E+002, 1.5998864E+002, 1.5841010E+002, 1.5489649E+002, 1.5130096E+002, 1.4173520E+002, 1.3089752E+002, 1.2482161E+002, 1.3160806E+002, 1.4219754E+002, 1.4259017E+002, 1.3819507E+002, 1.3383878E+002, 1.2661577E+002, 1.2241156E+002, 1.2797522E+002, 1.3917983E+002, 1.4613864E+002, 1.4371833E+002, 1.3713890E+002, 1.3320788E+002, 1.2806660E+002, 1.2493165E+002, 1.1899479E+002, 1.1479823E+002, 1.1491606E+002, 1.1950527E+002, 1.2350262E+002, 1.2209438E+002, 1.1788857E+002, 1.1509795E+002, 1.1232533E+002, 1.1921516E+002, 1.4670466E+002, 1.6248736E+002, 1.7137721E+002, 1.7439932E+002, 1.7826820E+002, 1.8143512E+002, 1.8777041E+002, 1.9146664E+002, 1.9433851E+002, 1.9378067E+002, 1.9092170E+002, 1.9134476E+002, 1.9696875E+002, 1.9968676E+002, 1.9341933E+002, 1.8342771E+002, 1.6475395E+002, 1.5393203E+002, 1.6537656E+002, 1.8457603E+002, 2.1075342E+002, 2.2471377E+002, 2.3835198E+002, 2.4111272E+002, 2.4207634E+002, 2.4691375E+002, 2.4474819E+002, 2.4810582E+002, 2.5455175E+002, 2.6282143E+002, 2.6385106E+002, 2.5253401E+002, 2.3589379E+002, 2.2740373E+002, 2.3015014E+002, 2.3722590E+002, 2.5253247E+002, 2.3217626E+002, 2.3938688E+002, 2.8232363E+002, 3.0044146E+002, 2.9719057E+002, 2.8995761E+002, 2.8176202E+002, 2.7283921E+002, 2.6824091E+002, 2.5933470E+002, 2.5157201E+002, 2.4355816E+002, 2.3805410E+002, 2.2918258E+002, 2.2513981E+002, 2.2040117E+002, 2.0904127E+002, 1.9867729E+002, 2.0317737E+002, 2.0047860E+002, 1.8743688E+002, 1.9592706E+002, 1.9657870E+002, 1.9777418E+002, 1.9506387E+002, 1.9514162E+002, 1.9803368E+002, 2.0616879E+002, 2.0845306E+002, 2.0303989E+002, 2.0016938E+002, 2.0402034E+002, 1.9600337E+002, 1.6117465E+002, 1.5561761E+002, 1.5169602E+002, 1.6992350E+002, 1.7697861E+002, 1.7522222E+002, 1.7049628E+002, 1.7358832E+002, 1.8082643E+002, 1.8369748E+002, 1.8519490E+002, 1.8537636E+002, 1.8532116E+002, 1.8541344E+002, 1.8530806E+002, 1.8613136E+002, 1.8393075E+002, 1.7930369E+002, 1.7403887E+002, 1.6987024E+002, 1.5124996E+002, 1.7579513E+002, 2.0309689E+002, 2.1042378E+002, 2.1531072E+002, 2.1699477E+002, 2.1821777E+002, 2.1833808E+002, 2.1649353E+002, 2.1232991E+002, 2.5572408E+001, 1.2822992E+002, 1.6036682E+002, 1.5952354E+002, 1.6327495E+002, 1.6466271E+002, 1.6512387E+002, 1.6478824E+002, 1.6318117E+002, 1.6154019E+002, 1.5968030E+002, 1.5938227E+002, 1.6062017E+002, 1.6159603E+002, 1.6141558E+002, 1.6062947E+002, 1.6041257E+002, 1.6181876E+002, 1.6509323E+002, 1.6494020E+002, 1.6063774E+002, 1.5849254E+002, 1.6041339E+002, 1.6316804E+002, 1.6639612E+002, 1.6740183E+002, 1.6758123E+002, 1.6748653E+002, 1.6659113E+002, 1.6455595E+002, 1.5854560E+002, 1.5245085E+002, 1.4106861E+002, 1.3576281E+002, 1.4201367E+002, 1.5249609E+002, 1.6565922E+002, 1.6881949E+002, 1.6189527E+002, 1.5293838E+002, 1.3986023E+002, 1.3158689E+002, 1.2859170E+002, 1.3865501E+002, 1.4910775E+002, 1.4739542E+002, 1.4169860E+002, 1.3852512E+002, 1.3275058E+002, 1.2900726E+002, 1.2293760E+002, 1.1881992E+002, 1.1705738E+002, 1.2093806E+002, 1.2633654E+002, 1.2483329E+002, 1.1831269E+002, 1.1413047E+002, 1.1084585E+002, 1.1587079E+002, 1.4355888E+002, 1.6180863E+002, 1.7376589E+002, 1.7679243E+002, 1.8140659E+002, 1.8425615E+002, 1.8512850E+002, 1.8645945E+002, 1.8969339E+002, 1.9434157E+002, 1.9365782E+002, 1.8901367E+002, 1.9440736E+002, 2.0370649E+002, 1.9819452E+002, 1.8004979E+002, 1.6086668E+002, 1.5385905E+002, 1.5471718E+002, 1.7126375E+002, 2.1707860E+002, 2.3204822E+002, 2.4041027E+002, 2.5502260E+002, 2.7399816E+002, 2.7094063E+002, 2.5486616E+002, 2.5228078E+002, 2.4674913E+002, 2.3753592E+002, 2.4204251E+002, 2.5027724E+002, 2.5542197E+002, 2.5644815E+002
 2.8900594E+002, 4.1333113E+001, 1.0633786E+002, 1.4495376E+002, 1.5029031E+002, 1.5625137E+002, 1.5513544E+002, 1.5139095E+002, 1.4977172E+002, 1.4864080E+002, 1.4903278E+002, 1.4988394E+002, 1.5005250E+002, 1.4937427E+002, 1.4883058E+002, 1.4969477E+002, 1.5125998E+002, 1.5323296E+002, 1.5401486E+002, 1.5544151E+002, 1.5692400E+002, 1.5924525E+002, 1.6024906E+002, 1.6051187E+002, 1.6006189E+002, 1.5896601E+002, 1.5794540E+002, 1.5537530E+002, 1.5289473E+002, 1.4835520E+002, 1.4423734E+002, 1.3285684E+002, 1.2362073E+002, 1.2672899E+002, 1.3433337E+002, 1.4068872E+002, 1.3996366E+002, 1.3609264E+002, 1.3213623E+002, 1.2509813E+002, 1.2246227E+002, 1.2998629E+002, 1.3838831E+002, 1.4301557E+002, 1.4070439E+002, 1.3463221E+002, 1.3112206E+002, 1.2637690E+002, 1.2302436E+002, 1.1705368E+002, 1.1289650E+002, 1.1501408E+002, 1.1922902E+002, 1.2071552E+002, 1.1843957E+002, 1.1383598E+002, 1.1125637E+002, 1.1896879E+002, 1.3470460E+002, 1.5743484E+002, 1.6633366E+002, 1.7154085E+002, 1.7450837E+002, 1.7937069E+002, 1.8295793E+002, 1.8699098E+002, 1.8805820E+002, 1.8723819E+002, 1.8625524E+002, 1.8750186E+002, 1.9045861E+002, 1.9471129E+002, 1.9305366E+002, 1.8075090E+002, 1.6986211E+002, 1.5591171E+002, 1.5278082E+002, 1.7942388E+002, 2.0147320E+002, 2.2188606E+002, 2.3030749E+002, 2.3768296E+002, 2.3705316E+002, 2.3683443E+002, 2.4095359E+002, 2.4723458E+002, 2.4930726E+002, 2.5339047E+002, 2.5058093E+002, 2.3815093E+002, 2.2527962E+002, 2.2638242E+002, 2.3126029E+002, 2.3861189E+002, 2.4823314E+002, 2.5915082E+002, 2.5803636E+002, 2.4270687E+002, 2.6868333E+002, 2.7918236E+002, 2.7207001E+002, 2.6795382E+002, 2.7615215E+002, 2.8824108E+002, 2.9281263E+002, 3.0048244E+002, 2.6960589E+002, 2.6944349E+002, 2.5227012E+002, 2.4120383E+002, 2.4187799E+002, 2.4847111E+002, 2.4590066E+002, 2.3664219E+002, 2.2734257E+002, 2.1117862E+002, 2.0522662E+002, 1.9758255E+002, 1.7439634E+002, 1.9385377E+002, 1.9442971E+002, 1.9447619E+002, 1.9337810E+002, 1.8744712E+002, 1.8866739E+002, 1.8935485E+002, 1.9111343E+002, 2.0098654E+002, 2.0547472E+002, 1.9543761E+002, 1.9768099E+002, 1.7979992E+002, 1.4605900E+002, 1.4912157E+002, 1.6528830E+002, 1.7053522E+002, 1.6611788E+002, 1.6800218E+002, 1.7522651E+002, 1.8059578E+002, 1.8124534E+002, 1.8109306E+002, 1.8090873E+002, 1.8078250E+002, 1.8050174E+002, 1.8050356E+002, 1.8115077E+002, 1.8260361E+002, 1.8302310E+002, 1.7635425E+002, 1.7135231E+002, 1.5929770E+002, 1.7649000E+002, 2.0458502E+002, 2.1103675E+002, 2.1484456E+002, 2.1626493E+002, 2.1685722E+002, 2.1604267E+002, 2.1203044E+002, 2.0573978E+002, 3.0575575E+001, 1.2104653E+002, 1.5417823E+002, 1.6096691E+002, 1.6224496E+002, 1.6073721E+002, 1.5836280E+002, 1.5752966E+002, 1.5750788E+002, 1.5819489E+002, 1.5881825E+002, 1.5835285E+002, 1.5711069E+002, 1.5704315E+002, 1.5928183E+002, 1.6202718E+002, 1.6444530E+002, 1.6294859E+002, 1.5900139E+002, 1.5785840E+002, 1.5982711E+002, 1.6177552E+002, 1.6351863E+002, 1.6402942E+002, 1.6454006E+002, 1.6433489E+002, 1.6140159E+002, 1.5746794E+002, 1.4953195E+002, 1.4346517E+002, 1.3466017E+002, 1.3344364E+002, 1.4602052E+002, 1.5550995E+002, 1.6342071E+002, 1.6269711E+002, 1.5484081E+002, 1.4716654E+002, 1.3667188E+002, 1.3091748E+002, 1.2950199E+002, 1.3785966E+002, 1.4607746E+002, 1.4422770E+002, 1.3953617E+002, 1.3661503E+002, 1.3149162E+002, 1.2739940E+002, 1.2104190E+002, 1.1690622E+002, 1.1720458E+002, 1.2177360E+002, 1.2470838E+002, 1.2157675E+002, 1.1498621E+002, 1.1192326E+002, 1.1538835E+002, 1.3014070E+002, 1.5636698E+002, 1.6842860E+002, 1.7416952E+002, 1.7672724E+002, 1.8143388E+002, 1.8400696E+002, 1.8481437E+002, 1.8532290E+002, 1.8639357E+002, 1.8730796E+002, 1.8763848E+002, 1.8778712E+002, 1.9229369E+002, 1.9648176E+002, 1.8356608E+002, 1.6523544E+002, 1.4692162E+002, 1.4916479E+002, 1.8142196E+002, 2.0412250E+002, 2.2388768E+002, 2.3145087E+002, 2.4691222E+002, 2.5519791E+002, 2.5587629E+002, 2.5259465E+002, 2.4647585E+002, 2.3452482E+002, 2.1849367E+002, 2.1154393E+002, 2.2333888E+002, 2.4290772E+002, 2.5072763E+002, 2.4861294E+002, 2.5177737E+002, 2.3746405E+002
 2.9001535E+002, 7.9431758E+001, 1.2892649E+002, 1.4112475E+002, 1.4871272E+002, 1.4644406E+002, 1.4517428E+002, 1.4573306E+002, 1.4649333E+002, 1.4758138E+002, 1.4744401E+002, 1.4638829E+002, 1.4630549E+002, 1.4841312E+002, 1.5071835E+002, 1.5322807E+002, 1.5398396E+002, 1.5508922E+002, 1.5598044E+002, 1.5703282E+002, 1.5733652E+002, 1.5725112E+002, 1.5691841E+002, 1.5597234E+002, 1.5465918E+002, 1.5119308E+002, 1.4815294E+002, 1.4322680E+002, 1.3902022E+002, 1.2747711E+002, 1.2026347E+002, 1.2580660E+002, 1.3410847E+002, 1.3821879E+002, 1.3712774E+002, 1.3270439E+002, 1.2858753E+002, 1.2328604E+002, 1.2366284E+002, 1.3122370E+002, 1.3737163E+002, 1.4063033E+002, 1.3886717E+002, 1.3420172E+002, 1.3057197E+002, 1.2589549E+002, 1.2289248E+002, 1.1736407E+002, 1.1313927E+002, 1.1197645E+002, 1.1664835E+002, 1.1932069E+002, 1.1715937E+002, 1.1180715E+002, 1.1028886E+002, 1.3005579E+002, 1.4663621E+002, 1.6365012E+002, 1.6734666E+002, 1.7146492E+002, 1.7434328E+002, 1.7883033E+002, 1.8113311E+002, 1.8246385E+002, 1.8201600E+002, 1.8110821E+002, 1.8204130E+002, 1.8572125E+002, 1.8834980E+002, 1.8848229E+002, 1.8464714E+002, 1.7309579E+002, 1.6367893E+002, 1.5187688E+002, 1.5063311E+002, 1.7811593E+002, 2.0239803E+002, 2.2280037E+002, 2.2957881E+002, 2.3220572E+002, 2.3173398E+002, 2.3431086E+002, 2.3690267E+002, 2.3548482E+002, 2.3159921E+002, 2.2930385E+002, 2.3114938E+002, 2.1974583E+002, 2.1663403E+002, 2.2427326E+002, 2.3672911E+002, 2.3983201E+002, 2.4668743E+002, 2.5392227E+002, 2.5543330E+002, 2.5452998E+002, 2.6151489E+002, 2.8224013E+002, 2.9146183E+002, 2.9455935E+002, 2.9870507E+002, 3.0138648E+002, 2.9801181E+002, 3.0162152E+002, 3.0678141E+002, 3.1818716E+002, 2.7885843E+002, 2.5872167E+002, 2.7946857E+002, 2.5810496E+002, 2.4503155E+002, 2.3693277E+002, 2.3009308E+002, 2.1610436E+002, 2.2506296E+002, 2.3769570E+002, 2.3228048E+002, 2.1802089E+002, 2.0397547E+002, 1.7268141E+002, 1.9009788E+002, 1.9102064E+002, 1.8883361E+002, 1.8115311E+002, 1.7914887E+002, 1.8153491E+002, 1.8681669E+002, 1.9112066E+002, 1.9205008E+002, 1.9455662E+002, 1.9028776E+002, 1.9525060E+002, 1.7886577E+002, 1.4464363E+002, 1.4686599E+002, 1.6159940E+002, 1.6072530E+002, 1.6889269E+002, 1.7488514E+002, 1.7662298E+002, 1.7671945E+002, 1.7624037E+002, 1.7573886E+002, 1.7512418E+002, 1.7497293E+002, 1.7459132E+002, 1.7441005E+002, 1.7541667E+002, 1.7723724E+002, 1.7982827E+002, 1.7700197E+002, 1.6139470E+002, 1.6269254E+002, 2.0176099E+002, 2.0975994E+002, 2.1535194E+002, 2.1683222E+002, 2.1759962E+002, 2.1672310E+002, 2.1216369E+002, 2.0564738E+002, 6.0597474E+001, 1.2965073E+002, 1.5747733E+002, 1.5758627E+002, 1.5374565E+002, 1.5373277E+002, 1.5483426E+002, 1.5542135E+002, 1.5568151E+002, 1.5535055E+002, 1.5478199E+002, 1.5525635E+002, 1.5801395E+002, 1.6057783E+002, 1.6169726E+002, 1.5991547E+002, 1.5671431E+002, 1.5615903E+002, 1.5732881E+002, 1.5834781E+002, 1.5972039E+002, 1.6075338E+002, 1.6151497E+002, 1.6081357E+002, 1.5649589E+002, 1.5177149E+002, 1.4358073E+002, 1.3775213E+002, 1.3131113E+002, 1.3311866E+002, 1.4595012E+002, 1.5405935E+002, 1.5844615E+002, 1.5626869E+002, 1.4639602E+002, 1.3856149E+002, 1.3044531E+002, 1.2732132E+002, 1.2915269E+002, 1.3492611E+002, 1.4288379E+002, 1.4236268E+002, 1.3850627E+002, 1.3610608E+002, 1.3188474E+002, 1.2801943E+002, 1.2179569E+002, 1.1743342E+002, 1.1522587E+002, 1.1972517E+002, 1.2385234E+002, 1.2117400E+002, 1.1403297E+002, 1.1139198E+002, 1.2797221E+002, 1.4469445E+002, 1.6478802E+002, 1.7008435E+002, 1.7287480E+002, 1.7475334E+002, 1.8030679E+002, 1.8329359E+002, 1.8361812E+002, 1.8285289E+002, 1.8250637E+002, 1.8290545E+002, 1.8450910E+002, 1.8484406E+002, 1.8574508E+002, 1.8400449E+002, 1.7351526E+002, 1.6026490E+002, 1.4528249E+002, 1.4468095E+002, 1.7964436E+002, 2.0699647E+002, 2.2527770E+002, 2.2992875E+002, 2.4170470E+002, 2.4688112E+002, 2.4680669E+002, 2.4685494E+002, 2.3677088E+002, 2.1575682E+002, 1.8516248E+002, 1.8258817E+002, 2.2331316E+002, 2.3937270E+002, 2.4157668E+002, 2.4437940E+002, 2.3573129E+002, 2.2441258E+002, 2.2598426E+002, 2.4848711E+002
 2.9100001E+002, 1.3489784E+002, 1.4547524E+002, 1.3579492E+002, 1.3997676E+002, 1.4108084E+002, 1.4292058E+002, 1.4408718E+002, 1.4385782E+002, 1.4355488E+002, 1.4491343E+002, 1.4847062E+002, 1.5074794E+002, 1.5225020E+002, 1.5265469E+002, 1.5327233E+002, 1.5366360E+002, 1.5394708E+002, 1.5398225E+002, 1.5410999E+002, 1.5414748E+002, 1.5327273E+002, 1.5161474E+002, 1.4730855E+002, 1.4393263E+002, 1.3906577E+002, 1.3509787E+002, 1.2315699E+002, 1.1650704E+002, 1.2498164E+002, 1.3291001E+002, 1.3550688E+002, 1.3407823E+002, 1.2912505E+002, 1.2492170E+002, 1.2149296E+002, 1.2438923E+002, 1.3338662E+002, 1.3724963E+002, 1.3748343E+002, 1.3586583E+002, 1.3272614E+002, 1.3032898E+002, 1.2581350E+002, 1.2288888E+002, 1.1794916E+002, 1.1389929E+002, 1.0940270E+002, 1.1243876E+002, 1.1810212E+002, 1.1677491E+002, 1.1143714E+002, 1.0915658E+002, 1.3451645E+002, 1.5339013E+002, 1.6415894E+002, 1.6763433E+002, 1.7202122E+002, 1.7455832E+002, 1.7733338E+002, 1.7791525E+002, 1.7712015E+002, 1.7656466E+002, 1.7759237E+002, 1.7984394E+002, 1.8346018E+002, 1.8353809E+002, 1.7903203E+002, 1.7361831E+002, 1.6364365E+002, 1.5628954E+002, 1.4682756E+002, 1.4963648E+002, 1.8041670E+002, 2.0269556E+002, 2.2009521E+002, 2.2387478E+002, 2.2552991E+002, 2.2610486E+002, 2.2609724E+002, 2.2504105E+002, 2.1612630E+002, 2.1185707E+002, 2.1419140E+002, 2.1488158E+002, 2.1263914E+002, 2.1699079E+002, 2.2777748E+002, 2.3083973E+002, 2.3719242E+002, 2.4199608E+002, 2.4610417E+002, 2.5271615E+002, 2.6885272E+002, 2.8019660E+002, 2.9443667E+002, 3.0677661E+002, 3.0675888E+002, 3.0236321E+002, 2.9364924E+002, 2.8988605E+002, 2.9224583E+002, 2.9178670E+002, 2.7289840E+002, 2.7197564E+002, 3.0953475E+002, 2.8535305E+002, 2.5712629E+002, 2.7106703E+002, 2.7247323E+002, 2.6755124E+002, 2.5306592E+002, 2.4201537E+002, 2.2365882E+002, 1.9810151E+002, 2.3490081E+002, 2.4842870E+002, 2.4620934E+002, 2.4318735E+002, 2.2915454E+002, 2.0661813E+002, 1.9021605E+002, 1.8491686E+002, 1.7599934E+002, 1.7480908E+002, 1.7476672E+002, 1.7670076E+002, 1.8023049E+002, 1.8442986E+002, 1.9243831E+002, 1.9381590E+002, 1.8856806E+002, 1.8598945E+002, 1.6929496E+002, 1.3894894E+002, 1.4044095E+002, 1.5333785E+002, 1.6925760E+002, 1.7166352E+002, 1.7202180E+002, 1.7150890E+002, 1.7128930E+002, 1.7121159E+002, 1.7079546E+002, 1.7066908E+002, 1.7089199E+002, 1.7158199E+002, 1.7336020E+002, 1.7308490E+002, 1.7363499E+002, 1.7540425E+002, 1.6854381E+002, 1.4444209E+002, 2.0591032E+002, 2.1286859E+002, 2.1613671E+002, 2.1663821E+002, 2.1537844E+002, 2.1275436E+002, 2.0712595E+002, 2.0272873E+002, 1.3164478E+002, 1.5335866E+002, 1.4969699E+002, 1.4764992E+002, 1.5074908E+002, 1.5165209E+002, 1.5177784E+002, 1.5164579E+002, 1.5232612E+002, 1.5352184E+002, 1.5646309E+002, 1.5862703E+002, 1.5856283E+002, 1.5619838E+002, 1.5359637E+002, 1.5368863E+002, 1.5457969E+002, 1.5475508E+002, 1.5499827E+002, 1.5633251E+002, 1.5777404E+002, 1.5718329E+002, 1.5230395E+002, 1.4702671E+002, 1.3913409E+002, 1.3383449E+002, 1.2864150E+002, 1.3167930E+002, 1.4426539E+002, 1.5049061E+002, 1.5477722E+002, 1.5406849E+002, 1.4531637E+002, 1.3593110E+002, 1.2660045E+002, 1.2553848E+002, 1.3083498E+002, 1.3574572E+002, 1.3869993E+002, 1.3777887E+002, 1.3616716E+002, 1.3492426E+002, 1.3208419E+002, 1.2896748E+002, 1.2282189E+002, 1.1872225E+002, 1.1409731E+002, 1.1647461E+002, 1.2288235E+002, 1.2114404E+002, 1.1424385E+002, 1.1087341E+002, 1.3404641E+002, 1.5484858E+002, 1.6790497E+002, 1.6969993E+002, 1.7109031E+002, 1.7217904E+002, 1.7662596E+002, 1.8018614E+002, 1.8067377E+002, 1.7939783E+002, 1.7893365E+002, 1.8019092E+002, 1.8353903E+002, 1.8234857E+002, 1.7617855E+002, 1.7011473E+002, 1.6048894E+002, 1.5300756E+002, 1.4270328E+002, 1.4458004E+002, 1.8222689E+002, 2.0939576E+002, 2.2528408E+002, 2.2683968E+002, 2.2676901E+002, 2.3384121E+002, 2.4203804E+002, 2.4413176E+002, 2.2421660E+002, 1.9980631E+002, 1.8288822E+002, 1.8856068E+002, 2.1464530E+002, 2.3281012E+002, 2.3599690E+002, 2.3462421E+002, 2.2895183E+002, 2.1461152E+002, 2.4013591E+002, 2.7583811E+002, 3.0687909E+002, 3.1687850E+002
 2.9200431E+002, 8.5954113E+001, 1.4619591E+002, 1.3244073E+002, 1.3094286E+002, 1.3811114E+002, 1.3976626E+002, 1.4103346E+002, 1.4262406E+002, 1.4627009E+002, 1.4836903E+002, 1.5006966E+002, 1.5034574E+002, 1.5043709E+002, 1.5056499E+002, 1.5070239E+002, 1.5072483E+002, 1.5086908E+002, 1.5094607E+002, 1.5040924E+002, 1.4927422E+002, 1.4595471E+002, 1.4258216E+002, 1.3756694E+002, 1.3458360E+002, 1.2628690E+002, 1.1659558E+002, 1.1671158E+002, 1.2764208E+002, 1.3182895E+002, 1.3237550E+002, 1.2967180E+002, 1.2587261E+002, 1.2047485E+002, 1.2203927E+002, 1.3065241E+002, 1.3478497E+002, 1.3493320E+002, 1.3325555E+002, 1.3058494E+002, 1.2909762E+002, 1.2676095E+002, 1.2458883E+002, 1.2013122E+002, 1.1687738E+002, 1.1101626E+002, 1.0838976E+002, 1.1225188E+002, 1.1636992E+002, 1.1400028E+002, 1.1018349E+002, 1.1823419E+002, 1.4239429E+002, 1.5949576E+002, 1.6395861E+002, 1.6937760E+002, 1.7155774E+002, 1.7338817E+002, 1.7325384E+002, 1.7256567E+002, 1.7284150E+002, 1.7489939E+002, 1.7686777E+002, 1.7896976E+002, 1.7833063E+002, 1.7353301E+002, 1.6851290E+002, 1.5962937E+002, 1.5323425E+002, 1.4445965E+002, 1.4675102E+002, 1.7329598E+002, 1.9751521E+002, 2.1264160E+002, 2.1696426E+002, 2.1705595E+002, 2.1759843E+002, 2.1706118E+002, 2.1345638E+002, 2.0871261E+002, 2.0341170E+002, 2.0086277E+002, 2.0454566E+002, 2.0250820E+002, 2.0738431E+002, 2.2647540E+002, 2.2966212E+002, 2.2811522E+002, 2.3346117E+002, 2.4351500E+002, 2.5833491E+002, 2.7041360E+002, 2.8484840E+002, 2.9735803E+002, 3.1268972E+002, 3.0815736E+002, 2.8468043E+002, 2.6940949E+002, 2.7642823E+002, 2.8003204E+002, 2.7548309E+002, 2.6160144E+002, 2.4797484E+002, 2.7085588E+002, 2.9352845E+002, 2.8604244E+002, 2.5935171E+002, 2.5904342E+002, 2.5455907E+002, 2.4338673E+002, 2.4399788E+002, 2.3479237E+002, 2.3905664E+002, 2.4590770E+002, 2.3982730E+002, 1.9879136E+002, 2.2829505E+002, 2.3712506E+002, 2.3618806E+002, 2.3525852E+002, 2.3635166E+002, 2.3541431E+002, 2.2693899E+002, 1.9821861E+002, 1.7594970E+002, 1.7232091E+002, 1.7352661E+002, 1.8446134E+002, 1.8505406E+002, 1.8138993E+002, 1.8025827E+002, 1.8513630E+002, 1.8916626E+002, 1.8836188E+002, 1.8254311E+002, 1.5485158E+002, 1.3710647E+002, 1.5615566E+002, 1.6422651E+002, 1.6682773E+002, 1.6754069E+002, 1.6850069E+002, 1.6877294E+002, 1.6912042E+002, 1.6911891E+002, 1.6992565E+002, 1.7125850E+002, 1.7138568E+002, 1.7252483E+002, 1.7028745E+002, 1.7099198E+002, 1.5863198E+002, 1.8050519E+002, 2.0505420E+002, 2.0830649E+002, 2.0964976E+002, 2.0944024E+002, 2.0798498E+002, 2.0588063E+002, 2.0176984E+002, 1.9903219E+002, 6.3796883E+001, 1.5382412E+002, 1.4095418E+002, 1.4129265E+002, 1.4654334E+002, 1.4801899E+002, 1.5001779E+002, 1.5121169E+002, 1.5315962E+002, 1.5473482E+002, 1.5629961E+002, 1.5501294E+002, 1.5176802E+002, 1.5085198E+002, 1.5173775E+002, 1.5220064E+002, 1.5160536E+002, 1.5153481E+002, 1.5233747E+002, 1.5247657E+002, 1.5107126E+002, 1.4748379E+002, 1.3897896E+002, 1.3406821E+002, 1.2756357E+002, 1.2677296E+002, 1.3689680E+002, 1.4483402E+002, 1.5065200E+002, 1.5330427E+002, 1.5027530E+002, 1.4340152E+002, 1.2851953E+002, 1.2459299E+002, 1.2849388E+002, 1.3388318E+002, 1.3720479E+002, 1.3574333E+002, 1.3296455E+002, 1.3137069E+002, 1.3088814E+002, 1.3071522E+002, 1.2688493E+002, 1.2265098E+002, 1.1669493E+002, 1.1467774E+002, 1.1713648E+002, 1.2185415E+002, 1.1802537E+002, 1.1335287E+002, 1.1882885E+002, 1.4236523E+002, 1.6627630E+002, 1.6836014E+002, 1.7003335E+002, 1.7148885E+002, 1.7490279E+002, 1.7701665E+002, 1.7745890E+002, 1.7642918E+002, 1.7558438E+002, 1.7550549E+002, 1.7653130E+002, 1.7852804E+002, 1.7457364E+002, 1.6781048E+002, 1.5797040E+002, 1.5082672E+002, 1.4270735E+002, 1.4355102E+002, 1.7062910E+002, 2.0176133E+002, 2.2233185E+002, 2.2348518E+002, 2.2145005E+002, 2.2314843E+002, 2.3532357E+002, 2.3873431E+002, 2.3214774E+002, 2.1520091E+002, 1.8055469E+002, 1.8225582E+002, 2.1183115E+002, 2.2708725E+002, 2.3138407E+002, 2.2587832E+002, 2.2632094E+002, 2.3260893E+002, 2.5875880E+002, 2.9825881E+002, 3.1332276E+002, 3.3162281E+002, 3.5192609E+002, 3.8466930E+002
 2.9300839E+002, 3.8560595E+001, 1.2748510E+002, 1.3350681E+002, 1.2597606E+002, 1.3332074E+002, 1.3942492E+002, 1.4439331E+002, 1.4602781E+002, 1.4757814E+002, 1.4766660E+002, 1.4755257E+002, 1.4763418E+002, 1.4773774E+002, 1.4773264E+002, 1.4777145E+002, 1.4756633E+002, 1.4657992E+002, 1.4542370E+002, 1.4274749E+002, 1.4004951E+002, 1.3513486E+002, 1.3269429E+002, 1.2732299E+002, 1.1637437E+002, 1.1243471E+002, 1.2273633E+002, 1.2936245E+002, 1.3159605E+002, 1.3049949E+002, 1.2718050E+002, 1.2047782E+002, 1.2068172E+002, 1.2947488E+002, 1.3273568E+002, 1.3246110E+002, 1.3056247E+002, 1.2792285E+002, 1.2663942E+002, 1.2489384E+002, 1.2359959E+002, 1.2039477E+002, 1.1727332E+002, 1.1177892E+002, 1.0846707E+002, 1.0834905E+002, 1.1278512E+002, 1.1548238E+002, 1.1185869E+002, 1.0821173E+002, 1.3506823E+002, 1.5544693E+002, 1.6111661E+002, 1.6703456E+002, 1.6882285E+002, 1.6912661E+002, 1.6825690E+002, 1.6835469E+002, 1.7032366E+002, 1.7321084E+002, 1.7383830E+002, 1.7281810E+002, 1.7095238E+002, 1.6587894E+002, 1.6144909E+002, 1.5436705E+002, 1.4909739E+002, 1.4068007E+002, 1.4413078E+002, 1.8492180E+002, 2.0260914E+002, 2.1020344E+002, 2.1044460E+002, 2.1074093E+002, 2.1074657E+002, 2.1035250E+002, 2.0770456E+002, 2.0074985E+002, 1.9647480E+002, 1.9237763E+002, 1.9229898E+002, 1.9696268E+002, 1.9303502E+002, 2.1903678E+002, 2.2024417E+002, 2.2560184E+002, 2.3790554E+002, 2.5592562E+002, 2.6493689E+002, 2.7809578E+002, 2.9673896E+002, 3.2146608E+002, 3.1941049E+002, 2.8896441E+002, 2.5747686E+002, 2.5494312E+002, 2.6621798E+002, 2.7231010E+002, 2.5807199E+002, 2.6532622E+002, 2.5147865E+002, 2.5135221E+002, 2.8400929E+002, 2.7949680E+002, 2.7934504E+002, 2.7091548E+002, 2.6614743E+002, 2.6220966E+002, 2.5649072E+002, 2.3864594E+002, 2.2641648E+002, 2.0919287E+002, 2.0926997E+002, 2.1025518E+002, 2.2493093E+002, 2.3022880E+002, 1.9180646E+002, 2.1260082E+002, 2.3272131E+002, 2.3847137E+002, 2.3866356E+002, 2.3626690E+002, 2.3344704E+002, 2.2957946E+002, 2.2813435E+002, 2.1070018E+002, 1.9297129E+002, 1.7704383E+002, 1.8185687E+002, 1.9243100E+002, 1.9078706E+002, 1.8527001E+002, 1.8148957E+002, 1.7930798E+002, 1.8155507E+002, 1.8255009E+002, 1.7993272E+002, 1.5074865E+002, 1.4162834E+002, 1.5629909E+002, 1.6380295E+002, 1.6718689E+002, 1.6796195E+002, 1.6886397E+002, 1.7008999E+002, 1.7181789E+002, 1.7221269E+002, 1.7356434E+002, 1.7002956E+002, 1.6681675E+002, 1.5987088E+002, 1.7330750E+002, 1.9085302E+002, 2.0095568E+002, 2.0488755E+002, 2.0846336E+002, 2.0952815E+002, 2.0860303E+002, 2.0638394E+002, 2.0180577E+002, 1.9886059E+002, 3.4351330E+001, 1.2173579E+002, 1.4098316E+002, 1.3559914E+002, 1.4409070E+002, 1.4783517E+002, 1.5083970E+002, 1.5200117E+002, 1.5416755E+002, 1.5382154E+002, 1.5003551E+002, 1.4884480E+002, 1.4934814E+002, 1.5004134E+002, 1.4927890E+002, 1.4884799E+002, 1.4846859E+002, 1.4810679E+002, 1.4646274E+002, 1.4405581E+002, 1.3767067E+002, 1.3300856E+002, 1.2654944E+002, 1.2361908E+002, 1.3130901E+002, 1.3975265E+002, 1.4728979E+002, 1.5097561E+002, 1.4964333E+002, 1.4292424E+002, 1.3057853E+002, 1.2480078E+002, 1.2790208E+002, 1.3353469E+002, 1.3557406E+002, 1.3377719E+002, 1.3095327E+002, 1.2926516E+002, 1.2840117E+002, 1.2843284E+002, 1.2694804E+002, 1.2382707E+002, 1.1772388E+002, 1.1514422E+002, 1.1432225E+002, 1.1826289E+002, 1.2017773E+002, 1.1559483E+002, 1.0999080E+002, 1.3584391E+002, 1.6450281E+002, 1.6708650E+002, 1.6919439E+002, 1.7063539E+002, 1.7341538E+002, 1.7426887E+002, 1.7390148E+002, 1.7357790E+002, 1.7322065E+002, 1.7174016E+002, 1.6845200E+002, 1.6905063E+002, 1.6833938E+002, 1.6195161E+002, 1.5145466E+002, 1.4666035E+002, 1.4136713E+002, 1.4180817E+002, 1.8427916E+002, 2.0970753E+002, 2.1949750E+002, 2.1806819E+002, 2.1840347E+002, 2.2202950E+002, 2.2815825E+002, 2.2952435E+002, 2.2076890E+002, 2.0651864E+002, 1.8261650E+002, 1.7332981E+002, 2.0295527E+002, 2.2285373E+002, 2.2474946E+002, 2.2018379E+002, 2.2336601E+002, 2.3906440E+002, 2.9723357E+002, 3.1240195E+002, 3.3236498E+002, 3.6425364E+002, 3.9003036E+002, 3.8063744E+002, 3.5614764E+002, 2.8045917E+002
 2.9400960E+002, 6.7544558E+001, 1.2190876E+002, 1.2953191E+002, 1.2409123E+002, 1.3678590E+002, 1.4205259E+002, 1.4432083E+002, 1.4484642E+002, 1.4493735E+002, 1.4492497E+002, 1.4492745E+002, 1.4474953E+002, 1.4417247E+002, 1.4356551E+002, 1.4211587E+002, 1.4068137E+002, 1.3776368E+002, 1.3550835E+002, 1.3185457E+002, 1.2804956E+002, 1.2044143E+002, 1.1760457E+002, 1.1679087E+002, 1.1975998E+002, 1.2805091E+002, 1.2931259E+002, 1.2782046E+002, 1.2534120E+002, 1.2296345E+002, 1.2334934E+002, 1.2665150E+002, 1.2912795E+002, 1.2921735E+002, 1.2776741E+002, 1.2541774E+002, 1.2424671E+002, 1.2275966E+002, 1.2144103E+002, 1.1829791E+002, 1.1519217E+002, 1.1060691E+002, 1.0916798E+002, 1.0976947E+002, 1.1127547E+002, 1.1227579E+002, 1.1250122E+002, 1.2209970E+002, 1.3079342E+002, 1.5067385E+002, 1.5848896E+002, 1.6329464E+002, 1.6474708E+002, 1.6553196E+002, 1.6590289E+002, 1.6655179E+002, 1.6707403E+002, 1.6745104E+002, 1.6655343E+002, 1.6354229E+002, 1.6084663E+002, 1.5581662E+002, 1.5168389E+002, 1.4568334E+002, 1.4691609E+002, 1.5860174E+002, 1.6784848E+002, 1.8536756E+002, 1.9803581E+002, 2.0359947E+002, 2.0489021E+002, 2.0445075E+002, 2.0323558E+002, 1.9995341E+002, 1.9696069E+002, 1.9126719E+002, 1.8822407E+002, 1.8746051E+002, 1.8878388E+002, 1.9374394E+002, 1.9904367E+002, 2.1227885E+002, 2.2700843E+002, 2.4045245E+002, 2.5672139E+002, 2.8517315E+002, 2.9822415E+002, 2.9024781E+002, 2.9867973E+002, 2.9264516E+002, 2.7216860E+002, 2.5152182E+002, 2.4233867E+002, 2.4402258E+002, 2.5385436E+002, 2.6080459E+002, 2.6511734E+002, 2.6159760E+002, 2.6097529E+002, 2.6377472E+002, 2.7419553E+002, 2.8458107E+002, 2.6188421E+002, 2.6211553E+002, 2.5485019E+002, 2.4973024E+002, 2.4445895E+002, 2.4512346E+002, 2.4349329E+002, 2.3858992E+002, 2.3375717E+002, 2.1719075E+002, 2.0518010E+002, 1.9208119E+002, 1.9945181E+002, 2.1431055E+002, 2.0937932E+002, 1.7365166E+002, 2.2853823E+002, 2.3803055E+002, 2.3873632E+002, 2.3684602E+002, 2.3568527E+002, 2.3375307E+002, 2.3242594E+002, 2.2931355E+002, 2.2673920E+002, 2.2105109E+002, 2.0493587E+002, 1.8533717E+002, 1.8313819E+002, 1.9158479E+002, 1.9125774E+002, 1.8985254E+002, 1.8644028E+002, 1.8100256E+002, 1.7670797E+002, 1.7436797E+002, 1.7351542E+002, 1.4600304E+002, 1.4359075E+002, 1.6289698E+002, 1.6576899E+002, 1.6991673E+002, 1.7253531E+002, 1.7460378E+002, 1.7512865E+002, 1.7229712E+002, 1.6814601E+002, 1.5604779E+002, 1.5443702E+002, 1.8449091E+002, 1.9928441E+002, 2.0662346E+002, 2.0827920E+002, 2.0763417E+002, 2.0581128E+002, 2.0144588E+002, 1.9836158E+002, 1.9541970E+002, 1.9332944E+002, 5.7899453E+001, 1.1058400E+002, 1.3881123E+002, 1.3474020E+002, 1.4542811E+002, 1.4891644E+002, 1.5082497E+002, 1.5090770E+002, 1.4927907E+002, 1.4748758E+002, 1.4690783E+002, 1.4703842E+002, 1.4700087E+002, 1.4638985E+002, 1.4501316E+002, 1.4371911E+002, 1.4086775E+002, 1.3831315E+002, 1.3357451E+002, 1.2983520E+002, 1.2540387E+002, 1.2577273E+002, 1.3070830E+002, 1.3654904E+002, 1.4470771E+002, 1.4666446E+002, 1.4423396E+002, 1.3910256E+002, 1.3037163E+002, 1.2724696E+002, 1.2833406E+002, 1.3019989E+002, 1.3249358E+002, 1.3155211E+002, 1.2889380E+002, 1.2767606E+002, 1.2652162E+002, 1.2591480E+002, 1.2376638E+002, 1.2105365E+002, 1.1674366E+002, 1.1509751E+002, 1.1552531E+002, 1.1657778E+002, 1.1674856E+002, 1.1608582E+002, 1.2642982E+002, 1.3582009E+002, 1.5598517E+002, 1.6562092E+002, 1.6812484E+002, 1.6906294E+002, 1.7017740E+002, 1.7095964E+002, 1.7146008E+002, 1.7089613E+002, 1.6902825E+002, 1.6700758E+002, 1.6248734E+002, 1.5940036E+002, 1.5532364E+002, 1.5181393E+002, 1.4513936E+002, 1.4425696E+002, 1.5703155E+002, 1.6842726E+002, 1.8781493E+002, 2.0305644E+002, 2.1429596E+002, 2.1606586E+002, 2.1678101E+002, 2.1702550E+002, 2.1523360E+002, 2.1119741E+002, 2.0104518E+002, 1.9327206E+002, 1.8488150E+002, 1.8654705E+002, 1.9615677E+002, 2.0597823E+002, 2.2549509E+002, 2.3699880E+002, 2.5475866E+002, 2.7864623E+002, 3.2143166E+002, 3.4349992E+002, 3.3788456E+002, 3.2285817E+002, 3.0441402E+002, 2.7988236E+002, 2.3799808E+002, 1.9321490E+002, 1.6140375E+002, 1.5318615E+002
 2.9501080E+002, 1.3360158E+002, 1.2775571E+002, 1.2799740E+002, 1.3807716E+002, 1.4168441E+002, 1.4223755E+002, 1.4233659E+002, 1.4229678E+002, 1.4192179E+002, 1.4140535E+002, 1.4012465E+002, 1.3896900E+002, 1.3673112E+002, 1.3482121E+002, 1.3164974E+002, 1.2903005E+002, 1.2268880E+002, 1.1798193E+002, 1.1542963E+002, 1.1651080E+002, 1.2448860E+002, 1.2827855E+002, 1.2842906E+002, 1.2673394E+002, 1.2335929E+002, 1.2204178E+002, 1.2307053E+002, 1.2534059E+002, 1.2802980E+002, 1.2791918E+002, 1.2554621E+002, 1.2367340E+002, 1.2185233E+002, 1.2124966E+002, 1.1982554E+002, 1.1807745E+002, 1.1355465E+002, 1.0996591E+002, 1.0735660E+002, 1.0835574E+002, 1.1131667E+002, 1.1183148E+002, 1.1420111E+002, 1.2074335E+002, 1.3603063E+002, 1.5024740E+002, 1.5861751E+002, 1.6090644E+002, 1.6203417E+002, 1.6266278E+002, 1.6333797E+002, 1.6383407E+002, 1.6369809E+002, 1.6248298E+002, 1.5913806E+002, 1.5631542E+002, 1.5154139E+002, 1.4793762E+002, 1.4255782E+002, 1.4428426E+002, 1.5605146E+002, 1.6622940E+002, 1.8698303E+002, 1.9702391E+002, 2.0023073E+002, 2.0080871E+002, 1.9972833E+002, 1.9833753E+002, 1.9516275E+002, 1.9105434E+002, 1.8440832E+002, 1.8128465E+002, 1.8096807E+002, 1.8310305E+002, 1.8809825E+002, 1.9483712E+002, 2.0876818E+002, 2.2006940E+002, 2.4645636E+002, 2.6387710E+002, 2.8089683E+002, 2.8779368E+002, 2.9212324E+002, 2.8372880E+002, 2.5809178E+002, 2.3603374E+002, 2.2293044E+002, 2.1924240E+002, 2.2333487E+002, 2.3633579E+002, 2.5074389E+002, 2.6173781E+002, 2.6567444E+002, 2.6923607E+002, 2.7452453E+002, 2.7560764E+002, 2.7931089E+002, 2.9200513E+002, 2.9233144E+002, 2.6992472E+002, 2.5780299E+002, 2.5094422E+002, 2.4450798E+002, 2.4011570E+002, 2.4093668E+002, 2.3142055E+002, 2.3208944E+002, 2.3680523E+002, 2.2929538E+002, 2.1576517E+002, 2.0408320E+002, 1.9683910E+002, 1.8934708E+002, 1.8986113E+002, 1.9601787E+002, 2.0390761E+002, 1.4179485E+002, 2.2302223E+002, 2.2820932E+002, 2.2539338E+002, 2.2626354E+002, 2.2755563E+002, 2.2876239E+002, 2.2781681E+002, 2.2637969E+002, 2.2557951E+002, 2.2487251E+002, 2.2432844E+002, 2.1986208E+002, 2.1281272E+002, 1.8854036E+002, 1.8209335E+002, 1.8755908E+002, 1.8886758E+002, 1.8977181E+002, 1.8913775E+002, 1.8507006E+002, 1.7811302E+002, 1.6921437E+002, 1.6518457E+002, 1.5058489E+002, 1.4664981E+002, 1.7014526E+002, 1.7180411E+002, 1.7091644E+002, 1.6769419E+002, 1.6319500E+002, 1.5981202E+002, 1.6592619E+002, 1.7864184E+002, 1.9654830E+002, 2.0053085E+002, 2.0158389E+002, 2.0074740E+002, 1.9781133E+002, 1.9525474E+002, 1.9170172E+002, 1.8947783E+002, 1.8610561E+002, 1.8695360E+002, 1.2990913E+002, 1.3217946E+002, 1.3755468E+002, 1.4411579E+002, 1.4662311E+002, 1.4653575E+002, 1.4529424E+002, 1.4483573E+002, 1.4438679E+002, 1.4409713E+002, 1.4317149E+002, 1.4216451E+002, 1.3992696E+002, 1.3791057E+002, 1.3392734E+002, 1.3045484E+002, 1.2470288E+002, 1.2256646E+002, 1.2523543E+002, 1.2952989E+002, 1.3904193E+002, 1.4309906E+002, 1.4391234E+002, 1.4153230E+002, 1.3426434E+002, 1.2902866E+002, 1.2512345E+002, 1.2615669E+002, 1.2939745E+002, 1.3049059E+002, 1.2912317E+002, 1.2757618E+002, 1.2551777E+002, 1.2470714E+002, 1.2393504E+002, 1.2277829E+002, 1.1851394E+002, 1.1521125E+002, 1.1288274E+002, 1.1385182E+002, 1.1578931E+002, 1.1586253E+002, 1.1831774E+002, 1.2578665E+002, 1.4173105E+002, 1.5753124E+002, 1.6530141E+002, 1.6617484E+002, 1.6659881E+002, 1.6702749E+002, 1.6828819E+002, 1.6859286E+002, 1.6769860E+002, 1.6558281E+002, 1.6073997E+002, 1.5691615E+002, 1.5112990E+002, 1.4736413E+002, 1.4265350E+002, 1.4386253E+002, 1.5637436E+002, 1.6716408E+002, 1.8862773E+002, 2.0247596E+002, 2.0937583E+002, 2.1088646E+002, 2.1131238E+002, 2.1092316E+002, 2.0744226E+002, 2.0293061E+002, 1.9318913E+002, 1.8597721E+002, 1.7860100E+002, 1.7942056E+002, 1.8754034E+002, 1.9822776E+002, 2.2150159E+002, 2.3422331E+002, 2.6228070E+002, 2.8622488E+002, 3.1671081E+002, 3.2982874E+002, 3.3327246E+002, 3.1601293E+002, 2.6939244E+002, 2.3789985E+002, 1.8688894E+002, 1.8345171E+002, 1.8684516E+002, 1.6074162E+002, 1.6039180E+002, 1.8585257E+002, 2.1700300E+002, 2.3695210E+002
 2.9600370E+002, 1.2420484E+002, 1.2864344E+002, 1.3865605E+002, 1.3966655E+002, 1.3990525E+002, 1.3958748E+002, 1.3860799E+002, 1.3771145E+002, 1.3611893E+002, 1.3490446E+002, 1.3279657E+002, 1.3110960E+002, 1.2813615E+002, 1.2503778E+002, 1.1667867E+002, 1.1261774E+002, 1.1482938E+002, 1.2275381E+002, 1.2673744E+002, 1.2644223E+002, 1.2410452E+002, 1.2235063E+002, 1.2102517E+002, 1.2167265E+002, 1.2433447E+002, 1.2591050E+002, 1.2617940E+002, 1.2506435E+002, 1.2250308E+002, 1.2102765E+002, 1.1972937E+002, 1.1921805E+002, 1.1776493E+002, 1.1581091E+002, 1.1064268E+002, 1.0692952E+002, 1.0599184E+002, 1.0843489E+002, 1.1042670E+002, 1.1216483E+002, 1.2309635E+002, 1.3419536E+002, 1.5326453E+002, 1.5672489E+002, 1.5865370E+002, 1.5900990E+002, 1.6007591E+002, 1.6091080E+002, 1.6153970E+002, 1.6070215E+002, 1.5754327E+002, 1.5496325E+002, 1.5058090E+002, 1.4730148E+002, 1.4219233E+002, 1.3908679E+002, 1.4594986E+002, 1.5541738E+002, 1.7808588E+002, 1.9170026E+002, 1.9553743E+002, 1.9656273E+002, 1.9633176E+002, 1.9472806E+002, 1.9113193E+002, 1.8681611E+002, 1.8036517E+002, 1.7694358E+002, 1.7511925E+002, 1.7645992E+002, 1.8142675E+002, 1.8846291E+002, 2.0270179E+002, 2.1295212E+002, 2.3720981E+002, 2.5193545E+002, 2.7128759E+002, 2.8005265E+002, 2.7278601E+002, 2.6253074E+002, 2.3982940E+002, 2.2187176E+002, 2.0261575E+002, 1.9197930E+002, 1.8326471E+002, 1.9068247E+002, 2.1835199E+002, 2.4014410E+002, 2.5257572E+002, 2.6248064E+002, 2.6939319E+002, 2.7296566E+002, 2.7683799E+002, 2.8602478E+002, 3.6314877E+002, 4.5800794E+002, 5.4825078E+002, 6.3145829E+002, 3.4641918E+002, 2.4763960E+002, 3.0171536E+002, 2.9659479E+002, 3.3813669E+002, 4.1668493E+002, 4.3010246E+002, 2.9955123E+002, 3.1142994E+002, 2.9865103E+002, 2.6324430E+002, 2.3442821E+002, 1.7368331E+002, 1.6433195E+002, 1.7406783E+002, 1.7166045E+002, 1.7313723E+002, 1.7593047E+002, 1.6227020E+002, 2.0479645E+002, 2.1241414E+002, 2.1376612E+002, 2.1431381E+002, 2.1362834E+002, 2.1395390E+002, 2.1403341E+002, 2.1283052E+002, 2.1365073E+002, 2.1728914E+002, 2.1941492E+002, 2.2077540E+002, 2.2005170E+002, 2.1724580E+002, 2.1064801E+002, 1.8771254E+002, 1.8003610E+002, 1.8326750E+002, 1.8597909E+002, 1.8621776E+002, 1.8601340E+002, 1.8593616E+002, 1.8078832E+002, 1.6978125E+002, 1.6040631E+002, 1.4847073E+002, 1.5667164E+002, 1.5702858E+002, 1.5515410E+002, 1.6049538E+002, 1.7405679E+002, 1.9014954E+002, 1.9539847E+002, 1.9712449E+002, 1.9683677E+002, 1.9544993E+002, 1.9396837E+002, 1.9039824E+002, 1.8744589E+002, 1.8370192E+002, 1.8233034E+002, 1.8241025E+002, 1.8241227E+002, 1.3197148E+002, 1.3623485E+002, 1.4277248E+002, 1.4362505E+002, 1.4344306E+002, 1.4274750E+002, 1.4168001E+002, 1.4078587E+002, 1.3902349E+002, 1.3768684E+002, 1.3565694E+002, 1.3406720E+002, 1.2985872E+002, 1.2537488E+002, 1.1895362E+002, 1.1975988E+002, 1.2785127E+002, 1.3605316E+002, 1.4052179E+002, 1.4076360E+002, 1.3690887E+002, 1.3214611E+002, 1.2556051E+002, 1.2310617E+002, 1.2405520E+002, 1.2612025E+002, 1.2821500E+002, 1.2756894E+002, 1.2575069E+002, 1.2484368E+002, 1.2344502E+002, 1.2281407E+002, 1.2186415E+002, 1.2023356E+002, 1.1536618E+002, 1.1194359E+002, 1.1191992E+002, 1.1401708E+002, 1.1451402E+002, 1.1637965E+002, 1.2866770E+002, 1.4050564E+002, 1.6107666E+002, 1.6354042E+002, 1.6421850E+002, 1.6389665E+002, 1.6362174E+002, 1.6409821E+002, 1.6583591E+002, 1.6538703E+002, 1.6181315E+002, 1.5816855E+002, 1.5196183E+002, 1.4746956E+002, 1.4133507E+002, 1.3876562E+002, 1.4696336E+002, 1.5780014E+002, 1.8078386E+002, 1.9748394E+002, 2.0378448E+002, 2.0547854E+002, 2.0635200E+002, 2.0586753E+002, 2.0195878E+002, 1.9710045E+002, 1.8955477E+002, 1.8447126E+002, 1.7754700E+002, 1.7684471E+002, 1.7991498E+002, 1.8877966E+002, 2.1142069E+002, 2.2663773E+002, 2.5788590E+002, 2.8016868E+002, 3.0933893E+002, 3.2397279E+002, 3.1860057E+002, 3.0629723E+002, 2.7488347E+002, 2.3950269E+002, 2.0522254E+002, 1.8427464E+002, 1.6073007E+002, 1.7074982E+002, 2.1306466E+002, 2.3322517E+002, 2.3603494E+002, 2.4213747E+002, 2.4885322E+002, 2.3773848E+002, 2.4117564E+002, 2.3598894E+002
 2.9700069E+002, 1.3323222E+002, 1.3416787E+002, 1.3694319E+002, 1.3694168E+002, 1.3575156E+002, 1.3475486E+002, 1.3308443E+002, 1.3195840E+002, 1.3038842E+002, 1.2923091E+002, 1.2701385E+002, 1.2503208E+002, 1.1755385E+002, 1.0860982E+002, 1.1153518E+002, 1.2011175E+002, 1.2323506E+002, 1.2294722E+002, 1.2064370E+002, 1.1966651E+002, 1.2022036E+002, 1.2165186E+002, 1.2387071E+002, 1.2470263E+002, 1.2402450E+002, 1.2258935E+002, 1.2025711E+002, 1.1902167E+002, 1.1828318E+002, 1.1791633E+002, 1.1675213E+002, 1.1540971E+002, 1.1138434E+002, 1.0690129E+002, 1.0305038E+002, 1.0680362E+002, 1.0926713E+002, 1.0864512E+002, 1.2746569E+002, 1.4657923E+002, 1.5413714E+002, 1.5533299E+002, 1.5569899E+002, 1.5673207E+002, 1.5865942E+002, 1.5922880E+002, 1.5858265E+002, 1.5653867E+002, 1.5220757E+002, 1.4923830E+002, 1.4494156E+002, 1.4187873E+002, 1.3716588E+002, 1.3440663E+002, 1.4437683E+002, 1.6509507E+002, 1.8737167E+002, 1.8909670E+002, 1.9246837E+002, 1.9292595E+002, 1.8985447E+002, 1.8531230E+002, 1.7796151E+002, 1.7451940E+002, 1.7066762E+002, 1.6988367E+002, 1.7207977E+002, 1.7645960E+002, 1.8743404E+002, 1.9601795E+002, 2.1634697E+002, 2.3090533E+002, 2.4641470E+002, 2.5776169E+002, 2.6402136E+002, 2.6287101E+002, 2.4536011E+002, 2.3052664E+002, 2.0913390E+002, 1.9917332E+002, 1.8604387E+002, 1.7749903E+002, 1.6797911E+002, 1.6854864E+002, 1.9600840E+002, 2.2068388E+002, 2.4353288E+002, 2.4817201E+002, 2.5875587E+002, 2.7411934E+002, 3.4903625E+002, 4.2435080E+002, 5.2677112E+002, 6.2213610E+002, 6.1210474E+002, 5.7751310E+002, 6.4081735E+002, 6.6100143E+002, 5.0182118E+002, 4.3518942E+002, 4.0960857E+002, 4.8192258E+002, 3.8425667E+002, 3.4816250E+002, 3.6650760E+002, 3.3784835E+002, 3.0147919E+002, 3.1440759E+002, 2.4379052E+002, 2.5971703E+002, 2.6048550E+002, 2.3157256E+002, 2.0117394E+002, 1.7804805E+002, 1.7320963E+002, 1.7012841E+002, 1.6924701E+002, 1.7379942E+002, 2.0549645E+002, 2.0500015E+002, 2.0533041E+002, 2.0727312E+002, 2.0871964E+002, 2.0874445E+002, 2.0819481E+002, 2.0788619E+002, 2.0615412E+002, 2.0492196E+002, 2.0525502E+002, 2.0739304E+002, 2.1110286E+002, 2.1304068E+002, 2.1346055E+002, 2.0967531E+002, 1.9166307E+002, 1.8147709E+002, 1.8047152E+002, 1.8307931E+002, 1.8378012E+002, 1.8322769E+002, 1.8312111E+002, 1.8180861E+002, 1.7123836E+002, 1.5903347E+002, 1.4326742E+002, 1.3092541E+002, 1.7557863E+002, 1.8882948E+002, 1.9584348E+002, 1.9672028E+002, 1.9653259E+002, 1.9580521E+002, 1.9407570E+002, 1.9254612E+002, 1.8987292E+002, 1.8773872E+002, 1.8350300E+002, 1.8381967E+002, 1.7411265E+002, 1.8214734E+002, 1.3873686E+002, 1.4030925E+002, 1.4125138E+002, 1.4088099E+002, 1.3939466E+002, 1.3823499E+002, 1.3636773E+002, 1.3511871E+002, 1.3364905E+002, 1.3260958E+002, 1.2942854E+002, 1.2520389E+002, 1.1637695E+002, 1.1477383E+002, 1.2725805E+002, 1.3275253E+002, 1.3609791E+002, 1.3541265E+002, 1.2982210E+002, 1.2559366E+002, 1.2179342E+002, 1.2161938E+002, 1.2265641E+002, 1.2443422E+002, 1.2597273E+002, 1.2539751E+002, 1.2391897E+002, 1.2307389E+002, 1.2149831E+002, 1.2074273E+002, 1.2013461E+002, 1.1934314E+002, 1.1611716E+002, 1.1167996E+002, 1.0975345E+002, 1.1355780E+002, 1.1369326E+002, 1.1335933E+002, 1.3590527E+002, 1.5695145E+002, 1.6207732E+002, 1.6212511E+002, 1.6140237E+002, 1.6117312E+002, 1.6140125E+002, 1.6179350E+002, 1.6229076E+002, 1.6183464E+002, 1.5727093E+002, 1.5332707E+002, 1.4686795E+002, 1.4212791E+002, 1.3601187E+002, 1.3435074E+002, 1.4633556E+002, 1.6730386E+002, 1.9621009E+002, 1.9904172E+002, 2.0208085E+002, 2.0323694E+002, 2.0059614E+002, 1.9559824E+002, 1.8818022E+002, 1.8388093E+002, 1.7743020E+002, 1.7384893E+002, 1.7242921E+002, 1.7592195E+002, 1.9228776E+002, 2.0371905E+002, 2.3072419E+002, 2.5525098E+002, 2.9189628E+002, 3.0728254E+002, 3.1384283E+002, 3.0963439E+002, 2.8286905E+002, 2.5452360E+002, 2.2478574E+002, 2.1059441E+002, 1.8972775E+002, 1.7891063E+002, 1.6216220E+002, 1.4912826E+002, 1.5811934E+002, 2.0515985E+002, 2.6486496E+002, 2.6597654E+002, 2.6330208E+002, 2.7210899E+002, 3.3535877E+002, 3.9918015E+002, 4.6805093E+002, 4.7847007E+002
 2.9800071E+002, 1.1602512E+002, 1.3130120E+002, 1.3271956E+002, 1.3224132E+002, 1.3048225E+002, 1.2963429E+002, 1.2890097E+002, 1.2828697E+002, 1.2651638E+002, 1.2484296E+002, 1.2112612E+002, 1.1595046E+002, 1.0046344E+002, 1.0911684E+002, 1.1920887E+002, 1.2026064E+002, 1.1872565E+002, 1.1833698E+002, 1.1946814E+002, 1.2064395E+002, 1.2220862E+002, 1.2259682E+002, 1.2201651E+002, 1.2094007E+002, 1.1897013E+002, 1.1761734E+002, 1.1662106E+002, 1.1652817E+002, 1.1570314E+002, 1.1483593E+002, 1.1253666E+002, 1.0976483E+002, 1.0289124E+002, 1.0163376E+002, 1.0858141E+002, 1.0744153E+002, 1.1606719E+002, 1.4284131E+002, 1.5045423E+002, 1.5206769E+002, 1.5121556E+002, 1.5452715E+002, 1.5614056E+002, 1.5615658E+002, 1.5494463E+002, 1.5314966E+002, 1.4850378E+002, 1.4510504E+002, 1.4128277E+002, 1.3862073E+002, 1.3437347E+002, 1.3171647E+002, 1.3907162E+002, 1.6560589E+002, 1.8234762E+002, 1.8389754E+002, 1.8962293E+002, 1.8940517E+002, 1.8305188E+002, 1.7611152E+002, 1.6900641E+002, 1.6711393E+002, 1.6565737E+002, 1.6690811E+002, 1.7270831E+002, 1.7856054E+002, 1.9204466E+002, 2.0672802E+002, 2.2718526E+002, 2.3366246E+002, 2.4183616E+002, 2.5289002E+002, 2.5664774E+002, 2.4596639E+002, 2.2529684E+002, 2.1269685E+002, 1.9552261E+002, 1.8794470E+002, 1.7618390E+002, 1.6942304E+002, 1.6308071E+002, 1.6158254E+002, 1.7056333E+002, 1.9778691E+002, 2.3247719E+002, 2.4182231E+002, 2.4676926E+002, 2.8609028E+002, 3.7341963E+002, 5.1286543E+002, 4.9307022E+002, 4.4097442E+002, 4.0025004E+002, 4.1957598E+002, 4.9371370E+002, 5.7616052E+002, 6.0147736E+002, 5.7608202E+002, 4.0283337E+002, 4.2148816E+002, 4.0802345E+002, 3.2111403E+002, 3.1698127E+002, 3.0074088E+002, 2.7152006E+002, 2.6832278E+002, 2.8648911E+002, 2.8323560E+002, 2.4005818E+002, 2.4922904E+002, 2.5173264E+002, 2.5293403E+002, 2.5040196E+002, 2.3969430E+002, 1.9480444E+002, 1.7158869E+002, 1.6710531E+002, 1.6756734E+002, 1.9903653E+002, 1.9663562E+002, 1.9756843E+002, 2.0379553E+002, 2.0830613E+002, 2.0996402E+002, 2.1123619E+002, 2.1021419E+002, 2.0822872E+002, 2.0725902E+002, 2.0595952E+002, 2.0433918E+002, 2.0133838E+002, 1.9975189E+002, 1.9999042E+002, 2.0157712E+002, 2.0418106E+002, 2.0482300E+002, 1.9706397E+002, 1.8930230E+002, 1.8249786E+002, 1.8235709E+002, 1.8143979E+002, 1.8074238E+002, 1.7886339E+002, 1.7854527E+002, 1.7150148E+002, 1.3612868E+002, 1.8007683E+002, 1.9066688E+002, 1.9209398E+002, 1.9133030E+002, 1.8995806E+002, 1.8900623E+002, 1.8764610E+002, 1.8685976E+002, 1.8618292E+002, 1.8627048E+002, 1.8651185E+002, 1.8614688E+002, 1.7450940E+002, 1.8846304E+002, 1.1634738E+002, 1.3698758E+002, 1.3756206E+002, 1.3657436E+002, 1.3472220E+002, 1.3363155E+002, 1.3256408E+002, 1.3199292E+002, 1.2995738E+002, 1.2687754E+002, 1.1888226E+002, 1.1379837E+002, 1.1685639E+002, 1.2476078E+002, 1.3077413E+002, 1.3203922E+002, 1.2830997E+002, 1.2379122E+002, 1.2124920E+002, 1.2132497E+002, 1.2207973E+002, 1.2278524E+002, 1.2315054E+002, 1.2308689E+002, 1.2258866E+002, 1.2209057E+002, 1.2065353E+002, 1.1928790E+002, 1.1796087E+002, 1.1781703E+002, 1.1660574E+002, 1.1410010E+002, 1.0844373E+002, 1.0974743E+002, 1.1395746E+002, 1.1140831E+002, 1.2761839E+002, 1.5495133E+002, 1.6030486E+002, 1.5987985E+002, 1.5905664E+002, 1.5956387E+002, 1.5918628E+002, 1.5854383E+002, 1.5787036E+002, 1.5795580E+002, 1.5430454E+002, 1.5051816E+002, 1.4506318E+002, 1.4091671E+002, 1.3459507E+002, 1.3179207E+002, 1.3957831E+002, 1.6669670E+002, 1.9357679E+002, 1.9631009E+002, 1.9983402E+002, 1.9977919E+002, 1.9309264E+002, 1.8610212E+002, 1.7951525E+002, 1.7603711E+002, 1.7097801E+002, 1.6897298E+002, 1.7244476E+002, 1.8142787E+002, 2.0025287E+002, 2.1891788E+002, 2.5405959E+002, 2.7463569E+002, 2.9039761E+002, 2.9939407E+002, 2.9871475E+002, 2.8233220E+002, 2.3761187E+002, 2.2625162E+002, 2.1361857E+002, 2.0036351E+002, 1.7883265E+002, 1.6515825E+002, 1.4840039E+002, 1.4434186E+002, 1.4443620E+002, 1.5619854E+002, 2.1038717E+002, 2.3552170E+002, 2.6297689E+002, 3.0641268E+002, 3.9311284E+002, 5.6199946E+002, 5.3465850E+002, 4.6593178E+002, 4.3848984E+002, 4.4941469E+002
 2.9901089E+002, 5.6951876E+001, 1.0592863E+002, 1.2688707E+002, 1.2653437E+002, 1.2651882E+002, 1.2658838E+002, 1.2578953E+002, 1.2414738E+002, 1.2121347E+002, 1.1891006E+002, 1.1354251E+002, 9.9985590E+001, 1.1091673E+002, 1.1677491E+002, 1.1831785E+002, 1.1758251E+002, 1.1838924E+002, 1.1923639E+002, 1.2034326E+002, 1.2060993E+002, 1.2017001E+002, 1.1935955E+002, 1.1780958E+002, 1.1670213E+002, 1.1505678E+002, 1.1473687E+002, 1.1439266E+002, 1.1387865E+002, 1.1268247E+002, 1.1124639E+002, 1.0689588E+002, 1.0166185E+002, 1.0323544E+002, 1.0753965E+002, 1.0608577E+002, 1.2902826E+002, 1.4748463E+002, 1.4896803E+002, 1.4794433E+002, 1.4906403E+002, 1.5262593E+002, 1.5252564E+002, 1.5090058E+002, 1.4908212E+002, 1.4485515E+002, 1.4135996E+002, 1.3785468E+002, 1.3568923E+002, 1.3204169E+002, 1.2955821E+002, 1.3449060E+002, 1.6170576E+002, 1.7837511E+002, 1.7803753E+002, 1.8682855E+002, 1.8649847E+002, 1.8056295E+002, 1.7304706E+002, 1.6229160E+002, 1.6152301E+002, 1.6225583E+002, 1.6566663E+002, 1.7188703E+002, 1.7820034E+002, 2.0003432E+002, 2.1681152E+002, 2.2332495E+002, 2.2860671E+002, 2.4615334E+002, 2.4988281E+002, 2.3348382E+002, 2.1982868E+002, 2.0676053E+002, 2.0121696E+002, 1.9198036E+002, 1.8432950E+002, 1.7032406E+002, 1.6290959E+002, 1.5647043E+002, 1.5486439E+002, 1.5921170E+002, 1.8127497E+002, 2.2131279E+002, 2.3012136E+002, 2.6122135E+002, 3.1560702E+002, 4.1490580E+002, 4.4547798E+002, 4.1129987E+002, 3.7454387E+002, 3.5360613E+002, 3.1276327E+002, 3.2325317E+002, 3.3150596E+002, 4.5147272E+002, 4.8226620E+002, 4.9125394E+002, 4.9805269E+002, 3.7187157E+002, 3.7016951E+002, 2.7785156E+002, 2.3963381E+002, 2.3679584E+002, 2.3464915E+002, 2.3974908E+002, 2.4115032E+002, 2.5731732E+002, 2.6775309E+002, 2.7669555E+002, 2.5873049E+002, 2.4356974E+002, 2.4668480E+002, 2.5418147E+002, 2.5689444E+002, 2.5743516E+002, 2.5436413E+002, 2.1521851E+002, 1.8800549E+002, 1.8895801E+002, 1.8326600E+002, 1.9511532E+002, 1.8914405E+002, 2.0354196E+002, 2.0448154E+002, 2.0122513E+002, 1.9922544E+002, 1.9849800E+002, 1.9931327E+002, 2.0077030E+002, 2.0136860E+002, 2.0269080E+002, 2.0316740E+002, 2.0211366E+002, 2.0041854E+002, 1.9744291E+002, 1.9568303E+002, 1.9479741E+002, 1.9567092E+002, 1.9674979E+002, 1.9565675E+002, 1.9216743E+002, 1.8755101E+002, 1.8136222E+002, 1.7669112E+002, 1.7316949E+002, 1.6834527E+002, 1.5848800E+002, 1.8019370E+002, 1.8331871E+002, 1.8338074E+002, 1.8324084E+002, 1.8314891E+002, 1.8288811E+002, 1.8256494E+002, 1.8192492E+002, 1.8139749E+002, 1.8041706E+002, 1.7962537E+002, 1.7824536E+002, 1.8060693E+002, 5.7230356E+001, 1.0540591E+002, 1.3249030E+002, 1.3211071E+002, 1.3155521E+002, 1.3150784E+002, 1.2981367E+002, 1.2737447E+002, 1.2267319E+002, 1.1839803E+002, 1.1274805E+002, 1.1060005E+002, 1.2300725E+002, 1.2810169E+002, 1.3224643E+002, 1.2691584E+002, 1.2150803E+002, 1.2133837E+002, 1.2176396E+002, 1.2199197E+002, 1.2192492E+002, 1.2167438E+002, 1.2125393E+002, 1.2098660E+002, 1.2018117E+002, 1.1895543E+002, 1.1649153E+002, 1.1576610E+002, 1.1543923E+002, 1.1474361E+002, 1.1115282E+002, 1.0751020E+002, 1.1213638E+002, 1.1247354E+002, 1.1382357E+002, 1.4440482E+002, 1.5800783E+002, 1.5813350E+002, 1.5689973E+002, 1.5732000E+002, 1.5728806E+002, 1.5623634E+002, 1.5487451E+002, 1.5377233E+002, 1.5066133E+002, 1.4773442E+002, 1.4297474E+002, 1.3958470E+002, 1.3435825E+002, 1.3135152E+002, 1.3315624E+002, 1.5859368E+002, 1.8939982E+002, 1.9296310E+002, 1.9702122E+002, 1.9629899E+002, 1.8949763E+002, 1.8280903E+002, 1.7311991E+002, 1.7084897E+002, 1.6741091E+002, 1.6720771E+002, 1.7378570E+002, 1.8506774E+002, 2.1368728E+002, 2.3940776E+002, 2.6366632E+002, 2.6918185E+002, 2.8622052E+002, 2.9205038E+002, 2.7248034E+002, 2.3774014E+002, 1.9770094E+002, 1.9431823E+002, 2.0189285E+002, 2.0136286E+002, 1.8007665E+002, 1.6602321E+002, 1.4138488E+002, 1.2589045E+002, 1.2240939E+002, 1.3647633E+002, 1.7712387E+002, 2.0802058E+002, 2.5350809E+002, 2.8211053E+002, 4.5670649E+002, 5.0849111E+002, 4.7898303E+002, 4.2672829E+002, 4.4069645E+002, 4.0380457E+002, 2.8725167E+002, 2.4896354E+002
 3.0000000E+002, 2.6076287E+001, 1.0728576E+002, 1.2089990E+002, 1.2339583E+002, 1.2398595E+002, 1.2223156E+002, 1.1934128E+002, 1.1772802E+002, 1.1518658E+002, 1.0969747E+002, 9.8790941E+001, 1.0938130E+002, 1.1691073E+002, 1.1738272E+002, 1.1774752E+002, 1.1822837E+002, 1.1875697E+002, 1.1882019E+002, 1.1834295E+002, 1.1768694E+002, 1.1637152E+002, 1.1542295E+002, 1.1400296E+002, 1.1318943E+002, 1.1265491E+002, 1.1236341E+002, 1.1159806E+002, 1.1076626E+002, 1.0809306E+002, 1.0421188E+002, 9.9485397E+001, 1.0305975E+002, 1.0853703E+002, 1.2616673E+002, 1.4373255E+002, 1.4641080E+002, 1.4627504E+002, 1.4675014E+002, 1.4893731E+002, 1.4900913E+002, 1.4722672E+002, 1.4508491E+002, 1.4010439E+002, 1.3642640E+002, 1.3311813E+002, 1.3134970E+002, 1.2846352E+002, 1.2966390E+002, 1.5039987E+002, 1.6417635E+002, 1.7560418E+002, 1.7934421E+002, 1.8240030E+002, 1.8149324E+002, 1.7541887E+002, 1.6836092E+002, 1.5858581E+002, 1.5768961E+002, 1.6156313E+002, 1.6563189E+002, 1.7705925E+002, 1.8906830E+002, 2.0591930E+002, 2.1209621E+002, 2.2011335E+002, 2.2717970E+002, 2.2744465E+002, 2.1962113E+002, 2.0424971E+002, 1.9631776E+002, 1.9028292E+002, 1.8816315E+002, 1.8358047E+002, 1.7816204E+002, 1.6601684E+002, 1.5786019E+002, 1.5057602E+002, 1.5018328E+002, 1.7564518E+002, 1.9488808E+002, 2.3912975E+002, 2.8711144E+002, 3.3989911E+002, 3.6657360E+002, 3.7848374E+002, 3.7191205E+002, 3.6617725E+002, 3.6041685E+002, 3.1127236E+002, 2.8877950E+002, 2.7668721E+002, 2.8710512E+002, 3.1459053E+002, 3.9757061E+002, 4.2867218E+002, 4.5201313E+002, 4.4880101E+002, 3.5572489E+002, 3.1236417E+002, 2.3162715E+002, 2.3602129E+002, 2.4570360E+002, 2.5507705E+002, 2.5990186E+002, 2.4061495E+002, 2.2068492E+002, 2.3242262E+002, 2.4676157E+002, 2.4772089E+002, 2.2653416E+002, 2.2537813E+002, 2.3516116E+002, 2.5107733E+002, 2.5332399E+002, 2.5736094E+002, 2.5351940E+002, 2.5337376E+002, 2.4900774E+002, 2.3182485E+002, 2.0627749E+002, 1.8812748E+002, 1.7955889E+002, 1.9364569E+002, 1.9064536E+002, 1.8935694E+002, 1.8990964E+002, 1.9223355E+002, 1.9293247E+002, 1.9143548E+002, 1.8989786E+002, 1.8913351E+002, 1.9032705E+002, 1.9352548E+002, 1.9587737E+002, 1.9900030E+002, 2.0024089E+002, 1.9927179E+002, 1.9672842E+002, 1.9196604E+002, 1.8949801E+002, 1.8999751E+002, 1.9309772E+002, 1.9726151E+002, 1.9515788E+002, 1.8421034E+002, 1.7366941E+002, 1.5542080E+002, 1.5351115E+002, 1.7339917E+002, 1.7650451E+002, 1.7729465E+002, 1.7719425E+002, 1.7643403E+002, 1.7610948E+002, 1.7612914E+002, 1.7630290E+002, 1.7727353E+002, 1.7847235E+002, 1.8041591E+002, 1.7968627E+002, 2.3768848E+001, 1.1445932E+002, 1.2838007E+002, 1.2951691E+002, 1.2841954E+002, 1.2555822E+002, 1.2242885E+002, 1.2100311E+002, 1.1520887E+002, 1.0962342E+002, 1.1213217E+002, 1.2268857E+002, 1.2813347E+002, 1.2707919E+002, 1.2368730E+002, 1.2215013E+002, 1.2165447E+002, 1.2149393E+002, 1.2101717E+002, 1.2062250E+002, 1.2006095E+002, 1.1976686E+002, 1.1898010E+002, 1.1794336E+002, 1.1585176E+002, 1.1461104E+002, 1.1383240E+002, 1.1329202E+002, 1.1144013E+002, 1.0896650E+002, 1.0873756E+002, 1.1034191E+002, 1.1843201E+002, 1.3833664E+002, 1.5455317E+002, 1.5565547E+002, 1.5506352E+002, 1.5477054E+002, 1.5448849E+002, 1.5308547E+002, 1.5063656E+002, 1.4961070E+002, 1.4645454E+002, 1.4306407E+002, 1.3843669E+002, 1.3546499E+002, 1.3151711E+002, 1.3034137E+002, 1.4706662E+002, 1.6615235E+002, 1.8562559E+002, 1.9086500E+002, 1.9165737E+002, 1.8961081E+002, 1.8419224E+002, 1.7869932E+002, 1.6792231E+002, 1.6560642E+002, 1.6559793E+002, 1.6842204E+002, 1.8318408E+002, 2.0387848E+002, 2.3466436E+002, 2.4982234E+002, 2.6485882E+002, 2.7135695E+002, 2.7195804E+002, 2.5410455E+002, 2.1767788E+002, 1.9451783E+002, 1.7120074E+002, 1.6844466E+002, 1.8190384E+002, 1.8498483E+002, 1.7664711E+002, 1.6498477E+002, 1.4500016E+002, 1.3628707E+002, 1.4291272E+002, 1.5904339E+002, 2.0227132E+002, 2.6435518E+002, 3.1644362E+002, 3.2193279E+002, 3.3578353E+002, 3.0157423E+002, 3.8316117E+002, 3.8538934E+002, 3.5039390E+002, 3.0495202E+002, 3.1425187E+002, 3.4926824E+002, 2.9096421E+002, 2.8989354E+002
